0.0001	2.981317363999377	-0.42973241198373996
0.0002	2.9736467419053856	-0.4319357093590243
0.00030000000000000003	2.9677875777818197	-0.4336263588976232
0.0004	2.9628659817806318	-0.43505164238909233
0.0005	2.9585434745298222	-0.4363073423527395
0.0006000000000000001	2.95464647031579	-0.43744258189579865
0.0007	2.9510718554156803	-0.43848654239720347
0.0008	2.947752448216427	-0.4394582371396609
0.0009000000000000001	2.9446415860629034	-0.44037087279444487
0.001	2.9417052955040828	-0.4412340650585219
0.0011	2.938917930340824	-0.4420550730063915
0.0012000000000000001	2.9362595668123754	-0.4428395362168588
0.0013000000000000002	2.933714361220979	-0.44359193955089266
0.0014	2.931269468062126	-0.444315919316527
0.0015	2.9289143012138528	-0.4450144723529577
0.0016	2.926640013914553	-0.4456901031997972
0.0017000000000000001	2.924439123195401	-0.44634493038665257
0.0018000000000000002	2.922305232555534	-0.44698076492029776
0.0019	2.9202328231851844	-0.44759916937272765
0.002	2.9182170941001324	-0.448201503127091
0.0021000000000000003	2.9162538378715803	-0.4487889575498256
0.0022	2.9143393427189053	-0.44936258370178456
0.0023	2.912470314436026	-0.4499233144361401
0.0024000000000000002	2.9106438134512826	-0.45047198221321
0.0025	2.9088572035829365	-0.4510093336051497
0.0026000000000000003	2.9071081099389455	-0.4515360412125757
0.0027	2.9053943840424163	-0.45205271353609433
0.0028	2.9037140747224974	-0.45255990321601924
0.0029000000000000002	2.902065403646887	-0.4530581139583312
0.003	2.9004467446222137	-0.45354780639417636
0.0031000000000000003	2.8988566059765	-0.4540294030669907
0.0032	2.897293615480744	-0.4545032927009346
0.0033	2.8957565073761806	-0.45496983387330436
0.0034000000000000002	2.8942441111586144	-0.455429358189596
0.0035	2.892755341837437	-0.4558821730411419
0.0036000000000000003	2.8912891914390575	-0.4563285640105022
0.0037	2.889844721565783	-0.4567687969780883
0.0038	2.8884210568542272	-0.4572031199741604
0.0039000000000000003	2.8870173792037845	-0.45763176481283335
0.004	2.8856329226672237	-0.4580549485386563
0.0041	2.884266968912839	-0.4584728747113895
0.004200000000000001	2.8829188431819266	-0.4588857345505637
0.0043	2.8815879106770605	-0.45929370795808416
0.0044	2.8802735733263556	-0.45969696443439584
0.0045000000000000005	2.8789752668769584	-0.460095663901443
0.0046	2.8776924582777292	-0.46048995744376087
0.0047	2.8764246433167084	-0.46087998797743496
0.0048000000000000004	2.8751713444836966	-0.46126589085532993
0.0049	2.873932109032271	-0.4616477944158545
0.005	2.8727065072189606	-0.4620258204815712
0.0051	2.871494130700175	-0.4624000848131408
0.005200000000000001	2.870294591069965	-0.46277069752339817
0.0053	2.869107518523757	-0.46313776345575536
0.0054	2.8679325606350745	-0.46350138253062106
0.0055000000000000005	2.8667693812337665	-0.4638616500630755
0.0056	2.8656176593756415	-0.4642186570546663
0.0057	2.864477088394566	-0.46457249046185656
0.0058000000000000005	2.863347375029103	-0.4649232334433641
0.0059	2.8622282386166416	-0.46527096558839365
0.006	2.8611194103487687	-0.4656157631275276
0.0061	2.8600206325822684	-0.4659576991278641
0.006200000000000001	2.858931658200764	-0.4662968436738156
0.0063	2.8578522500225287	-0.466633264034835
0.0064	2.8567821802504447	-0.46696702482120694
0.006500000000000001	2.8557212299604946	-0.46729818812892543
0.0066	2.8546691886255524	-0.4676268136745779
0.0067	2.85362585367153	-0.4679529589210673
0.0068000000000000005	2.8525910300632304	-0.46827667919491783
0.006900000000000001	2.8515645299175296	-0.46859802779584747
0.007	2.8505461721416916	-0.4689170560992177
0.0071	2.8495357820948684	-0.4692338136519207
0.007200000000000001	2.8485331912709873	-0.46954834826220804
0.0073	2.847538237001393	-0.4698607060839256
0.0074	2.8465507621757697	-0.4701709316955721
0.007500000000000001	2.845570614979976	-0.47047906817456564
0.0076	2.8445976486495717	-0.4707851571670678
0.0077	2.843631721237891	-0.4710892389536886
0.0078000000000000005	2.8426726953976336	-0.47139135251136033
0.0079	2.84172043817502	-0.4716915355716562
0.008	2.8407748208156396	-0.4719898246757947
0.0081	2.8398357185811904	-0.4722862552265593
0.0082	2.8389030105763737	-0.47258086153734447
0.0083	2.8379765795852596	-0.4728736768785156
0.008400000000000001	2.8370563119165078	-0.47316473352126387
0.0085	2.8361420972568494	-0.47345406277911833
0.0086	2.8352338285323166	-0.4737416950472669
0.008700000000000001	2.8343314017767054	-0.474027659839825
0.0088	2.833434716006833	-0.4743119858251816
0.0089	2.8325436731041527	-0.47459470085954414
0.009000000000000001	2.831658177702345	-0.47487583201879074
0.0091	2.8307781370805136	-0.475155405628734
0.0092	2.82990346106165	-0.47543344729389275
0.009300000000000001	2.829034061916054	-0.4757099819248613
0.0094	2.828169854269416	-0.4759850337643545
0.0095	2.827310755015291	-0.4762586264120125
0.009600000000000001	2.8264566832317084	-0.4765307828480324
0.0097	2.825607560101684	-0.4768015254556938
0.0098	2.8247633088374084	-0.47707087604284476
0.0099	2.823923854607911	-0.4773388558623998
0.01	2.8230891244700054	-0.4776054856319119
0.010100000000000001	2.8222590473023366	-0.4778707855522639
0.0102	2.8214335537423585	-0.47813477532552995
0.0103	2.8206125761260856	-0.47839747417205086
0.010400000000000001	2.819796048430479	-0.4786589008467637
0.0105	2.818983906218306	-0.4789190736548291
0.0106	2.8181760865853756	-0.47917801046658864
0.010700000000000001	2.8173725281099955	-0.47943572873188783
0.0108	2.81657317080456	-0.4796922454938012
0.0109	2.815777956069143	-0.47994757740178345
0.011000000000000001	2.814986826647016	-0.48020174072428085
0.0111	2.814199726581964	-0.4804547513608273
0.0112	2.8134166011773485	-0.48070662485365095
0.011300000000000001	2.812637396956799	-0.4809573763988154
0.0114	2.8118620616264716	-0.48120702085691963
0.0115	2.811090544038793	-0.4814555727633735
0.011600000000000001	2.8103227941576283	-0.48170304633827504
0.0117	2.809558763024783	-0.48194945549590334
0.0118	2.8087984027278075	-0.482194813853849
0.0119	2.808041666369016	-0.4824391347417941
0.012	2.80728850803568	-0.482682431209965
0.012100000000000001	2.8065388827713367	-0.4829247160372642
0.0122	2.8057927465481636	-0.48316600173910446
0.0123	2.805050056240367	-0.4834063005749516
0.012400000000000001	2.804310769598549	-0.4836456245555939
0.0125	2.803574845224997	-0.4838839854501465
0.0126	2.8028422425498625	-0.4841213947928059
0.012700000000000001	2.8021129218081957	-0.48435786388936225
0.0128	2.8013868440177854	-0.48459340382348154
0.0129	2.800663970957775	-0.48482802546276854
0.013000000000000001	2.7999442651480373	-0.48506173946461717
0.0131	2.799227689829242	-0.4852945562818597
0.0132	2.798514208943624	-0.4855264861682215
0.013300000000000001	2.7978037871163997	-0.4857575391835906
0.0134	2.7970963896378076	-0.48598772519911015
0.0135	2.7963919824457615	-0.486217053902098
0.013600000000000001	2.7956905321090666	-0.48644553480080444
0.0137	2.794992005811206	-0.48667317722901327
0.013800000000000002	2.794296371334645	-0.48689999035048875
0.013900000000000001	2.7936035970456596	-0.4871259831632823
0.014	2.7929136518796422	-0.4873511645038962
0.014100000000000001	2.7922265053268918	-0.4875755430513157
0.0142	2.7915421274188454	-0.48779912733091263
0.0143	2.7908604887147566	-0.48802192571822484
0.014400000000000001	2.7901815602887825	-0.4882439464426168
0.0145	2.789505313717482	-0.4884651975908265
0.0146	2.788831721067695	-0.48868568711040306
0.014700000000000001	2.7881607548847995	-0.48890542281303684
0.0148	2.7874923881813256	-0.48912441237778914
0.0149	2.786826594425917	-0.4893426633542237
0.015000000000000001	2.7861633475326206	-0.48956018316544364
0.0151	2.7855026218505055	-0.48977697911103624
0.0152	2.784844392153583	-0.4899930583699333
0.015300000000000001	2.7841886336310293	-0.4902084280031829
0.0154	2.783535321877692	-0.490423094956643
0.0155	2.7828844328848796	-0.49063706606359414
0.015600000000000001	2.7822359430314116	-0.4908503480472792
0.015700000000000002	2.7815898290749295	-0.4910629475233664
0.0158	2.7809460681434564	-0.4912748710023444
0.0159	2.7803046377271983	-0.4914861248918497
0.016	2.7796655156705747	-0.4916967154989252
0.0161	2.7790286801644717	-0.49190664903221853
0.0162	2.778394109738718	-0.49211593160411826
0.016300000000000002	2.777761783254763	-0.4923245692328288
0.0164	2.7771316798985595	-0.4925325678443914
0.0165	2.77650377917364	-0.4927399332746467
0.0166	2.775878060894388	-0.49294667127114633
0.0167	2.77525450517948	-0.49315278749501107
0.016800000000000002	2.7746330924455163	-0.49335828752273975
0.016900000000000002	2.774013803400812	-0.49356317684796913
0.017	2.7733966190393615	-0.49376746088318874
0.0171	2.7727815206349566	-0.4939711449614079
0.0172	2.772168489735462	-0.49417423433778074
0.0173	2.771557508157241	-0.49437673419118755
0.017400000000000002	2.7709485579797217	-0.49457864962577747
0.0175	2.770341621540114	-0.4947799856724668
0.0176	2.769736681428248	-0.49498074729040376
0.0177	2.7691337204815554	-0.4951809393683935
0.0178	2.768532721780172	-0.4953805667262862
0.0179	2.7679336686421716	-0.4955796341163314
0.018000000000000002	2.7673365446189107	-0.49577814622449823
0.0181	2.7667413334904905	-0.49597610767176264
0.0182	2.7661480192613417	-0.4961735230153616
0.0183	2.7655565861559066	-0.4963703967500181
0.0184	2.764967018614432	-0.49656673330913437
0.018500000000000003	2.7643793012888676	-0.4967625370659574
0.018600000000000002	2.7637934190388567	-0.49695781233471575
0.0187	2.7632093569278324	-0.49715256337172714
0.0188	2.762627100219203	-0.49734679437648255
0.0189	2.762046634372629	-0.49754050949270195
0.019	2.7614679450403874	-0.4977337128093662
0.019100000000000002	2.7608910180638278	-0.497926408361723
0.019200000000000002	2.7603158394699023	-0.49811860013227255
0.0193	2.7597423954677893	-0.49831029205172467
0.0194	2.7591706724455825	-0.4985014879999397
0.0195	2.7586006569670642	-0.49869219180684327
0.0196	2.7580323357685583	-0.49888240725332156
0.019700000000000002	2.7574656957558394	-0.49907213807209627
0.0198	2.75690072400113	-0.49926138794857855
0.0199	2.7563374077401535	-0.49945016052170554
0.02	2.7557757343692617	-0.499638459384755
0.0201	2.7552156914426194	-0.499826288086145
0.020200000000000003	2.754657266669462	-0.5000136501302135
0.020300000000000002	2.754100447911403	-0.5002005489779802
0.0204	2.7535452231798083	-0.5003869880478944
0.0205	2.7529915806332306	-0.5005729707165627
0.0206	2.752439508574889	-0.5007585003194637
0.0207	2.7518889954502153	-0.5009435801516455
0.020800000000000003	2.7513400298444486	-0.5011282134684087
0.020900000000000002	2.750792600480282	-0.501312403485974
0.021	2.75024669621556	-0.5014961533821356
0.0211	2.749702306041026	-0.5016794662969026
0.0212	2.749159419078117	-0.5018623453331232
0.0213	2.748618024576804	-0.5020447935570982
0.021400000000000002	2.7480781119134856	-0.5022268139991808
0.021500000000000002	2.747539670588912	-0.5024084096543638
0.0216	2.7470026902261644	-0.5025895834828547
0.0217	2.7464671605686695	-0.5027703384106388
0.0218	2.745933071478263	-0.50295067733003
0.0219	2.7454004129332836	-0.5031306031002112
0.022000000000000002	2.7448691750267105	-0.5033101185477635
0.0221	2.7443393479643414	-0.5034892264671837
0.0222	2.743810922063004	-0.5036679296213921
0.0223	2.7432838877488064	-0.5038462307422298
0.0224	2.742758235555418	-0.5040241325309456
0.022500000000000003	2.7422339561223894	-0.5042016376586741
0.022600000000000002	2.7417110401935094	-0.5043787487669035
0.0227	2.7411894786151834	-0.5045554684679334
0.0228	2.7406692623348547	-0.5047317993453255
0.0229	2.7401503823994506	-0.5049077439543438
0.023	2.7396328299538637	-0.5050833048223863
0.023100000000000002	2.7391165962394597	-0.5052584844494088
0.023200000000000002	2.738601672592612	-0.5054332853083409
0.0233	2.738088050443273	-0.5056077098454921
0.0234	2.7375757213135645	-0.5057817604809519
0.0235	2.7370646768163978	-0.505955439608982
0.0236	2.7365549086541225	-0.5061287495984002
0.023700000000000002	2.7360464086172023	-0.5063016927929562
0.0238	2.7355391685829047	-0.5064742715117034
0.0239	2.7350331805140335	-0.5066464880493604
0.024	2.7345284364576687	-0.5068183446766679
0.0241	2.7340249285439393	-0.5069898436407367
0.024200000000000003	2.7335226489848177	-0.5071609871653917
0.024300000000000002	2.7330215900729327	-0.5073317774515079
0.0244	2.732521744180411	-0.5075022166773409
0.0245	2.73202310375773	-0.5076723069988502
0.0246	2.7315256613326055	-0.5078420505500184
0.0247	2.7310294095088845	-0.5080114494431631
0.024800000000000003	2.730534340965473	-0.5081805057692437
0.024900000000000002	2.730040448455272	-0.5083492215981622
0.025	2.7295477248041347	-0.5085175989790595
0.0251	2.7290561629098504	-0.5086856399406052
0.0252	2.728565755741136	-0.5088533464912826
0.0253	2.728076496336651	-0.50902072061967
0.025400000000000002	2.727588377804033	-0.5091877642947147
0.025500000000000002	2.7271013933189407	-0.5093544794660028
0.0256	2.726615536124124	-0.5095208680640264
0.0257	2.726130799528505	-0.5096869320004431
0.0258	2.7256471769062753	-0.5098526731683324
0.025900000000000003	2.72516466169601	-0.5100180934424476
0.026000000000000002	2.7246832473997986	-0.5101831946794635
0.0261	2.7242029275823882	-0.5103479787182187
0.0262	2.7237236958703432	-0.510512447379956
0.0263	2.723245545951217	-0.5106766024685561
0.0264	2.7227684715727425	-0.5108404457707685
0.026500000000000003	2.7222924665420325	-0.5110039790564385
0.026600000000000002	2.721817524724793	-0.5111672040787308
0.0267	2.7213436400445556	-0.5113301225743481
0.0268	2.7208708064819143	-0.511492736263747
0.0269	2.7203990180737843	-0.5116550468513501
0.027	2.7199282689126654	-0.5118170560257538
0.027100000000000003	2.7194585531459197	-0.5119787654599341
0.027200000000000002	2.7189898649750677	-0.512140176811448
0.0273	2.7185221986550863	-0.5123012917226308
0.0274	2.7180555484937226	-0.5124621118207924
0.0275	2.7175899088508233	-0.512622638718408
0.027600000000000003	2.7171252741376684	-0.5127828740133074
0.027700000000000002	2.7166616388163156	-0.5129428192888603
0.027800000000000002	2.7161989973989646	-0.5131024761141587
0.0279	2.7157373444473203	-0.5132618460441971
0.028	2.715276674571971	-0.5134209306200481
0.0281	2.7148169824317816	-0.5135797313690376
0.028200000000000003	2.7143582627332865	-0.5137382498049143
0.028300000000000002	2.713900510230099	-0.5138964874280203
0.0284	2.7134437197223304	-0.5140544457254539
0.0285	2.7129878860560144	-0.5142121261712354
0.0286	2.712533004122542	-0.5143695302264657
0.0287	2.712079068858109	-0.514526659339485
0.028800000000000003	2.7116260752431662	-0.5146835149460285
0.028900000000000002	2.7111740183018815	-0.5148400984693788
0.029	2.7107228931016105	-0.5149964113205173
0.0291	2.710272694752373	-0.5151524548982722
0.0292	2.709823418406346	-0.5153082305894638
0.029300000000000003	2.7093750592573462	-0.5154637397690498
0.029400000000000003	2.708927612540344	-0.5156189838002658
0.029500000000000002	2.708481073530964	-0.5157739640347654
0.0296	2.7080354375450075	-0.5159286818127568
0.0297	2.7075906999379753	-0.5160831384631382
0.0298	2.7071468561045995	-0.5162373353036318
0.029900000000000003	2.706703901478381	-0.5163912736409135
0.030000000000000002	2.7062618315311378	-0.5165449547707436
0.030100000000000002	2.7058206417725525	-0.5166983799780928
0.0302	2.7053803277497406	-0.5168515505372684
0.0303	2.7049408850468053	-0.5170044677120373
0.0304	2.704502309284418	-0.5171571327557482
0.030500000000000003	2.704064596119392	-0.5173095469114504
0.030600000000000002	2.70362774124427	-0.517461711412013
0.0307	2.7031917403869135	-0.517613627480241
0.0308	2.7027565893101015	-0.5177652963289896
0.0309	2.7023222838111303	-0.5179167191612768
0.031	2.701888819721424	-0.518067897170396
0.031100000000000003	2.7014561929061487	-0.5182188315400249
0.031200000000000002	2.7010243992638325	-0.5183695234443331
0.0313	2.700593434725989	-0.5185199740480901
0.031400000000000004	2.700163295256751	-0.518670184506769
0.0315	2.6997339768525035	-0.5188201559666505
0.0316	2.699305475541526	-0.5189698895649251
0.0317	2.69887778738364	-0.5191193864297942
0.0318	2.698450908469858	-0.5192686476805676
0.031900000000000005	2.698024834922043	-0.519417674427763
0.032	2.6975995628925653	-0.5195664677732019
0.032100000000000004	2.6971750885639723	-0.5197150288101043
0.0322	2.696751408148656	-0.5198633586231826
0.0323	2.6963285178885315	-0.5200114582887339
0.0324	2.6959064140547127	-0.5201593288747313
0.0325	2.6954850929472	-0.520306971440914
0.032600000000000004	2.695064550894567	-0.5204543870388753
0.0327	2.6946447842536543	-0.5206015767121501
0.0328	2.694225789409264	-0.5207485414963016
0.0329	2.6938075627738653	-0.520895282419006
0.033	2.693390100787295	-0.5210418005001363
0.033100000000000004	2.6929733999164704	-0.5211880967518443
0.0332	2.692557456655102	-0.5213341721786438
0.0333	2.692142267523408	-0.5214800277774898
0.0334	2.6917278290678377	-0.5216256645378583
0.0335	2.691314137860798	-0.5217710834418247
0.033600000000000005	2.690901190500377	-0.5219162854641404
0.0337	2.6904889836100803	-0.5220612715723096
0.033800000000000004	2.690077513838563	-0.5222060427266655
0.0339	2.6896667778593732	-0.5223505998804419
0.034	2.6892567723706917	-0.5224949439798492
0.0341	2.688847494095078	-0.522639075964145
0.0342	2.6884389397792208	-0.5227829967657062
0.034300000000000004	2.6880311061936912	-0.5229267073100983
0.0344	2.687623990132696	-0.5230702085161465
0.0345	2.6872175884138407	-0.5232135012960024
0.0346	2.6868118978778877	-0.5233565865552132
0.0347	2.6864069153885244	-0.5234994651927879
0.034800000000000005	2.6860026378321327	-0.5236421381012624
0.0349	2.685599062117555	-0.5237846061667661
0.035	2.6851961851758754	-0.5239268702690849
0.0351	2.6847940039601927	-0.524068931281725
0.0352	2.684392515445401	-0.5242107900719757
0.035300000000000005	2.683991716627974	-0.5243524475009704
0.0354	2.683591604525749	-0.5244939044237484
0.035500000000000004	2.683192176177718	-0.5246351616893152
0.0356	2.682793428643816	-0.5247762201407009
0.0357	2.682395359004714	-0.52491708061502
0.0358	2.681997964361622	-0.5250577439435289
0.0359	2.6816012418360784	-0.5251982109516831
0.036000000000000004	2.6812051885697583	-0.5253384824591938
0.0361	2.6808098017242754	-0.5254785592800839
0.0362	2.6804150784809875	-0.5256184422227421
0.0363	2.680021016040808	-0.5257581320899793
0.0364	2.679627611624011	-0.5258976296790805
0.036500000000000005	2.679234862470054	-0.5260369357818582
0.0366	2.678842765837386	-0.5261760511847065
0.0367	2.6784513190032673	-0.5263149766686501
0.0368	2.678060519263592	-0.5264537130093985
0.0369	2.6776703639327097	-0.5265922609773934
0.037000000000000005	2.6772808503432475	-0.5267306213378613
0.0371	2.6768919758459413	-0.5268687948508617
0.037200000000000004	2.676503737809461	-0.5270067822713354
0.0373	2.676116133620243	-0.5271445843491531
0.0374	2.675729160682321	-0.5272822018291631
0.0375	2.6753428164171678	-0.5274196354512383
0.0376	2.674957098263523	-0.5275568859503215
0.037700000000000004	2.674572003677237	-0.5276939540564731
0.0378	2.6741875301311144	-0.5278308404949157
0.0379	2.67380367511475	-0.5279675459860771
0.038	2.6734204361343785	-0.5281040712456375
0.0381	2.67303781071272	-0.5282404169845711
0.038200000000000005	2.6726557963888276	-0.5283765839091897
0.0383	2.672274390717937	-0.5285125727211867
0.038400000000000004	2.6718935912713198	-0.528648384117677
0.0385	2.6715133956361368	-0.5287840187912409
0.0386	2.671133801415291	-0.5289194774299637
0.038700000000000005	2.6707548062272894	-0.5290547607174773
0.0388	2.670376407706096	-0.5291898693330004
0.038900000000000004	2.6699986035009955	-0.5293248039513775
0.039	2.669621391276455	-0.5294595652431193
0.0391	2.669244768711986	-0.5295941538744416
0.0392	2.6688687335020123	-0.529728570507302
0.0393	2.6684932833557324	-0.5298628157994398
0.039400000000000004	2.668118415996992	-0.5299968904044131
0.0395	2.6677441291641495	-0.5301307949716354
0.0396	2.667370420609952	-0.5302645301464121
0.0397	2.666997288101403	-0.5303980965699779
0.0398	2.6666247294196395	-0.5305314948795321
0.039900000000000005	2.6662527423598066	-0.5306647257082735
0.04	2.6658813247309348	-0.5307977896854362
0.040100000000000004	2.6655104743558167	-0.530930687436324
0.0402	2.6651401890708892	-0.5310634195823449
0.0403	2.664770466726112	-0.5311959867410446
0.040400000000000005	2.664401305184852	-0.5313283895261403
0.0405	2.6640327023237655	-0.5314606285475538
0.040600000000000004	2.6636646560326835	-0.5315927044114439
0.0407	2.6632971642144976	-0.5317246177202402
0.0408	2.662930224785048	-0.531856369072673
0.0409	2.662563835673014	-0.5319879590638064
0.041	2.6621979948197985	-0.53211938828507
0.041100000000000005	2.661832700179425	-0.5322506573242887
0.0412	2.6614679497184275	-0.5323817667657142
0.0413	2.6611037414157415	-0.5325127171900554
0.0414	2.6607400732626054	-0.5326435091745076
0.0415	2.660376943262448	-0.5327741432927833
0.041600000000000005	2.660014349430792	-0.5329046201151401
0.0417	2.65965228979515	-0.5330349402084111
0.041800000000000004	2.6592907623949196	-0.5331651041360344
0.0419	2.658929765281292	-0.5332951124580777
0.042	2.658569296517146	-0.5334249657312711
0.042100000000000005	2.658209354176953	-0.5335546645090317
0.0422	2.6578499363466817	-0.5336842093414925
0.042300000000000004	2.6574910411237	-0.5338136007755301
0.0424	2.6571326666166817	-0.5339428393547896
0.0425	2.656774810945514	-0.5340719256197134
0.0426	2.6564174722412046	-0.5342008601075658
0.0427	2.6560606486457874	-0.5343296433524614
0.042800000000000005	2.655704338312235	-0.5344582758853882
0.0429	2.6553485394043697	-0.534586758234235
0.043000000000000003	2.6549932500967692	-0.534715090923816
0.0431	2.6546384685746878	-0.534843274475896
0.0432	2.654284193033961	-0.5349713094092148
0.043300000000000005	2.653930421680924	-0.5350991962395124
0.0434	2.653577152732326	-0.5352269354795527
0.043500000000000004	2.653224384415247	-0.5353545276391473
0.0436	2.6528721149670114	-0.5354819732251792
0.0437	2.6525203426351083	-0.535609272741628
0.0438	2.6521690656771093	-0.5357364266895903
0.0439	2.6518182823605874	-0.5358634355673046
0.044000000000000004	2.651467990963037	-0.5359902998701742
0.0441	2.6511181897717964	-0.5361170200907888
0.0442	2.6507688770839657	-0.5362435967189467
0.0443	2.650420051206334	-0.5363700302416785
0.0444	2.650071710455298	-0.5364963211432672
0.044500000000000005	2.6497238531567913	-0.5366224699052704
0.0446	2.649376477646206	-0.5367484770065418
0.044700000000000004	2.6490295822683163	-0.5368743429232534
0.0448	2.6486831653772094	-0.5370000681289142
0.0449	2.6483372253362103	-0.5371256530943933
0.045000000000000005	2.64799176051781	-0.5372510982879388
0.0451	2.647646769303593	-0.5373764041751994
0.045200000000000004	2.6473022500841683	-0.5375015712192435
0.0453	2.646958201259098	-0.5376265998805805
0.0454	2.646614621236828	-0.5377514906171788
0.0455	2.646271508434621	-0.5378762438844868
0.0456	2.645928861278487	-0.538000860135452
0.045700000000000005	2.6455866782031148	-0.5381253398205395
0.0458	2.6452449576518093	-0.5382496833877519
0.0459	2.644903698076422	-0.5383738912826475
0.046	2.644562897937285	-0.5384979639483594
0.0461	2.6442225557031516	-0.5386219018256135
0.046200000000000005	2.643882669851126	-0.5387457053527464
0.0463	2.6435432388666036	-0.538869374965725
0.046400000000000004	2.643204261243207	-0.5389929110981625
0.0465	2.642865735482724	-0.5391163141813378
0.0466	2.6425276600950465	-0.5392395846442122
0.046700000000000005	2.642190033598107	-0.5393627229134466
0.0468	2.6418528545178224	-0.5394857294134194
0.046900000000000004	2.64151612138803	-0.5396086045662428
0.047	2.641179832750432	-0.5397313487917809
0.0471	2.6408439871545335	-0.5398539625076648
0.0472	2.640508583157586	-0.5399764461293104
0.0473	2.6401736193245293	-0.5400988000699347
0.047400000000000005	2.6398390942279364	-0.5402210247405714
0.0475	2.6395050064479517	-0.5403431205500884
0.0476	2.639171354572244	-0.5404650879052009
0.0477	2.638838137195941	-0.5405869272104911
0.0478	2.638505352921581	-0.5407086388684208
0.047900000000000005	2.638173000359058	-0.540830223279348
0.048	2.6378410781255637	-0.5409516808415427
0.048100000000000004	2.637509584845539	-0.541073011951201
0.0482	2.6371785191506185	-0.5411942170024614
0.0483	2.6368478796795793	-0.5413152963874193
0.048400000000000006	2.636517665078286	-0.5414362504961411
0.0485	2.6361878739996456	-0.5415570797166798
0.048600000000000004	2.6358585051035504	-0.5416777844350885
0.0487	2.6355295570568296	-0.5417983650354362
0.0488	2.635201028533201	-0.5419188218998214
0.0489	2.63487291821322	-0.5420391554083857
0.049	2.6345452247842287	-0.5421593659393282
0.049100000000000005	2.634217946940312	-0.5422794538689197
0.0492	2.633891083382245	-0.5423994195715158
0.049300000000000004	2.633564632817447	-0.542519263419571
0.0494	2.633238593959935	-0.5426389857836521
0.0495	2.632912965530275	-0.5427585870324514
0.049600000000000005	2.632587746255537	-0.5428780675328004
0.0497	2.6322629348692486	-0.5429974276496816
0.049800000000000004	2.6319385301113485	-0.5431166677462439
0.0499	2.631614530728144	-0.5432357881838128
0.05	2.6312909354722622	-0.5433547893219055
0.050100000000000006	2.630967743102609	-0.5434736715182418
0.0502	2.6306449523843236	-0.5435924351287575
0.050300000000000004	2.630322562088735	-0.5437110805076166
0.0504	2.6300005709933205	-0.5438296080072244
0.0505	2.6296789778816594	-0.5439480179782381
0.0506	2.629357781543394	-0.5440663107695805
0.0507	2.6290369807741856	-0.5441844867284504
0.050800000000000005	2.6287165743756726	-0.5443025462003369
0.0509	2.6283965611554323	-0.5444204895290286
0.051000000000000004	2.628076939926936	-0.544538317056626
0.0511	2.6277577095095097	-0.5446560291235549
0.0512	2.627438868728296	-0.5447736260685756
0.051300000000000005	2.627120416414211	-0.5448911082287946
0.0514	2.626802351403907	-0.5450084759396769
0.051500000000000004	2.6264846725397333	-0.5451257295350573
0.0516	2.6261673786696935	-0.5452428693471495
0.0517	2.6258504686474162	-0.5453598957065594
0.051800000000000006	2.6255339413321055	-0.5454768089422946
0.0519	2.6252177955885103	-0.5455936093817759
0.052000000000000005	2.6249020302868864	-0.545710297350847
0.0521	2.6245866443029566	-0.5458268731737864
0.0522	2.6242716365178755	-0.5459433371733173
0.0523	2.6239570058181934	-0.5460596896706181
0.0524	2.623642751095818	-0.546175930985332
0.052500000000000005	2.6233288712479816	-0.5462920614355784
0.0526	2.6230153651772046	-0.5464080813379626
0.052700000000000004	2.622702231791257	-0.546523991007586
0.0528	2.6223894700031267	-0.5466397907580552
0.0529	2.6220770787309853	-0.5467554809014935
0.053000000000000005	2.6217650568981523	-0.5468710617485493
0.0531	2.621453403433059	-0.5469865336084063
0.053200000000000004	2.6211421172692195	-0.5471018967887935
0.0533	2.620831197345193	-0.5472171515959947
0.0534	2.620520642604552	-0.5473322983348572
0.053500000000000006	2.620210451995852	-0.5474473373088016
0.0536	2.6199006244725918	-0.5475622688198325
0.053700000000000005	2.6195911589931886	-0.5476770931685453
0.0538	2.6192820545209425	-0.5477918106541375
0.0539	2.6189733100240047	-0.547906421574416
0.054	2.618664924475347	-0.548020926225808
0.0541	2.6183568968527267	-0.5481353249033687
0.054200000000000005	2.6180492261386625	-0.5482496179007899
0.0543	2.617741911320396	-0.54836380551041
0.054400000000000004	2.617434951389869	-0.5484778880232215
0.0545	2.617128345343684	-0.5485918657288813
0.0546	2.6168220921830825	-0.5487057389157168
0.054700000000000006	2.6165161909139116	-0.548819507870737
0.0548	2.6162106405465932	-0.548933172879639
0.054900000000000004	2.6159054400960975	-0.5490467342268175
0.055	2.615600588581912	-0.5491601921953728
0.0551	2.6152960850280134	-0.5492735470671182
0.055200000000000006	2.6149919284628385	-0.5493867991225903
0.0553	2.614688117919257	-0.5494999486410544
0.055400000000000005	2.6143846524345418	-0.5496129959005147
0.0555	2.6140815310503425	-0.5497259411777211
0.055600000000000004	2.6137787528126553	-0.5498387847481769
0.0557	2.613476316771799	-0.5499515268861492
0.0558	2.613174221982387	-0.5500641678646718
0.055900000000000005	2.6128724675032964	-0.5501767079555578
0.056	2.6125710523976466	-0.5502891474294047
0.056100000000000004	2.612269975732769	-0.5504014865556023
0.0562	2.6119692365801828	-0.5505137256023404
0.0563	2.611668834015567	-0.5506258648366168
0.056400000000000006	2.6113687671187362	-0.5507379045242439
0.0565	2.611069034973613	-0.5508498449298561
0.056600000000000004	2.610769636668205	-0.5509616863169178
0.0567	2.6104705712945773	-0.5510734289477301
0.0568	2.6101718379488275	-0.5511850730834378
0.056900000000000006	2.609873435731062	-0.5512966189840376
0.057	2.60957536374537	-0.5514080669083831
0.057100000000000005	2.6092776210997997	-0.5515194171141942
0.0572	2.6089802069063355	-0.5516306698580622
0.057300000000000004	2.6086831202808693	-0.5517418253954578
0.0574	2.6083863603431823	-0.5518528839807377
0.0575	2.6080899262169144	-0.551963845867151
0.057600000000000005	2.60779381702955	-0.5520747113068459
0.0577	2.607498031912384	-0.5521854805508771
0.057800000000000004	2.6072025700005073	-0.5522961538492122
0.0579	2.606907430432777	-0.5524067314507375
0.058	2.6066126123518	-0.5525172136032657
0.058100000000000006	2.6063181149039054	-0.5526276005535411
0.0582	2.6060239372391227	-0.5527378925472475
0.058300000000000005	2.605730078511163	-0.5528480898290133
0.0584	2.605436537877391	-0.5529581926424186
0.0585	2.605143314498809	-0.5530682012300012
0.058600000000000006	2.604850407540032	-0.5531781158332627
0.0587	2.6045578161692635	-0.5532879366926748
0.058800000000000005	2.6042655395582806	-0.5533976640476861
0.0589	2.603973576882407	-0.5535072981367264
0.059000000000000004	2.603681927320495	-0.5536168391972153
0.0591	2.603390590054902	-0.5537262874655654
0.0592	2.603099564271472	-0.5538356431771907
0.059300000000000005	2.602808849159513	-0.5539449065665113
0.0594	2.602518443911778	-0.554054077866959
0.059500000000000004	2.6022283477244446	-0.5541631573109838
0.0596	2.6019385597970928	-0.5542721451300598
0.0597	2.601649079332688	-0.5543810415546901
0.059800000000000006	2.6013599055375582	-0.5544898468144129
0.0599	2.601071037621376	-0.5545985611378075
0.060000000000000005	2.6007824747971386	-0.5547071847524994
0.0601	2.600494216281148	-0.5548157178851661
0.060200000000000004	2.600206261292992	-0.5549241607615427
0.0603	2.599918609055526	-0.5550325136064267
0.0604	2.5996312587948505	-0.555140776643685
0.060500000000000005	2.5993442097402975	-0.5552489500962574
0.0606	2.599057461124407	-0.5553570341861629
0.060700000000000004	2.598771012182911	-0.5554650291345058
0.0608	2.5984848621547134	-0.5555729351614791
0.0609	2.5981990102818746	-0.555680752486371
0.061000000000000006	2.5979134558095898	-0.5557884813275707
0.0611	2.5976281979861735	-0.5558961219025716
0.061200000000000004	2.5973432360630393	-0.5560036744279783
0.0613	2.597058569294684	-0.5561111391195105
0.0614	2.59677419693867	-0.5562185161920087
0.061500000000000006	2.5964901182556055	-0.5563258058594389
0.0616	2.5962063325091296	-0.5564330083348983
0.061700000000000005	2.5959228389658953	-0.5565401238306183
0.0618	2.5956396368955486	-0.5566471525579718
0.061900000000000004	2.5953567255707153	-0.5567540947274768
0.062	2.595074104266984	-0.5568609505488009
0.0621	2.5947917722628855	-0.5569677202307672
0.062200000000000005	2.5945097288398804	-0.5570744039813582
0.0623	2.5942279732823423	-0.5571810020077209
0.062400000000000004	2.5939465048775365	-0.557287514516171
0.0625	2.5936653229156112	-0.5573939417121984
0.0626	2.5933844266895747	-0.5575002838004715
0.0627	2.593103815495282	-0.5576065409848407
0.06280000000000001	2.59282348863142	-0.557712713468345
0.0629	2.59254344539949	-0.5578188014532152
0.063	2.5922636851037932	-0.5579248051408783
0.0631	2.591984207051412	-0.5580307247319625
0.0632	2.5917050105522015	-0.5581365604263013
0.06330000000000001	2.5914260949187637	-0.5582423124229385
0.0634	2.5911474594664425	-0.5583479809201315
0.0635	2.5908691035133025	-0.5584535661153562
0.0636	2.590591026380116	-0.5585590682053119
0.0637	2.590313227390345	-0.5586644873859248
0.06380000000000001	2.5900357058701338	-0.558769823852352
0.0639	2.5897584611482847	-0.5588750777989872
0.064	2.58948149255625	-0.5589802494194628
0.0641	2.589204799428117	-0.5590853389066556
0.06420000000000001	2.588928381100588	-0.5591903464526903
0.06430000000000001	2.5886522369129743	-0.5592952722489439
0.0644	2.588376366207176	-0.5594001164860497
0.0645	2.588100768327668	-0.5595048793539008
0.0646	2.58782544262149	-0.5596095610416552
0.06470000000000001	2.58755038843823	-0.5597141617377386
0.0648	2.587275605130008	-0.5598186816298489
0.0649	2.587001092051467	-0.5599231209049607
0.065	2.5867268485597568	-0.5600274797493281
0.0651	2.586452874014521	-0.5601317583484892
0.06520000000000001	2.586179167777884	-0.5602359568872701
0.0653	2.585905729214434	-0.5603400755497885
0.0654	2.5856325576912167	-0.5604441145194569
0.0655	2.5853596525777154	-0.5605480739789874
0.0656	2.5850870132458414	-0.5606519541103953
0.06570000000000001	2.5848146390699216	-0.5607557550950019
0.0658	2.584542529426682	-0.5608594771134389
0.0659	2.584270683695239	-0.5609631203456524
0.066	2.5839991012570835	-0.5610666849709061
0.0661	2.5837277814960706	-0.5611701711677838
0.06620000000000001	2.5834567237984056	-0.561273579114196
0.0663	2.5831859275526323	-0.5613769089873796
0.0664	2.582915392149619	-0.5614801609639053
0.0665	2.582645116982549	-0.5615833352196777
0.0666	2.5823751014469054	-0.5616864319299414
0.06670000000000001	2.582105344940461	-0.5617894512692829
0.0668	2.5818358468632665	-0.5618923934116345
0.0669	2.581566606617636	-0.5619952585302785
0.067	2.581297623608138	-0.562098046797849
0.0671	2.581028897241582	-0.562200758386337
0.06720000000000001	2.5807604269270064	-0.5623033934670918
0.0673	2.580492212075669	-0.5624059522108267
0.0674	2.580224252101032	-0.5625084347876206
0.0675	2.579956546418754	-0.5626108413669217
0.06760000000000001	2.579689094446677	-0.5627131721175509
0.06770000000000001	2.5794218956048134	-0.5628154272077048
0.0678	2.5791549493153387	-0.5629176068049597
0.0679	2.578888255002576	-0.5630197110762735
0.068	2.578621812092989	-0.5631217401879901
0.06810000000000001	2.5783556200151674	-0.5632236943058421
0.0682	2.5780896781998166	-0.5633255735949533
0.0683	2.577823986079749	-0.5634273782198429
0.0684	2.577558543089872	-0.5635291083444285
0.0685	2.577293348667175	-0.563630764132028
0.06860000000000001	2.5770284022507233	-0.5637323457453639
0.0687	2.576763703281642	-0.5638338533465658
0.0688	2.576499251203111	-0.563935287097174
0.0689	2.576235045460349	-0.5640366471581411
0.069	2.5759710855006097	-0.5641379336898363
0.06910000000000001	2.575707370773164	-0.5642391468520485
0.0692	2.575443900729295	-0.5643402868039882
0.0693	2.5751806748222865	-0.5644413537042905
0.0694	2.5749176925074115	-0.5645423477110194
0.0695	2.574654953241924	-0.5646432689816689
0.06960000000000001	2.574392456485047	-0.5647441176731672
0.0697	2.5741302016979657	-0.5648448939418789
0.0698	2.573868188343814	-0.5649455979436077
0.0699	2.5736064158876673	-0.5650462298335999
0.07	2.57334488379653	-0.565146789766546
0.07010000000000001	2.573083591539329	-0.565247277896585
0.0702	2.5728225385869035	-0.5653476943773061
0.0703	2.572561724411993	-0.5654480393617517
0.0704	2.572301148489229	-0.5655483130024204
0.07050000000000001	2.5720408102951264	-0.5656485154512687
0.07060000000000001	2.5717807093080753	-0.5657486468597153
0.0707	2.5715208450083273	-0.5658487073786428
0.0708	2.571261216877991	-0.5659486971583998
0.0709	2.5710018244010193	-0.5660486163488049
0.07100000000000001	2.570742667063202	-0.566148465099148
0.0711	2.570483744352158	-0.5662482435581939
0.0712	2.570225055757321	-0.566347951874185
0.0713	2.5699666007699387	-0.5664475901948421
0.0714	2.569708378883055	-0.5665471586673694
0.07150000000000001	2.569450389591509	-0.5666466574384554
0.0716	2.569192632391921	-0.5667460866542754
0.0717	2.5689351067826847	-0.5668454464604954
0.0718	2.568677812263961	-0.5669447370022731
0.0719	2.5684207483376666	-0.5670439584242611
0.07200000000000001	2.5681639145074655	-0.5671431108706093
0.0721	2.5679073102787644	-0.5672421944849668
0.0722	2.5676509351586976	-0.5673412094104856
0.0723	2.567394788656124	-0.5674401557898217
0.0724	2.567138870281617	-0.5675390337651379
0.07250000000000001	2.566883179547456	-0.5676378434781062
0.0726	2.5666277159676163	-0.5677365850699104
0.0727	2.5663724790577653	-0.5678352586812491
0.0728	2.5661174683352517	-0.5679338644523357
0.0729	2.5658626833190956	-0.5680324025229033
0.07300000000000001	2.565608123529983	-0.5681308730322057
0.0731	2.5653537884902584	-0.5682292761190196
0.0732	2.5650996777239143	-0.5683276119216485
0.0733	2.564845790756584	-0.5684258805779221
0.0734	2.564592127115536	-0.5685240822252012
0.07350000000000001	2.564338686329662	-0.5686222170003783
0.0736	2.564085467929475	-0.568720285039881
0.0737	2.563832471447095	-0.5688182864796735
0.0738	2.563579696416245	-0.568916221455259
0.07390000000000001	2.563327142372245	-0.569014090101681
0.07400000000000001	2.5630748088519972	-0.5691118925535275
0.0741	2.562822695393991	-0.5692096289449315
0.0742	2.562570801538281	-0.5693072994095734
0.0743	2.56231912682649	-0.5694049040806834
0.07440000000000001	2.5620676708017984	-0.5695024430910441
0.0745	2.561816433008935	-0.5695999165729911
0.0746	2.561565412994172	-0.5696973246584168
0.0747	2.5613146103053164	-0.5697946674787718
0.0748	2.5610640244917042	-0.5698919451650668
0.07490000000000001	2.5608136551041922	-0.5699891578478742
0.075	2.560563501695151	-0.5700863056573315
0.0751	2.560313563818459	-0.570183388723142
0.0752	2.5600638410294914	-0.5702804071745777
0.0753	2.5598143328851184	-0.5703773611404809
0.07540000000000001	2.559565038943696	-0.5704742507492665
0.0755	2.559315958765058	-0.5705710761289231
0.0756	2.55906709191051	-0.5706678374070167
0.0757	2.5588184379428243	-0.5707645347106902
0.0758	2.55856999642623	-0.5708611681666679
0.07590000000000001	2.558321766926408	-0.5709577379012561
0.076	2.5580737490104837	-0.5710542440403444
0.0761	2.5578259422470215	-0.5711506867094097
0.0762	2.557578346206016	-0.5712470660335162
0.0763	2.5573309604588887	-0.5713433821373172
0.07640000000000001	2.5570837845784755	-0.5714396351450589
0.0765	2.5568368181390295	-0.5715358251805801
0.0766	2.556590060716204	-0.5716319523673158
0.0767	2.5563435118870546	-0.5717280168282977
0.07680000000000001	2.556097171230027	-0.5718240186861574
0.07690000000000001	2.555851038324955	-0.5719199580631265
0.077	2.5556051127530504	-0.5720158350810394
0.0771	2.555359394096898	-0.572111649861336
0.0772	2.555113881940452	-0.5722074025250616
0.07730000000000001	2.5548685758690266	-0.5723030931928703
0.07740000000000001	2.554623475469289	-0.5723987219850258
0.0775	2.554378580329258	-0.5724942890214032
0.0776	2.5541338900382913	-0.5725897944214919
0.0777	2.5538894041870863	-0.5726852383043952
0.07780000000000001	2.553645122367668	-0.5727806207888343
0.0779	2.553401044173388	-0.5728759419931492
0.078	2.553157169198916	-0.572971202035299
0.0781	2.5529134970402305	-0.5730664010328661
0.0782	2.5526700272946217	-0.5731615391030561
0.07830000000000001	2.552426759560677	-0.5732566163626998
0.0784	2.55218369343828	-0.5733516329282557
0.0785	2.5519408285286023	-0.5734465889158105
0.0786	2.5516981644341	-0.5735414844410818
0.0787	2.5514557007585044	-0.573636319619419
0.07880000000000001	2.551213437106821	-0.5737310945658048
0.0789	2.55097137308532	-0.5738258093948582
0.079	2.550729508301533	-0.5739204642208339
0.0791	2.5504878423642445	-0.5740150591576265
0.0792	2.55024637488349	-0.5741095943187697
0.07930000000000001	2.5500051054705493	-0.5742040698174393
0.0794	2.549764033737937	-0.5742984857664543
0.0795	2.5495231592994054	-0.5743928422782789
0.0796	2.5492824817699287	-0.5744871394650234
0.07970000000000001	2.549042000765707	-0.5745813774384462
0.07980000000000001	2.5488017159041547	-0.5746755563099557
0.0799	2.5485616268038975	-0.5747696761906105
0.08	2.548321733084768	-0.5748637371911226
0.0801	2.5480820343677992	-0.5749577394218575
0.08020000000000001	2.547842530275216	-0.5750516829928372
0.08030000000000001	2.547603220430438	-0.5751455680137398
0.0804	2.5473641044580666	-0.5752393945939026
0.0805	2.5471251819838834	-0.5753331628423236
0.0806	2.5468864526348436	-0.5754268728676611
0.08070000000000001	2.546647916039073	-0.5755205247782376
0.08080000000000001	2.546409571825861	-0.5756141186820395
0.0809	2.5461714196256566	-0.5757076546867193
0.081	2.545933459070061	-0.5758011328995971
0.0811	2.545695689791827	-0.5758945534276618
0.08120000000000001	2.5454581114248502	-0.575987916377573
0.0813	2.545220723604164	-0.5760812218556608
0.0814	2.5449835259659395	-0.5761744699679299
0.0815	2.5447465181474724	-0.5762676608200583
0.0816	2.544509699787188	-0.5763607945174012
0.08170000000000001	2.5442730705246257	-0.5764538711649896
0.0818	2.5440366300004444	-0.5765468908675345
0.0819	2.5438003778564116	-0.5766398537294267
0.082	2.543564313735397	-0.5767327598547377
0.0821	2.5433284372813745	-0.5768256093472226
0.08220000000000001	2.5430927481394123	-0.5769184023103205
0.0823	2.5428572459556698	-0.5770111388471556
0.0824	2.542621930377392	-0.5771038190605399
0.0825	2.5423868010529063	-0.5771964430529724
0.0826	2.542151857631618	-0.5772890109266419
0.08270000000000001	2.541917099764005	-0.5773815227834284
0.0828	2.5416825271016097	-0.5774739787249037
0.0829	2.5414481392970427	-0.5775663788523334
0.083	2.5412139360039716	-0.5776587232666773
0.08310000000000001	2.5409799168771174	-0.5777510120685918
0.08320000000000001	2.5407460815722516	-0.5778432453584299
0.0833	2.540512429746193	-0.5779354232362434
0.0834	2.5402789610568	-0.578027545801784
0.0835	2.540045675162967	-0.5781196131545047
0.08360000000000001	2.5398125717246223	-0.5782116253935602
0.08370000000000001	2.5395796504027217	-0.578303582617809
0.0838	2.539346910859244	-0.5783954849258153
0.0839	2.539114352757189	-0.578487332415848
0.084	2.53888197576057	-0.5785791251858837
0.08410000000000001	2.538649779534413	-0.5786708633336083
0.08420000000000001	2.5384177637447487	-0.5787625469564162
0.0843	2.538185928058611	-0.5788541761514131
0.0844	2.537954272144033	-0.5789457510154178
0.0845	2.53772279567004	-0.579037271644961
0.08460000000000001	2.53749149830665	-0.5791287381362884
0.0847	2.5372603797248643	-0.5792201505853616
0.0848	2.5370294395966666	-0.5793115090878592
0.0849	2.5367986775950193	-0.5794028137391767
0.085	2.536568093393858	-0.5794940646344303
0.08510000000000001	2.536337686668087	-0.579585261868455
0.0852	2.536107457093578	-0.5796764055358091
0.0853	2.5358774043471617	-0.5797674957307716
0.0854	2.535647528106629	-0.5798585325473467
0.0855	2.5354178280507247	-0.5799495160792625
0.08560000000000001	2.5351883038591394	-0.580040446419974
0.0857	2.534958955212514	-0.580131323662663
0.0858	2.5347297817924304	-0.5802221479002388
0.0859	2.534500783281408	-0.5803129192253411
0.08600000000000001	2.5342719593628993	-0.5804036377303402
0.08610000000000001	2.534043309721289	-0.5804943035073367
0.0862	2.5338148340418885	-0.5805849166481646
0.0863	2.533586532010932	-0.5806754772443923
0.0864	2.533358403315571	-0.580765985387322
0.08650000000000001	2.5331304476438747	-0.5808564411679918
0.08660000000000001	2.5329026646848236	-0.5809468446771778
0.0867	2.5326750541283047	-0.5810371960053927
0.0868	2.5324476156651103	-0.5811274952428898
0.0869	2.532220348986934	-0.5812177424796612
0.08700000000000001	2.5319932537863656	-0.5813079378054407
0.08710000000000001	2.5317663297568878	-0.5813980813097046
0.0872	2.5315395765928734	-0.5814881730816721
0.0873	2.531312993989582	-0.5815782132103069
0.0874	2.531086581643155	-0.5816682017843173
0.08750000000000001	2.530860339250613	-0.5817581388921593
0.0876	2.5306342665098525	-0.5818480246220346
0.0877	2.5304083631196415	-0.5819378590618951
0.0878	2.5301826287796163	-0.5820276422994404
0.0879	2.5299570631902792	-0.5821173744221209
0.08800000000000001	2.529731666052992	-0.5822070555171394
0.0881	2.529506437069977	-0.5822966856714497
0.0882	2.5292813759443105	-0.5823862649717593
0.0883	2.5290564823799184	-0.5824757935045302
0.0884	2.5288317560815763	-0.5825652713559798
0.08850000000000001	2.5286071967549035	-0.5826546986120815
0.0886	2.5283828041063616	-0.5827440753585655
0.0887	2.528158577843248	-0.5828334016809216
0.0888	2.527934517673695	-0.5829226776643965
0.0889	2.527710623306669	-0.5830119033939992
0.08900000000000001	2.5274868944519593	-0.5831010789544981
0.0891	2.527263330820184	-0.5831902044304242
0.0892	2.5270399321227797	-0.5832792799060718
0.0893	2.526816698072004	-0.583368305465498
0.08940000000000001	2.5265936283809265	-0.5834572811925256
0.08950000000000001	2.52637072276343	-0.5835462071707427
0.0896	2.5261479809342062	-0.5836350834835035
0.0897	2.5259254026087508	-0.5837239102139303
0.0898	2.5257029875033616	-0.5838126874449138
0.08990000000000001	2.5254807353351367	-0.583901415259114
0.09000000000000001	2.5252586458219697	-0.5839900937389605
0.0901	2.5250367186825464	-0.5840787229666545
0.0902	2.5248149536363425	-0.5841673030241696
0.0903	2.5245933504036207	-0.5842558339932513
0.09040000000000001	2.5243719087054264	-0.5843443159554192
0.09050000000000001	2.5241506282635866	-0.5844327489919677
0.0906	2.523929508800705	-0.584521133183967
0.0907	2.5237085500401593	-0.5846094686122628
0.0908	2.523487751706099	-0.5846977553574794
0.09090000000000001	2.523267113523443	-0.5847859935000167
0.091	2.5230466352178746	-0.5848741831200566
0.0911	2.5228263165158396	-0.5849623242975585
0.0912	2.522606157144544	-0.5850504171122636
0.0913	2.522386156831949	-0.585138461643694
0.09140000000000001	2.5221663153067717	-0.5852264579711544
0.0915	2.5219466322984783	-0.5853144061737324
0.0916	2.5217271075372834	-0.5854023063303001
0.0917	2.521507740754146	-0.5854901585195137
0.0918	2.5212885316807694	-0.5855779628198156
0.09190000000000001	2.5210694800495936	-0.5856657193094339
0.092	2.520850585593797	-0.585753428066385
0.0921	2.5206318480472905	-0.5858410891684726
0.0922	2.520413267144716	-0.585928702693289
0.09230000000000001	2.5201948426214447	-0.5860162687182173
0.09240000000000001	2.519976574213572	-0.5861037873204302
0.0925	2.519758461657916	-0.5861912585768914
0.0926	2.519540504692014	-0.5862786825643579
0.0927	2.5193227030541228	-0.5863660593593777
0.09280000000000001	2.5191050564832103	-0.586453389038294
0.09290000000000001	2.518887564718959	-0.5865406716772439
0.093	2.518670227501757	-0.5866279073521595
0.0931	2.518453044572703	-0.5867150961387688
0.0932	2.518236015673595	-0.5868022381125964
0.09330000000000001	2.5180191405469343	-0.586889333348965
0.09340000000000001	2.5178024189359203	-0.5869763819229947
0.0935	2.5175858505844477	-0.5870633839096056
0.0936	2.517369435237105	-0.5871503393835162
0.0937	2.517153172639169	-0.587237248419247
0.09380000000000001	2.5169370625366074	-0.587324111091118
0.09390000000000001	2.5167211046760705	-0.5874109274732527
0.094	2.5165052988048933	-0.5874976976395767
0.0941	2.516289644671089	-0.587584421663819
0.0942	2.5160741420233497	-0.5876710996195125
0.09430000000000001	2.515858790611043	-0.587757731579996
0.0944	2.515643590184207	-0.5878443176184125
0.0945	2.5154285404935526	-0.5879308578077125
0.0946	2.515213641290455	-0.5880173522206533
0.0947	2.514998892326959	-0.5881038009297996
0.09480000000000001	2.5147842933557665	-0.5881902040075246
0.0949	2.514569844130244	-0.5882765615260115
0.095	2.5143555444044137	-0.588362873557252
0.0951	2.5141413939329524	-0.5884491401730498
0.0952	2.5139273924711913	-0.5885353614450191
0.09530000000000001	2.513713539775111	-0.5886215374445865
0.0954	2.5134998356013414	-0.5887076682429907
0.0955	2.513286279707156	-0.5887937539112839
0.0956	2.5130728718504725	-0.5888797945203335
0.09570000000000001	2.5128596117898496	-0.58896579014082
0.09580000000000001	2.5126464992844855	-0.58905174084324
0.0959	2.512433534094212	-0.5891376466979064
0.096	2.5122207159794976	-0.5892235077749484
0.0961	2.51200804470144	-0.5893093241443131
0.09620000000000001	2.511795520021767	-0.5893950958757651
0.09630000000000001	2.5115831417028334	-0.5894808230388884
0.0964	2.511370909507619	-0.589566505703086
0.0965	2.5111588231997244	-0.5896521439375808
0.0966	2.5109468825433727	-0.5897377378114171
0.09670000000000001	2.510735087303402	-0.5898232873934596
0.09680000000000001	2.510523437245268	-0.589908792752396
0.0969	2.5103119321350387	-0.589994253956736
0.097	2.5101005717393927	-0.5900796710748126
0.0971	2.5098893558256203	-0.5901650441747825
0.09720000000000001	2.509678284161614	-0.5902503733246284
0.09730000000000001	2.5094673565158745	-0.5903356585921566
0.0974	2.509256572657503	-0.5904209000449998
0.0975	2.509045932356201	-0.5905060977506167
0.0976	2.508835435382268	-0.5905912517762942
0.09770000000000001	2.5086250815065996	-0.590676362189146
0.0978	2.508414870500684	-0.590761429056114
0.0979	2.5082048021366026	-0.5908464524439692
0.098	2.507994876187025	-0.5909314324193127
0.0981	2.507785092425208	-0.5910163690485754
0.09820000000000001	2.507575450624993	-0.5911012623980183
0.0983	2.5073659505608066	-0.5911861125337348
0.0984	2.507156592007653	-0.5912709195216495
0.0985	2.5069473747411193	-0.5913556834275195
0.09860000000000001	2.506738298537366	-0.5914404043169359
0.09870000000000001	2.5065293631731294	-0.5915250822553227
0.0988	2.50632056842572	-0.591609717307939
0.0989	2.5061119140730166	-0.5916943095398773
0.099	2.505903399893467	-0.5917788590160674
0.09910000000000001	2.5056950256660877	-0.5918633658012744
0.09920000000000001	2.505486791170457	-0.5919478299601
0.0993	2.5052786961867186	-0.5920322515569827
0.0994	2.505070740495574	-0.5921166306562
0.0995	2.504862923878285	-0.5922009673218668
0.09960000000000001	2.50465524611667	-0.592285261617937
0.09970000000000001	2.5044477069931004	-0.5923695136082046
0.0998	2.5042403062905025	-0.5924537233563032
0.0999	2.504033043792353	-0.5925378909257069
0.1	2.503825919282675	-0.5926220163797313
0.10010000000000001	2.503618932546042	-0.5927060997815343
0.10020000000000001	2.50341208336757	-0.5927901411941149
0.1003	2.503205371532919	-0.5928741406803157
0.1004	2.502998796828289	-0.5929580983028226
0.1005	2.5027923590404213	-0.5930420141241651
0.10060000000000001	2.502586057956592	-0.5931258882067182
0.10070000000000001	2.5023798933646146	-0.5932097206127007
0.1008	2.502173865052836	-0.5932935114041777
0.1009	2.501967972810135	-0.5933772606430598
0.101	2.5017622164259175	-0.5934609683911054
0.10110000000000001	2.5015565956901216	-0.5935446347099187
0.1012	2.5013511103932085	-0.5936282596609526
0.1013	2.501145760326165	-0.5937118433055074
0.1014	2.5009405452805007	-0.5937953857047331
0.1015	2.5007354650482454	-0.5938788869196281
0.10160000000000001	2.5005305194219476	-0.5939623470110416
0.1017	2.5003257081946733	-0.5940457660396713
0.1018	2.5001210311600035	-0.5941291440660683
0.1019	2.4999164881120337	-0.594212481150633
0.10200000000000001	2.4997120788453686	-0.5942957773536182
0.10210000000000001	2.4995078031551268	-0.594379032735129
0.1022	2.499303660836933	-0.5944622473551238
0.1023	2.4990996516869166	-0.5945454212734143
0.1024	2.498895775501715	-0.5946285545496655
0.10250000000000001	2.4986920320784667	-0.5947116472433974
0.10260000000000001	2.498488421214813	-0.5947946994139842
0.1027	2.498284942708892	-0.5948777111206559
0.1028	2.4980815963593423	-0.5949606824224989
0.1029	2.4978783819652977	-0.5950436133784549
0.10300000000000001	2.4976752993263864	-0.5951265040473226
0.10310000000000001	2.497472348242729	-0.5952093544877588
0.1032	2.4972695285149387	-0.5952921647582772
0.1033	2.497066839944116	-0.5953749349172507
0.1034	2.49686428233185	-0.5954576650229101
0.10350000000000001	2.4966618554802174	-0.5955403551333457
0.10360000000000001	2.4964595591917758	-0.5956230053065077
0.1037	2.4962573932695693	-0.5957056156002066
0.1038	2.4960553575171205	-0.595788186072113
0.1039	2.4958534517384328	-0.5958707167797592
0.10400000000000001	2.495651675737987	-0.5959532077805392
0.1041	2.495450029320742	-0.5960356591317085
0.1042	2.4952485122921266	-0.5961180708903852
0.1043	2.4950471244580474	-0.5962004431135507
0.1044	2.4948458656248804	-0.5962827758580501
0.10450000000000001	2.494644735599473	-0.5963650691805916
0.1046	2.494443734189137	-0.5964473231377485
0.1047	2.494242861201655	-0.5965295377859585
0.1048	2.494042116445274	-0.5966117131815248
0.10490000000000001	2.493841499728703	-0.5966938493806162
0.10500000000000001	2.493641010861113	-0.5967759464392678
0.1051	2.4934406496521375	-0.5968580044133812
0.1052	2.4932404159118677	-0.5969400233587251
0.1053	2.493040309450851	-0.5970220033309352
0.10540000000000001	2.4928403300800923	-0.5971039443855164
0.10550000000000001	2.49264047761105	-0.5971858465778407
0.1056	2.4924407518556357	-0.5972677099631496
0.1057	2.492241152626213	-0.5973495345965535
0.1058	2.492041679735593	-0.5974313205330328
0.10590000000000001	2.4918423329970385	-0.5975130678274376
0.10600000000000001	2.491643112224255	-0.5975947765344894
0.1061	2.491444017231397	-0.5976764467087795
0.1062	2.4912450478330603	-0.5977580784047718
0.1063	2.4910462038442844	-0.5978396716768009
0.10640000000000001	2.4908474850805495	-0.5979212265790742
0.10650000000000001	2.490648891357775	-0.5980027431656718
0.1066	2.4904504224923185	-0.5980842214905466
0.1067	2.4902520783009736	-0.5981656616075254
0.1068	2.49005385860097	-0.5982470635703088
0.10690000000000001	2.4898557632099707	-0.598328427432471
0.10700000000000001	2.4896577919460694	-0.5984097532474626
0.1071	2.4894599446277934	-0.5984910410686076
0.1072	2.4892622210740973	-0.5985722909491067
0.1073	2.4890646211043648	-0.5986535029420355
0.10740000000000001	2.4888671445384047	-0.598734677100347
0.1075	2.488669791196453	-0.5988158134768705
0.1076	2.488472560899168	-0.5988969121243124
0.1077	2.48827545346763	-0.5989779730952574
0.1078	2.4880784687233426	-0.5990589964421668
0.10790000000000001	2.4878816064882274	-0.5991399822173813
0.108	2.4876848665846243	-0.5992209304731203
0.1081	2.48748824883529	-0.5993018412614818
0.1082	2.4872917530633973	-0.5993827146344437
0.10830000000000001	2.4870953790925334	-0.5994635506438641
0.10840000000000001	2.486899126746697	-0.5995443493414809
0.1085	2.4867029958502997	-0.5996251107789131
0.1086	2.486506986228164	-0.5997058350076605
0.1087	2.4863110977055176	-0.5997865220791045
0.10880000000000001	2.486115330108	-0.5998671720445087
0.10890000000000001	2.485919683261654	-0.5999477849550181
0.109	2.4857241569929296	-0.6000283608616606
0.1091	2.4855287511286783	-0.6001088998153479
0.1092	2.4853334654961543	-0.6001894018668744
0.10930000000000001	2.485138299923014	-0.6002698670669177
0.10940000000000001	2.484943254237313	-0.6003502954660407
0.1095	2.4847483282675036	-0.6004306871146899
0.1096	2.484553521842437	-0.600511042063197
0.1097	2.4843588347913603	-0.6005913603617793
0.10980000000000001	2.484164266943915	-0.6006716420605386
0.10990000000000001	2.4839698181301353	-0.6007518872094633
0.11	2.483775488180447	-0.6008320958584283
0.1101	2.4835812769256678	-0.6009122680571952
0.1102	2.4833871841970048	-0.6009924038554122
0.11030000000000001	2.4831932098260534	-0.601072503302615
0.11040000000000001	2.4829993536447947	-0.6011525664482275
0.1105	2.482805615485598	-0.6012325933415605
0.1106	2.482611995181215	-0.6013125840318152
0.1107	2.4824184925647828	-0.6013925385680798
0.11080000000000001	2.482225107469818	-0.6014724569993328
0.1109	2.4820318397302206	-0.6015523393744421
0.111	2.4818386891802686	-0.6016321857421641
0.1111	2.48164565565462	-0.6017119961511476
0.11120000000000001	2.4814527389883088	-0.6017917706499301
0.11130000000000001	2.481259939016746	-0.6018715092869409
0.1114	2.481067255575717	-0.601951212110501
0.1115	2.480874688501382	-0.6020308791688211
0.1116	2.480682237630271	-0.6021105105100066
0.11170000000000001	2.4804899027992895	-0.6021901061820527
0.11180000000000001	2.480297683845709	-0.6022696662328482
0.1119	2.4801055806071735	-0.6023491907101755
0.112	2.479913592921693	-0.6024286796617087
0.1121	2.479721720627644	-0.6025081331350167
0.11220000000000001	2.4795299635637695	-0.6025875511775625
0.11230000000000001	2.479338321569177	-0.602666933836702
0.1124	2.4791467944833365	-0.6027462811596874
0.1125	2.4789553821460815	-0.6028255931936648
0.1126	2.4787640843976044	-0.602904869985675
0.11270000000000001	2.4785729010784596	-0.6029841115826564
0.11280000000000001	2.478381832029558	-0.6030633180314414
0.1129	2.478190877092171	-0.6031424893787589
0.113	2.4780000361079235	-0.6032216256712357
0.1131	2.477809308918798	-0.6033007269553937
0.11320000000000001	2.4776186953671306	-0.6033797932776527
0.11330000000000001	2.4774281952956105	-0.6034588246843309
0.1134	2.4772378085472786	-0.603537821221643
0.1135	2.477047534965528	-0.6036167829357021
0.1136	2.476857374394101	-0.6036957098725202
0.11370000000000001	2.4766673266770876	-0.603774602078008
0.11380000000000001	2.4764773916589267	-0.6038534595979755
0.1139	2.4762875691844055	-0.6039322824781307
0.114	2.4760978590986533	-0.6040110707640833
0.11410000000000001	2.4759082612471466	-0.6040898245013414
0.11420000000000001	2.475718775475704	-0.6041685437353144
0.1143	2.4755294016304883	-0.6042472285113117
0.1144	2.4753401395580004	-0.6043258788745438
0.1145	2.4751509891050847	-0.6044044948701227
0.11460000000000001	2.474961950118923	-0.6044830765430617
0.11470000000000001	2.474773022447037	-0.604561623938276
0.1148	2.4745842059372833	-0.6046401371005826
0.1149	2.4743955004378564	-0.6047186160747011
0.115	2.474206905797285	-0.6047970609052546
0.11510000000000001	2.474018421864432	-0.6048754716367677
0.11520000000000001	2.473830048488495	-0.6049538483136696
0.1153	2.4736417855190003	-0.6050321909802922
0.1154	2.473453632805808	-0.6051104996808723
0.1155	2.4732655901991074	-0.6051887744595501
0.11560000000000001	2.4730776575494167	-0.6052670153603702
0.11570000000000001	2.4728898347075816	-0.6053452224272827
0.1158	2.4727021215247764	-0.605423395704142
0.1159	2.472514517852499	-0.6055015352347085
0.116	2.4723270235425754	-0.6055796410626473
0.11610000000000001	2.472139638447152	-0.6056577132315306
0.11620000000000001	2.471952362418701	-0.605735751784836
0.1163	2.4717651953100157	-0.6058137567659476
0.1164	2.4715781369742107	-0.6058917282181566
0.1165	2.4713911872647207	-0.6059696661846613
0.11660000000000001	2.471204346035299	-0.6060475707085667
0.11670000000000001	2.471017613140018	-0.606125441832886
0.1168	2.4708309884332675	-0.6062032796005399
0.1169	2.470644471769751	-0.6062810840543578
0.117	2.4704580630044903	-0.6063588552370769
0.11710000000000001	2.4702717619928207	-0.6064365931913432
0.11720000000000001	2.470085568590391	-0.6065142979597121
0.1173	2.469899482653161	-0.6065919695846478
0.1174	2.4697135040374047	-0.6066696081085244
0.11750000000000001	2.4695276325997035	-0.6067472135736253
0.11760000000000001	2.469341868196952	-0.6068247860221443
0.1177	2.469156210686351	-0.6069023254961854
0.1178	2.468970659925409	-0.6069798320377638
0.1179	2.4687852157719434	-0.6070573056888042
0.11800000000000001	2.4685998780840754	-0.6071347464911434
0.11810000000000001	2.468414646720234	-0.6072121544865298
0.1182	2.4682295215391483	-0.6072895297166224
0.1183	2.4680445023998554	-0.6073668722229933
0.1184	2.4678595891616903	-0.607444182047126
0.11850000000000001	2.4676747816842926	-0.6075214592304166
0.11860000000000001	2.4674900798276016	-0.6075987038141741
0.1187	2.4673054834518546	-0.6076759158396198
0.1188	2.4671209924175908	-0.607753095347889
0.1189	2.466936606585644	-0.6078302423800303
0.11900000000000001	2.466752325817147	-0.6079073569770055
0.11910000000000001	2.4665681499735284	-0.6079844391796906
0.1192	2.466384078916512	-0.6080614890288759
0.1193	2.466200112508116	-0.6081385065652667
0.1194	2.4660162506106507	-0.6082154918294822
0.11950000000000001	2.465832493086722	-0.6082924448620566
0.11960000000000001	2.4656488397992247	-0.6083693657034398
0.1197	2.465465290611346	-0.6084462543939966
0.1198	2.4652818453865626	-0.6085231109740082
0.1199	2.465098503988641	-0.6085999354836716
0.12000000000000001	2.4649152662816345	-0.6086767279630998
0.12010000000000001	2.4647321321298867	-0.6087534884523218
0.1202	2.464549101398025	-0.6088302169912839
0.1203	2.464366173950965	-0.6089069136198492
0.12040000000000001	2.464183349653904	-0.6089835783777982
0.12050000000000001	2.464000628372328	-0.6090602113048281
0.1206	2.4638180099720013	-0.6091368124405548
0.1207	2.463635494318975	-0.6092133818245117
0.1208	2.4634530812795803	-0.6092899194961495
0.12090000000000001	2.4632707707204275	-0.6093664254948381
0.12100000000000001	2.46308856250841	-0.609442899859866
0.1211	2.462906456510698	-0.6095193426304403
0.1212	2.46272445259474	-0.6095957538456873
0.1213	2.4625425506282657	-0.6096721335446528
0.12140000000000001	2.4623607504792764	-0.6097484817663015
0.12150000000000001	2.462179052016053	-0.6098247985495187
0.1216	2.46199745510715	-0.6099010839331087
0.1217	2.4618159596213975	-0.6099773379557972
0.1218	2.461634565427897	-0.6100535606562302
0.12190000000000001	2.4614532723960254	-0.6101297520729727
0.12200000000000001	2.46127208039543	-0.6102059122445129
0.1221	2.4610909892960295	-0.6102820412092591
0.1222	2.4609099989680128	-0.6103581390055411
0.1223	2.4607291092818397	-0.61043420567161
0.12240000000000001	2.460548320108238	-0.6105102412456388
0.12250000000000001	2.460367631318203	-0.6105862457657228
0.1226	2.4601870427829984	-0.6106622192698796
0.1227	2.460006554374154	-0.6107381617960492
0.1228	2.4598261659634653	-0.6108140733820947
0.12290000000000001	2.4596458774229917	-0.6108899540658009
0.12300000000000001	2.4594656886250608	-0.6109658038848771
0.1231	2.4592855994422593	-0.6110416228769555
0.1232	2.459105609747438	-0.6111174110795915
0.1233	2.458925719413711	-0.611193168530265
0.12340000000000001	2.4587459283144515	-0.6112688952663793
0.12350000000000001	2.4585662363232963	-0.6113445913252623
0.1236	2.4583866433141384	-0.6114202567441661
0.1237	2.4582071491611326	-0.6114958915602677
0.12380000000000001	2.4580277537386896	-0.6115714958106696
0.12390000000000001	2.457848456921481	-0.6116470695323977
0.124	2.457669258584431	-0.6117226127624045
0.1241	2.457490158602723	-0.6117981255375682
0.1242	2.4573111568517954	-0.6118736078946917
0.12430000000000001	2.4571322532073396	-0.6119490598705044
0.12440000000000001	2.4569534475453025	-0.6120244815016622
0.1245	2.456774739741884	-0.6120998728247466
0.1246	2.4565961296735352	-0.6121752338762663
0.1247	2.4564176172169603	-0.6122505646926563
0.12480000000000001	2.4562392022491144	-0.6123258653102787
0.12490000000000001	2.4560608846472025	-0.6124011357654233
0.125	2.455882664288679	-0.6124763760943062
0.12510000000000002	2.4557045410512486	-0.6125515863330718
0.1252	2.455526514812862	-0.6126267665177927
0.1253	2.45534858545172	-0.6127019166844686
0.1254	2.455170752846268	-0.6127770368690275
0.1255	2.4549930168751986	-0.6128521271073263
0.12560000000000002	2.45481537741745	-0.6129271874351503
0.1257	2.454637834352205	-0.6130022178882135
0.1258	2.45446038755889	-0.6130772185021586
0.1259	2.454283036917175	-0.6131521893125582
0.126	2.454105782306973	-0.6132271303549132
0.12610000000000002	2.4539286236084394	-0.6133020416646556
0.1262	2.4537515607019693	-0.6133769232771454
0.1263	2.4535745934682005	-0.6134517752276746
0.1264	2.45339772178801	-0.6135265975514631
0.1265	2.453220945542513	-0.6136013902836626
0.12660000000000002	2.453044264613065	-0.613676153459355
0.1267	2.452867678881259	-0.6137508871135533
0.1268	2.4526911882289255	-0.6138255912812007
0.1269	2.4525147925381314	-0.6139002659971722
0.127	2.4523384916911786	-0.6139749112962732
0.12710000000000002	2.452162285570606	-0.6140495272132422
0.1272	2.451986174059187	-0.6141241137827476
0.1273	2.4518101570399287	-0.6141986710393903
0.1274	2.4516342343960704	-0.6142731990177043
0.1275	2.451458406011087	-0.6143476977521543
0.12760000000000002	2.4512826717686824	-0.6144221672771386
0.1277	2.4511070315527945	-0.6144966076269869
0.1278	2.450931485247591	-0.614571018835963
0.1279	2.4507560327374693	-0.614645400938263
0.128	2.4505806739070572	-0.6147197539680163
0.12810000000000002	2.450405408641211	-0.6147940779592858
0.1282	2.450230236825016	-0.6148683729460673
0.1283	2.4500551583437833	-0.6149426389622913
0.12840000000000001	2.449880173083053	-0.6150168760418212
0.1285	2.449705280928592	-0.6150910842184555
0.12860000000000002	2.4495304817663914	-0.6151652635259262
0.1287	2.4493557754826676	-0.6152394139978996
0.1288	2.4491811619638626	-0.6153135356679775
0.12890000000000001	2.449006641096642	-0.615387628569696
0.129	2.448832212767894	-0.615461692736526
0.1291	2.4486578768647305	-0.6155357282018735
0.1292	2.4484836332744857	-0.6156097349990801
0.1293	2.448309481884714	-0.615683713161423
0.12940000000000002	2.448135422583191	-0.6157576627221147
0.1295	2.4479614552579143	-0.6158315837143041
0.1296	2.4477875797971	-0.615905476171075
0.1297	2.4476137960891826	-0.6159793401254492
0.1298	2.4474401040228173	-0.6160531756103826
0.12990000000000002	2.447266503486874	-0.6161269826587696
0.13	2.447092994370442	-0.6162007613034406
0.1301	2.4469195765628284	-0.6162745115771624
0.1302	2.4467462499535544	-0.6163482335126396
0.1303	2.446573014432357	-0.6164219271425134
0.13040000000000002	2.44639986988919	-0.6164955924993629
0.1305	2.4462268162142196	-0.6165692296157044
0.1306	2.4460538532978258	-0.6166428385239924
0.1307	2.4458809810306033	-0.6167164192566184
0.1308	2.44570819930336	-0.6167899718459126
0.13090000000000002	2.4455355080071124	-0.6168634963241437
0.131	2.4453629070330924	-0.6169369927235181
0.1311	2.4451903962727406	-0.6170104610761808
0.1312	2.4450179756177097	-0.617083901414216
0.1313	2.44484564495986	-0.6171573137696463
0.13140000000000002	2.444673404191263	-0.6172306981744342
0.1315	2.4445012532041974	-0.6173040546604801
0.1316	2.444329191891152	-0.6173773832596247
0.1317	2.4441572201448207	-0.6174506840036481
0.1318	2.443985337858107	-0.6175239569242691
0.13190000000000002	2.443813544924119	-0.6175972020531483
0.132	2.4436418412361713	-0.6176704194218849
0.1321	2.4434702266877837	-0.617743609062018
0.1322	2.4432987011726817	-0.6178167710050281
0.1323	2.443127264584794	-0.6178899052823351
0.13240000000000002	2.4429559168182537	-0.617963011925301
0.1325	2.442784657767397	-0.6180360909652269
0.1326	2.4426134873267618	-0.6181091424333558
0.1327	2.4424424053910894	-0.6181821663608721
0.1328	2.442271411855323	-0.6182551627789001
0.13290000000000002	2.4421005066146044	-0.6183281317185071
0.133	2.4419296895642795	-0.6184010732107014
0.1331	2.44175896059989	-0.6184739872864324
0.1332	2.441588319617181	-0.6185468739765925
0.1333	2.441417766512094	-0.6186197333120148
0.13340000000000002	2.44124730118077	-0.6186925653234757
0.1335	2.4410769235195473	-0.6187653700416936
0.1336	2.440906633424962	-0.6188381474973295
0.1337	2.4407364307937462	-0.6189108977209863
0.1338	2.440566315522829	-0.6189836207432107
0.13390000000000002	2.4403962875093366	-0.6190563165944919
0.134	2.4402263466505874	-0.6191289853052617
0.1341	2.440056492844097	-0.6192016269058963
0.1342	2.439886725987574	-0.6192742414267142
0.1343	2.4397170459789215	-0.6193468288979775
0.13440000000000002	2.439547452716235	-0.6194193893498928
0.1345	2.4393779460978036	-0.61949192281261
0.1346	2.4392085260221092	-0.6195644293162226
0.13470000000000001	2.4390391923878223	-0.6196369088907693
0.1348	2.4388699450938085	-0.6197093615662317
0.13490000000000002	2.438700784039122	-0.6197817873725368
0.135	2.4385317091230068	-0.6198541863395557
0.1351	2.4383627202448976	-0.6199265584971041
0.13520000000000001	2.438193817304419	-0.619998903874943
0.1353	2.4380250002013826	-0.6200712225027782
0.13540000000000002	2.437856268835789	-0.6201435144102606
0.1355	2.4376876231078266	-0.620215779626986
0.1356	2.4375190629178713	-0.6202880181824961
0.13570000000000002	2.4373505881664856	-0.6203602301062779
0.1358	2.4371821987544173	-0.6204324154277645
0.1359	2.437013894582602	-0.6205045741763338
0.136	2.436845675552158	-0.620576706381311
0.1361	2.4366775415643906	-0.6206488120719664
0.13620000000000002	2.436509492520789	-0.6207208912775167
0.1363	2.4363415283230268	-0.6207929440271256
0.1364	2.4361736488729577	-0.6208649703499027
0.1365	2.4360058540726235	-0.6209369702749045
0.1366	2.435838143824244	-0.6210089438311341
0.13670000000000002	2.4356705180302227	-0.6210808910475417
0.1368	2.435502976593146	-0.6211528119530246
0.1369	2.435335519415779	-0.6212247065764274
0.137	2.4351681464010686	-0.6212965749465418
0.1371	2.435000857452142	-0.6213684170921069
0.13720000000000002	2.4348336524723044	-0.6214402330418091
0.1373	2.4346665313650426	-0.6215120228242839
0.1374	2.4344994940340206	-0.621583786468113
0.1375	2.4343325403830804	-0.6216555240018274
0.1376	2.434165670316243	-0.6217272354539055
0.13770000000000002	2.433998883737706	-0.6217989208527739
0.1378	2.4338321805518444	-0.6218705802268077
0.1379	2.4336655606632087	-0.6219422136043314
0.138	2.4334990239765264	-0.6220138210136174
0.1381	2.4333325703966997	-0.6220854024828861
0.13820000000000002	2.433166199828806	-0.6221569580403081
0.1383	2.432999912178099	-0.6222284877140031
0.1384	2.432833707350004	-0.6222999915320389
0.1385	2.432667585250122	-0.6223714695224333
0.1386	2.4325015457842256	-0.6224429217131537
0.13870000000000002	2.4323355888582627	-0.6225143481321163
0.1388	2.4321697143783525	-0.6225857488071881
0.1389	2.432003922250783	-0.6226571237661847
0.139	2.43183821238202	-0.6227284730368727
0.1391	2.4316725846786955	-0.6227997966469682
0.13920000000000002	2.4315070390476143	-0.6228710946241371
0.1393	2.4313415753957512	-0.622942366995997
0.1394	2.4311761936302494	-0.6230136137901144
0.1395	2.4310108936584234	-0.6230848350340078
0.1396	2.430845675387756	-0.6231560307551446
0.13970000000000002	2.430680538725899	-0.623227200980945
0.1398	2.4305154835806704	-0.6232983457387785
0.1399	2.430350509860059	-0.6233694650559669
0.14	2.430185617472217	-0.6234405589597823