0.0001	2.981815859408739	-0.40129747197095866
0.0002	2.9743464187968045	-0.4030113689397619
0.00030000000000000003	2.9686395642062546	-0.40432902789284203
0.0004	2.963844996375539	-0.4054414380767387
0.0005	2.9596333713398386	-0.4064226106946032
0.0006000000000000001	2.9558357874959276	-0.4073105168434663
0.0007000000000000001	2.9523519130657134	-0.4081277201294244
0.0008000000000000001	2.9491163786193684	-0.40888892610628713
0.0009000000000000002	2.9460837799670125	-0.40960435190775357
0.0010000000000000002	2.9432210597343413	-0.4102814383400695
0.0011000000000000003	2.9405032631324675	-0.4109258038670817
0.0012000000000000003	2.9379110034385105	-0.41154181439876353
0.0013000000000000004	2.9354288639381894	-0.41213294261152045
0.0014000000000000004	2.933044345247018	-0.41270200467810175
0.0015000000000000005	2.9307471464325703	-0.413251321955395
0.0016000000000000005	2.9285286590212767	-0.4137828348072363
0.0017000000000000006	2.9263816015619897	-0.4142981848204737
0.0018000000000000006	2.924299749781563	-0.41479877552282673
0.0019000000000000006	2.9222777334389742	-0.4152858180988174
0.0020000000000000005	2.920310880771208	-0.41576036640006603
0.0021000000000000003	2.9183950975743436	-0.4162233441636597
0.0022	2.9165267719363643	-0.4166755664589832
0.0023	2.914702698268612	-0.4171177567919885
0.0024	2.9129200160625777	-0.4175505608956421
0.0024999999999999996	2.911176160026885	-0.41797455795909394
0.0025999999999999994	2.909468819121935	-0.41839026985410593
0.0026999999999999993	2.9077959026253892	-0.41879816877877746
0.002799999999999999	2.906155511807607	-0.41919868363831275
0.002899999999999999	2.904545916123569	-0.41959220540889774
0.0029999999999999988	2.9029655330710624	-0.4199790916760468
0.0030999999999999986	2.9014129110478764	-0.4203596704976023
0.0031999999999999984	2.899886714679644	-0.4207342437103181
0.0032999999999999982	2.898385712196619	-0.42110308977496497
0.003399999999999998	2.896908764520151	-0.42146646623632733
0.003499999999999998	2.8954548157841047	-0.42182461185995845
0.0035999999999999977	2.8940228850671423	-0.42217774849614015
0.0036999999999999976	2.892612059152029	-0.422526082712454
0.0037999999999999974	2.8912214861602017	-0.4228698072291337
0.0038999999999999972	2.88985036993568	-0.42320910218556396
0.0039999999999999975	2.8884979650732245	-0.42354413626158927
0.004099999999999998	2.8871635725026845	-0.42387506767347727
0.004199999999999998	2.8858465355553005	-0.4242020450612455
0.004299999999999998	2.8845462364492134	-0.42452520828150203
0.0043999999999999985	2.8832620931408326	-0.4248446891178098
0.004499999999999999	2.8819935564965555	-0.4251606119188284
0.004599999999999999	2.8807401077458916	-0.42547309417301155
0.004699999999999999	2.8795012561825173	-0.4257822470274044
0.0048	2.8782765370843704	-0.4260881757570458
0.0049	2.8770655098278106	-0.42639098019060934
0.005	2.8758677561741757	-0.4266907550971638
0.0051	2.8746828787098435	-0.42698759053831614
0.005200000000000001	2.873510499423316	-0.42728157218943935
0.005300000000000001	2.872350258404915	-0.4275727816332546
0.005400000000000001	2.871201812656398	-0.4278612966286077
0.005500000000000001	2.8700648349993543	-0.42814719135696305
0.005600000000000002	2.8689390130725583	-0.42843053664883224
0.005700000000000002	2.8678240484095516	-0.4287114001920932
0.005800000000000002	2.8667196555887666	-0.42898984672394486
0.0059000000000000025	2.865625561449328	-0.42926593820804193
0.006000000000000003	2.8645415043664366	-0.4295397339981798
0.006100000000000003	2.863467233580899	-0.429811290989763
0.006200000000000003	2.862402508577922	-0.43008066376015075
0.0063000000000000035	2.861347098510846	-0.430347904698863
0.006400000000000004	2.860300781665884	-0.43061306412852685
0.006500000000000004	2.859263344964364	-0.43087619041735775
0.006600000000000004	2.8582345834993093	-0.4311373300838901
0.0067000000000000046	2.8572143001035197	-0.4313965278945937
0.006800000000000005	2.8562023049465495	-0.43165382695496685
0.006900000000000005	2.8551984151582768	-0.43190926879462366
0.007000000000000005	2.854202454476943	-0.4321628934468581
0.007100000000000006	2.8532142529197393	-0.4324147395231141
0.007200000000000006	2.8522336464742164	-0.43266484428275354
0.007300000000000006	2.851260476808908	-0.43291324369848444
0.007400000000000006	2.8502945910017505	-0.43315997251777255
0.007500000000000007	2.849335841284961	-0.4334050643205285
0.007600000000000007	2.848384084805176	-0.43364855157335463
0.007700000000000007	2.847439183397758	-0.4338904656805886
0.0078000000000000074	2.8465010033742426	-0.4341308370323747
0.007900000000000008	2.8455694153220294	-0.43436969504997763
0.008000000000000007	2.844644293915434	-0.43460706822851836
0.008100000000000007	2.8437255177373504	-0.43484298417732187
0.008200000000000006	2.842812969110792	-0.43507746965802657
0.008300000000000005	2.841906533939646	-0.4353105506206146
0.008400000000000005	2.8410061015580483	-0.4355422522374935
0.008500000000000004	2.8401115645878003	-0.43577259893575837
0.008600000000000003	2.8392228188033166	-0.43600161442775465
0.008700000000000003	2.838339763003619	-0.43622932174004686
0.008800000000000002	2.837462298890944	-0.43645574324089165
0.008900000000000002	2.8365903309555263	-0.4366809006663162
0.009000000000000001	2.835723766366211	-0.4369048151448789
0.0091	2.8348625148665123	-0.43712750722119686
0.0092	2.8340064886757976	-0.4373489968783156
0.0093	2.8331556023953017	-0.43756930355898715
0.009399999999999999	2.832309772918676	-0.43778844618592344
0.009499999999999998	2.831468919346803	-0.4380064431810815
0.009599999999999997	2.830632962906647	-0.438223312484041
0.009699999999999997	2.8298018268738923	-0.4384390715695201
0.009799999999999996	2.828975436499171	-0.43865373746408604
0.009899999999999996	2.828153718937655	-0.43886732676209445
0.009999999999999995	2.8273366031818665	-0.43907985564091295
0.010099999999999994	2.82652401999748	-0.4392913398754599
0.010199999999999994	2.8257159018619924	-0.43950179485209523
0.010299999999999993	2.8249121829060932	-0.4397112355819035
0.010399999999999993	2.8241127988575885	-0.43991967671339616
0.010499999999999992	2.8233176869877425	-0.4401271325446697
0.010599999999999991	2.822526786059925	-0.4403336170350401
0.01069999999999999	2.8217400362804193	-0.4405391438161869
0.01079999999999999	2.8209573792513094	-0.44074372620283014
0.01089999999999999	2.8201787579253206	-0.44094737720296573
0.010999999999999989	2.8194041165625174	-0.44115010952767447
0.011099999999999988	2.8186334006887734	-0.44135193560053665
0.011199999999999988	2.817866557055924	-0.4415528675666637
0.011299999999999987	2.817103533603516	-0.4417529173013671
0.011399999999999987	2.816344279422066	-0.4419520964184864
0.011499999999999986	2.8155887447177914	-0.4421504162783844
0.011599999999999985	2.814836880778694	-0.442347887995636
0.011699999999999985	2.8140886399419682	-0.4425445224464174
0.011799999999999984	2.813343975562666	-0.44274033027560983
0.011899999999999984	2.8126028419835425	-0.4429353219036369
0.011999999999999983	2.8118651945060504	-0.44312950753304203
0.012099999999999982	2.811130989362455	-0.4433228971548198
0.012199999999999982	2.810400183688777	-0.44351550055451444
0.012299999999999981	2.809672735499158	-0.44370732731809204
0.01239999999999998	2.80894860366073	-0.44389838683759897
0.01249999999999998	2.808227747869615	-0.4440886883166176
0.01259999999999998	2.8075101286277437	-0.4442782407755229
0.012699999999999979	2.8067957072204974	-0.4444670530565536
0.012799999999999978	2.8060844456951433	-0.44465513382870536
0.012899999999999977	2.8053763068400275	-0.44484249159245065
0.012999999999999977	2.8046712541644903	-0.44502913468429445
0.013099999999999976	2.8039692518794785	-0.4452150712811745
0.013199999999999976	2.8032702648788224	-0.4454003094047082
0.013299999999999975	2.8025742587211466	-0.4455848569252977
0.013399999999999974	2.801881199612393	-0.44576872156609537
0.013499999999999974	2.8011910543889407	-0.4459519109068352
0.013599999999999973	2.8005037905012635	-0.44613443238754075
0.013699999999999973	2.7998193759981587	-0.4463162933121056
0.013799999999999972	2.7991377795114634	-0.44649750085175977
0.013899999999999971	2.7984589702412896	-0.4466780620484249
0.01399999999999997	2.7977829179417304	-0.44685798381795566
0.01409999999999997	2.7971095929070144	-0.44703727295328305
0.01419999999999997	2.7964389659581226	-0.44721593612745536
0.014299999999999969	2.795771008429806	-0.4473939798965802
0.014399999999999968	2.795105692158035	-0.447571410702681
0.014499999999999968	2.7944429894678136	-0.4477482348764559
0.014599999999999967	2.7937828731613954	-0.4479244586399603
0.014699999999999967	2.7931253165068504	-0.44810008810919943
0.014799999999999966	2.792470293226982	-0.4482751292966457
0.014899999999999965	2.79181777748858	-0.4484495881136789
0.014999999999999965	2.7911677438920037	-0.4486234703729526
0.015099999999999964	2.7905201674610756	-0.4487967817906911
0.015199999999999964	2.789875023633265	-0.44896952798891493
0.015299999999999963	2.7892322882501768	-0.4491417144976047
0.015399999999999962	2.7885919375483117	-0.44931334675679846
0.015499999999999962	2.7879539481501006	-0.4494844301186294
0.015599999999999961	2.7873182970551897	-0.449654969849304
0.01569999999999996	2.786684961631992	-0.44982497113102266
0.01579999999999996	2.7860539196094622	-0.44999443906384956
0.01589999999999996	2.785425149069123	-0.45016337866752043
0.01599999999999996	2.784798628437307	-0.4503317948832095
0.016099999999999958	2.7841743364776153	-0.4504996925752412
0.016199999999999957	2.783552252283598	-0.45066707653275395
0.016299999999999957	2.7829323552716185	-0.450833951471321
0.016399999999999956	2.782314625173938	-0.4510003220345233
0.016499999999999956	2.781699042031968	-0.451166192795481
0.016599999999999955	2.781085586189725	-0.4513315682583447
0.016699999999999954	2.780474238287443	-0.4514964528597437
0.016799999999999954	2.7798649792553807	-0.45166085097019526
0.016899999999999953	2.7792577903077715	-0.4518247668954792
0.016999999999999953	2.7786526529369535	-0.45198820487797464
0.017099999999999952	2.7780495489076413	-0.4521511690979584
0.01719999999999995	2.7774484602513576	-0.4523136636748744
0.01729999999999995	2.7768493692610012	-0.4524756926685667
0.01739999999999995	2.776252258485569	-0.45263726008048016
0.01749999999999995	2.775657110724999	-0.4527983698548343
0.01759999999999995	2.775063909025158	-0.4529590258797601
0.01769999999999995	2.7744726366729533	-0.4531192319884153
0.017799999999999948	2.7738832771915662	-0.45327899196006516
0.017899999999999947	2.7732958143358077	-0.4534383095211401
0.017999999999999947	2.7727102320875923	-0.4535971883462665
0.018099999999999946	2.772126514651524	-0.4537556320592678
0.018199999999999945	2.7715446464505904	-0.45391364423414576
0.018299999999999945	2.7709646121219667	-0.4540712283960353
0.018399999999999944	2.7703863965129165	-0.45422838802213594
0.018499999999999944	2.7698099846767974	-0.45438512654261987
0.018599999999999943	2.769235361869169	-0.4545414473415198
0.018699999999999942	2.7686625135439815	-0.4546973537575935
0.018799999999999942	2.7680914253498683	-0.4548528490851696
0.01889999999999994	2.767522083126519	-0.4550079365749706
0.01899999999999994	2.766954472901144	-0.4551626194349183
0.01909999999999994	2.766388580885023	-0.4553169008309209
0.01919999999999994	2.7658243934701283	-0.45547078388763934
0.01929999999999994	2.7652618972258334	-0.4556242716892359
0.019399999999999938	2.7647010788957007	-0.4557773672801071
0.019499999999999938	2.764141925394331	-0.45593007366559996
0.019599999999999937	2.763584423804301	-0.45608239381270876
0.019699999999999936	2.7630285613731607	-0.4562343306507587
0.019799999999999936	2.7624743255105058	-0.45638588707207217
0.019899999999999935	2.7619217037851107	-0.4565370659326228
0.019999999999999934	2.7613706839221304	-0.45668787005267
0.020099999999999934	2.7608212538003634	-0.45683830221738336
0.020199999999999933	2.760273401449577	-0.45698836517745184
0.020299999999999933	2.759727115047893	-0.4571380616496792
0.020399999999999932	2.7591823829192283	-0.4572873943175652
0.02049999999999993	2.758639193530794	-0.4574363658318765
0.02059999999999993	2.7580975354906507	-0.45758497881120364
0.02069999999999993	2.7575573975453094	-0.4577332358425062
0.02079999999999993	2.7570187685774004	-0.4578811394816429
0.02089999999999993	2.7564816376033776	-0.4580286922538987
0.02099999999999993	2.755945993771271	-0.4581758966544901
0.021099999999999928	2.75541182635851	-0.45832275514906734
0.021199999999999927	2.754879124769758	-0.45846927017420314
0.021299999999999927	2.754347878534826	-0.4586154441378693
0.021399999999999926	2.7538180773066108	-0.4587612794199083
0.021499999999999925	2.7532897108590793	-0.45890677837248944
0.021599999999999925	2.7527627690853027	-0.45905194332055815
0.021699999999999924	2.7522372419955228	-0.45919677656227675
0.021799999999999924	2.7517131197152636	-0.4593412803694536
0.021899999999999923	2.751190392483477	-0.45948545698796767
0.021999999999999922	2.7506690506507367	-0.4596293086381765
0.022099999999999922	2.750149084677455	-0.4597728375153279
0.02219999999999992	2.7496304851321476	-0.45991604578994943
0.02229999999999992	2.749113242689724	-0.4600589356082419
0.02239999999999992	2.748597348129827	-0.460201509092457
0.02249999999999992	2.7480827923351834	-0.46034376834127083
0.02259999999999992	2.747569566290009	-0.4604857154301521
0.022699999999999918	2.747057661078437	-0.4606273524117162
0.022799999999999918	2.746547067882969	-0.46076868131608006
0.022899999999999917	2.746037777982975	-0.460909704151203
0.022999999999999916	2.7455297827532017	-0.4610504229032284
0.023099999999999916	2.7450230736623316	-0.46119083953681084
0.023199999999999915	2.744517642271551	-0.46133095599544255
0.023299999999999915	2.744013480233162	-0.46147077420177196
0.023399999999999914	2.7435105792892016	-0.4616102960579138
0.023499999999999913	2.743008931270112	-0.46174952344575787
0.023599999999999913	2.7425085280934165	-0.46188845822726765
0.023699999999999912	2.7420093617624297	-0.46202710224477495
0.02379999999999991	2.741511424364987	-0.4621654573212695
0.02389999999999991	2.7410147080722074	-0.4623035252606819
0.02399999999999991	2.7405192051372684	-0.4624413078481624
0.02409999999999991	2.740024907894208	-0.4625788068503538
0.02419999999999991	2.739531808756758	-0.46271602401565837
0.02429999999999991	2.739039900217179	-0.4628529610745029
0.024399999999999908	2.7385491748451414	-0.4629896197395944
0.024499999999999907	2.7380596252866036	-0.46312600170617546
0.024599999999999907	2.7375712442627282	-0.4632621086522711
0.024699999999999906	2.737084024568813	-0.46339794223893455
0.024799999999999905	2.7365979590732334	-0.4635335041104871
0.024899999999999905	2.7361130407164165	-0.46366879589475096
0.024999999999999904	2.7356292625098244	-0.46380381920328356
0.025099999999999904	2.735146617534962	-0.46393857563160307
0.025199999999999903	2.7346650989423966	-0.46407306675941135
0.025299999999999902	2.7341846999508044	-0.46420729415081247
0.025399999999999902	2.733705413846019	-0.4643412593545281
0.0254999999999999	2.733227233980114	-0.4644749639041111
0.0255999999999999	2.7327501537704855	-0.46460840931814923
0.0256999999999999	2.732274166698968	-0.4647415971004704
0.0257999999999999	2.7317992663109467	-0.4648745287403452
0.0258999999999999	2.731325446214502	-0.46500720571268095
0.025999999999999898	2.730852700079558	-0.46513962947821663
0.026099999999999898	2.730381021637051	-0.4652718014837128
0.026199999999999897	2.729910404678112	-0.4654037231621377
0.026299999999999896	2.72944084305326	-0.4655353959328518
0.026399999999999896	2.7289723306716094	-0.46566682120178854
0.026499999999999895	2.7285048615000984	-0.46579800036163127
0.026599999999999895	2.7280384295627234	-0.4659289347919861
0.026699999999999894	2.727573028939782	-0.46605962585955724
0.026799999999999893	2.7271086537671416	-0.4661900749183118
0.026899999999999893	2.7266452982355087	-0.46632028330964786
0.026999999999999892	2.7261829565897204	-0.46645025236255633
0.02709999999999989	2.7257216231280323	-0.4665799833937823
0.02719999999999989	2.7252612922014405	-0.46670947770798116
0.02729999999999989	2.7248019582129914	-0.4668387365978759
0.02739999999999989	2.724343615617125	-0.466967761344407
0.02749999999999989	2.7238862589190047	-0.46709655321688437
0.02759999999999989	2.7234298826738845	-0.46722511347313433
0.027699999999999888	2.7229744814864656	-0.4673534433596454
0.027799999999999887	2.7225200500102713	-0.4674815441117093
0.027899999999999887	2.722066582947036	-0.46760941695356234
0.027999999999999886	2.7216140750460966	-0.4677370630985253
0.028099999999999885	2.721162521103799	-0.46786448374913703
0.028199999999999885	2.720711915962909	-0.4679916800972899
0.028299999999999884	2.7202622545120403	-0.4681186533243607
0.028399999999999884	2.7198135316850847	-0.4682454046013404
0.028499999999999883	2.7193657424606523	-0.468371935088962
0.028599999999999882	2.7189188818615246	-0.4684982459378263
0.028699999999999882	2.718472944954112	-0.46862433828852423
0.02879999999999988	2.7180279268479213	-0.46875021327176086
0.02889999999999988	2.7175838226950315	-0.46887587200847247
0.02899999999999988	2.7171406276895804	-0.4690013156099461
0.02909999999999988	2.7166983370672524	-0.46912654517793606
0.02919999999999988	2.716256946104779	-0.46925156180477595
0.029299999999999878	2.7158164501194526	-0.46937636657349424
0.029399999999999878	2.7153768444686324	-0.46950096055792256
0.029499999999999877	2.7149381245492736	-0.4696253448228067
0.029599999999999876	2.7145002857974525	-0.46974952042391216
0.029699999999999876	2.7140633236879115	-0.4698734884081317
0.029799999999999875	2.7136272337335905	-0.4699972498135886
0.029899999999999875	2.7131920114851913	-0.4701208056697398
0.029999999999999874	2.7127576525307258	-0.47024415699747635
0.030099999999999873	2.7123241524950816	-0.4703673048092244
0.030199999999999873	2.7118915070396	-0.4704902501090412
0.030299999999999872	2.7114597118616444	-0.4706129938927142
0.03039999999999987	2.7110287626941862	-0.470735537147854
0.03049999999999987	2.7105986553053976	-0.47085788085399
0.03059999999999987	2.710169385498245	-0.47098002598266236
0.03069999999999987	2.70974094911009	-0.47110197349751126
0.03079999999999987	2.7093133420122997	-0.4712237243543694
0.03089999999999987	2.7088865601098546	-0.4713452795013492
0.030999999999999868	2.7084605993409747	-0.47146663987893
0.031099999999999867	2.7080354556767374	-0.47158780642004383
0.031199999999999867	2.7076111251207116	-0.4717087800501601
0.03129999999999987	2.7071876037085896	-0.471829561687369
0.03139999999999987	2.706764887507829	-0.4719501522424647
0.031499999999999875	2.706342972617303	-0.4720705526190248
0.03159999999999988	2.7059218551669413	-0.4721907637134921
0.03169999999999988	2.7055015313173914	-0.4723107864152506
0.031799999999999884	2.7050819972596827	-0.4724306216067062
0.03189999999999989	2.7046632492148848	-0.4725502701633624
0.03199999999999989	2.7042452834337793	-0.47266973295389425
0.03209999999999989	2.703828096196538	-0.4727890108402244
0.032199999999999895	2.7034116838123996	-0.472908104677596
0.0322999999999999	2.7029960426193522	-0.4730270153146456
0.0323999999999999	2.7025811689838237	-0.4731457435934728
0.032499999999999904	2.702167059300374	-0.47326429034971257
0.03259999999999991	2.7017537099913906	-0.4733826564126036
0.03269999999999991	2.7013411175067903	-0.4735008426050579
0.03279999999999991	2.700929278323723	-0.4736188497437261
0.032899999999999915	2.7005181889462815	-0.4737366786390663
0.03299999999999992	2.7001078459052166	-0.47385433009540856
0.03309999999999992	2.6996982457576517	-0.4739718049110194
0.033199999999999924	2.6992893850868054	-0.4740891038781669
0.03329999999999993	2.6988812605017087	-0.47420622778318333
0.03339999999999993	2.69847386863695	-0.4743231774065263
0.03349999999999993	2.698067206152386	-0.47443995352284096
0.033599999999999935	2.697661269732894	-0.4745565569010215
0.03369999999999994	2.6972560560881047	-0.4746729883042683
0.03379999999999994	2.696851561952144	-0.4747892484901499
0.033899999999999944	2.6964477840833783	-0.4749053382106579
0.03399999999999995	2.6960447192641666	-0.4750212582122684
0.03409999999999995	2.6956423643006158	-0.4751370092359934
0.03419999999999995	2.6952407160223286	-0.47525259201744224
0.034299999999999956	2.6948397712821706	-0.47536800728687234
0.03439999999999996	2.694439526956026	-0.47548325576924627
0.03449999999999996	2.6940399799425676	-0.4755983381842836
0.034599999999999964	2.693641127163029	-0.475713255246516
0.03469999999999997	2.693242965560964	-0.47582800766533717
0.03479999999999997	2.6928454921020326	-0.4759425961450561
0.03489999999999997	2.6924487037737745	-0.47605702138494865
0.034999999999999976	2.6920525975853864	-0.4761712840793048
0.03509999999999998	2.6916571705675114	-0.4762853849174827
0.03519999999999998	2.6912624197720185	-0.4763993245839534
0.035299999999999984	2.690868342271796	-0.4765131037583522
0.03539999999999999	2.69047493516054	-0.47662672311552595
0.03549999999999999	2.6900821955525505	-0.47674018332557844
0.03559999999999999	2.6896901205825254	-0.4768534850539197
0.035699999999999996	2.6892987074053636	-0.47696662896130937
0.0358	2.6889079531959608	-0.47707961570390556
0.0359	2.688517855149021	-0.47719244593330457
0.036000000000000004	2.6881284104788565	-0.4773051202965911
0.03610000000000001	2.6877396164192016	-0.47741763943637694
0.03620000000000001	2.6873514702230215	-0.4775300039908469
0.03630000000000001	2.6869639691623264	-0.477642214593802
0.036400000000000016	2.68657711052799	-0.47775427187469877
0.03650000000000002	2.6861908916295647	-0.4778661764586941
0.03660000000000002	2.6858053097951036	-0.47797792896668395
0.036700000000000024	2.6854203623709827	-0.47808953001534493
0.03680000000000003	2.685036046721729	-0.4782009802171741
0.03690000000000003	2.6846523602298413	-0.4783122801805304
0.03700000000000003	2.684269300295626	-0.4784234305096702
0.037100000000000036	2.6838868643370275	-0.47853443180478883
0.03720000000000004	2.683505049789454	-0.47864528466205825
0.03730000000000004	2.6831238541056237	-0.47875598967366334
0.037400000000000044	2.6827432747553974	-0.4788665474278415
0.03750000000000005	2.6823633092256136	-0.4789769585089178
0.03760000000000005	2.681983955019937	-0.4790872234973415
0.03770000000000005	2.6816052096586995	-0.4791973429697227
0.037800000000000056	2.681227070678739	-0.47930731749886774
0.03790000000000006	2.6808495356332585	-0.479417147653813
0.03800000000000006	2.680472602091663	-0.4795268339998618
0.038100000000000064	2.6800962676394167	-0.47963637709861745
0.03820000000000007	2.679720529877891	-0.4797457775080165
0.03830000000000007	2.6793453864242256	-0.4798550357823635
0.03840000000000007	2.6789708349111767	-0.47996415247236307
0.038500000000000076	2.6785968729869762	-0.4800731281251534
0.03860000000000008	2.678223498315193	-0.480181963284338
0.03870000000000008	2.677850708574595	-0.48029065849001856
0.038800000000000084	2.677478501459005	-0.4803992142788242
0.03890000000000009	2.6771068746771705	-0.4805076311839466
0.03900000000000009	2.676735825952629	-0.4806159097351661
0.03910000000000009	2.6763653530235705	-0.4807240504588862
0.039200000000000096	2.6759954536427117	-0.48083205387816197
0.0393000000000001	2.6756261255771627	-0.4809399205127292
0.0394000000000001	2.675257366608298	-0.48104765087903606
0.039500000000000104	2.674889174531632	-0.48115524549026867
0.03960000000000011	2.674521547156694	-0.48126270485638434
0.03970000000000011	2.6741544823069012	-0.4813700294841361
0.03980000000000011	2.673787977819438	-0.481477219877104
0.039900000000000116	2.6734220315451322	-0.4815842765357195
0.04000000000000012	2.673056641348341	-0.4816911999572959
0.04010000000000012	2.6726918051068247	-0.48179799063605505
0.040200000000000125	2.672327520711637	-0.4819046490631529
0.04030000000000013	2.671963786067004	-0.4820111757267069
0.04040000000000013	2.6716005990902096	-0.482117571111823
0.04050000000000013	2.6712379577114835	-0.48222383570062044
0.040600000000000136	2.670875859873895	-0.48232996997225824
0.04070000000000014	2.670514303533228	-0.48243597440295977
0.04080000000000014	2.6701532866578885	-0.48254184946603973
0.040900000000000145	2.669792807228779	-0.4826475956319267
0.04100000000000015	2.6694328632392077	-0.48275321336818966
0.04110000000000015	2.6690734526947697	-0.4828587031395612
0.04120000000000015	2.6687145736132494	-0.4829640654079619
0.041300000000000156	2.668356224024512	-0.48306930063252357
0.04140000000000016	2.667998401970408	-0.4831744092696148
0.04150000000000016	2.6676411055046634	-0.4832793917728626
0.041600000000000165	2.667284332692783	-0.4833842485931737
0.04170000000000017	2.666928081611953	-0.48348898017876274
0.04180000000000017	2.6665723503509438	-0.4835935869751681
0.04190000000000017	2.6662171370100025	-0.48369806942527954
0.042000000000000176	2.6658624397007706	-0.4838024279693574
0.04210000000000018	2.6655082565461816	-0.48390666304505603
0.04220000000000018	2.6651545856803653	-0.48401077508744356
0.042300000000000185	2.664801425248563	-0.4841147645290257
0.04240000000000019	2.664448773407025	-0.4842186317997635
0.04250000000000019	2.664096628322924	-0.4843223773270994
0.04260000000000019	2.6637449881742716	-0.4844260015359712
0.042700000000000196	2.663393851149816	-0.48452950484883933
0.0428000000000002	2.663043215448967	-0.4846328876857014
0.0429000000000002	2.6626930792816954	-0.48473615046411694
0.043000000000000205	2.6623434408684616	-0.4848392935992236
0.04310000000000021	2.6619942984401157	-0.4849423175037592
0.04320000000000021	2.661645650237823	-0.4850452225880795
0.04330000000000021	2.6612974945129775	-0.48514800926017876
0.043400000000000216	2.6609498295271146	-0.48525067792570736
0.04350000000000022	2.6606026535518357	-0.48535322898799294
0.04360000000000022	2.6602559648687234	-0.4854556628480561
0.043700000000000225	2.659909761769263	-0.48555797990463034
0.04380000000000023	2.6595640425547615	-0.4856601805541817
0.04390000000000023	2.6592188055362684	-0.4857622651909241
0.04400000000000023	2.6588740490345018	-0.48586423420683844
0.044100000000000236	2.658529771379765	-0.485966087991691
0.04420000000000024	2.658185970911877	-0.48606782693305034
0.04430000000000024	2.657842645980093	-0.4861694514163044
0.044400000000000245	2.6574997949430297	-0.48627096182467777
0.04450000000000025	2.6571574161685927	-0.48637235853924904
0.04460000000000025	2.656815508033904	-0.48647364193896714
0.04470000000000025	2.656474068925227	-0.48657481240066935
0.044800000000000256	2.6561330972378943	-0.48667587029909515
0.04490000000000026	2.655792591376245	-0.4867768160069047
0.04500000000000026	2.6554525497535413	-0.48687764989469473
0.045100000000000265	2.6551129707919086	-0.486978372331014
0.04520000000000027	2.654773852922263	-0.48707898368237873
0.04530000000000027	2.6544351945842437	-0.48717948431329006
0.045400000000000273	2.6540969942261463	-0.48727987458624716
0.045500000000000276	2.653759250304852	-0.4873801548617655
0.04560000000000028	2.6534219612857695	-0.48748032549838793
0.04570000000000028	2.6530851256427597	-0.48758038685270455
0.045800000000000285	2.652748741858078	-0.4876803392793641
0.04590000000000029	2.6524128084223064	-0.4877801831310901
0.04600000000000029	2.652077323834294	-0.4878799187586959
0.046100000000000294	2.651742286601085	-0.4879795465110978
0.046200000000000296	2.6514076952378707	-0.48807906673533025
0.0463000000000003	2.6510735482679104	-0.4881784797765605
0.0464000000000003	2.650739844222486	-0.4882777859781025
0.046500000000000305	2.6504065816408295	-0.48837698568142934
0.04660000000000031	2.6500737590700743	-0.48847607922618885
0.04670000000000031	2.6497413750651826	-0.4885750669502169
0.046800000000000314	2.649409428188899	-0.48867394918955037
0.046900000000000316	2.6490779170116827	-0.4887727262784405
0.04700000000000032	2.6487468401116567	-0.4888713985493671
0.04710000000000032	2.648416196074547	-0.4889699663330506
0.047200000000000325	2.6480859834936252	-0.489068429958466
0.04730000000000033	2.647756200969655	-0.4891667897528554
0.04740000000000033	2.6474268471108373	-0.48926504604174054
0.047500000000000334	2.6470979205327505	-0.4893631991489355
0.047600000000000336	2.6467694198583	-0.4894612493965596
0.04770000000000034	2.6464413437176644	-0.4895591971050494
0.04780000000000034	2.6461136907482388	-0.4896570425931717
0.047900000000000345	2.645786459594585	-0.48975478617803536
0.04800000000000035	2.6454596489083784	-0.489852428175102
0.04810000000000035	2.645133257348355	-0.48994996889820064
0.048200000000000354	2.6448072835802594	-0.490047408659537
0.04830000000000036	2.644481726276796	-0.4901447477697078
0.04840000000000036	2.6441565841175754	-0.4902419865377094
0.04850000000000036	2.64383185578907	-0.4903391252709516
0.048600000000000365	2.6435075399845553	-0.4904361642752684
0.04870000000000037	2.643183635404073	-0.49053310385492915
0.04880000000000037	2.6428601407543666	-0.4906299443126497
0.048900000000000374	2.6425370547488494	-0.49072668594960384
0.04900000000000038	2.6422143761075465	-0.4908233290654344
0.04910000000000038	2.6418921035570486	-0.49091987395826253
0.04920000000000038	2.641570235830468	-0.4910163209247019
0.049300000000000385	2.6412487716673922	-0.49111267025986555
0.04940000000000039	2.6409277098138344	-0.4912089222573791
0.04950000000000039	2.640607049022191	-0.49130507720939054
0.049600000000000394	2.6402867880511933	-0.49140113540657976
0.0497000000000004	2.639966925665868	-0.4914970971381705
0.0498000000000004	2.639647460637485	-0.4915929626919391
0.0499000000000004	2.6393283917435233	-0.49168873235422544
0.050000000000000405	2.639009717767617	-0.49178440640994325
0.05010000000000041	2.6386914374995185	-0.4918799851425891
0.05020000000000041	2.638373549735055	-0.49197546883425247
0.050300000000000414	2.6380560532760846	-0.49207085776562626
0.05040000000000042	2.6377389469304546	-0.4921661522160162
0.05050000000000042	2.637422229511959	-0.49226135246335007
0.05060000000000042	2.6371058998403023	-0.4923564587841876
0.050700000000000425	2.63678995674105	-0.4924514714537289
0.05080000000000043	2.6364743990455937	-0.49254639074582623
0.05090000000000043	2.636159225591111	-0.49264121693298946
0.051000000000000434	2.6358444352205206	-0.49273595028640005
0.05110000000000044	2.6355300267824533	-0.49283059107591487
0.05120000000000044	2.6352159991311974	-0.4929251395700802
0.05130000000000044	2.634902351126677	-0.4930195960361374
0.051400000000000445	2.634589081634398	-0.49311396074003266
0.05150000000000045	2.634276189525421	-0.4932082339464262
0.05160000000000045	2.6339636736763166	-0.49330241591869967
0.051700000000000454	2.633651532969135	-0.4933965069189685
0.05180000000000046	2.6333397662913596	-0.49349050720808396
0.05190000000000046	2.633028372535877	-0.49358441704564854
0.05200000000000046	2.6327173506009425	-0.4936782366900195
0.052100000000000465	2.6324066993901325	-0.49377196639831994
0.05220000000000047	2.6320964178123227	-0.4938656064264456
0.05230000000000047	2.6317865047816418	-0.4939591570290739
0.052400000000000474	2.6314769592174434	-0.49405261845967124
0.05250000000000048	2.6311677800442665	-0.4941459909705016
0.05260000000000048	2.630858966191802	-0.4942392748126347
0.05270000000000048	2.6305505165948606	-0.4943324702359537
0.052800000000000485	2.630242430193333	-0.49442557748916344
0.05290000000000049	2.6299347059321643	-0.4945185968197968
0.05300000000000049	2.629627342761316	-0.4946115284742238
0.053100000000000494	2.6293203396357265	-0.4947043726976599
0.0532000000000005	2.6290136955152934	-0.4947971297341707
0.0533000000000005	2.628707409364826	-0.49488979982668346
0.0534000000000005	2.628401480154023	-0.4949823832169907
0.053500000000000505	2.6280959068574314	-0.49507488014575995
0.05360000000000051	2.627790688454425	-0.49516729085254124
0.05370000000000051	2.6274858239291645	-0.49525961557577286
0.053800000000000514	2.6271813122705705	-0.4953518545527889
0.05390000000000052	2.626877152472288	-0.49544400801982835
0.05400000000000052	2.626573343532665	-0.4955360762120386
0.05410000000000052	2.6262698844547083	-0.49562805936348664
0.054200000000000526	2.6259667742460664	-0.49571995770716276
0.05430000000000053	2.625664011918992	-0.49581177147498934
0.05440000000000053	2.625361596490313	-0.4959035008978258
0.054500000000000534	2.6250595269814054	-0.4959951462054778
0.05460000000000054	2.624757802418162	-0.4960867076267031
0.05470000000000054	2.624456421830962	-0.4961781853892172
0.05480000000000054	2.6241553842546486	-0.49626957971970126
0.054900000000000546	2.623854688728494	-0.49636089084380736
0.05500000000000055	2.623554334296171	-0.49645211898616687
0.05510000000000055	2.6232543200057283	-0.49654326437039586
0.055200000000000554	2.6229546449095635	-0.49663432721910095
0.05530000000000056	2.62265530806439	-0.49672530775388696
0.05540000000000056	2.6223563085312174	-0.4968162061953622
0.05550000000000056	2.6220576453753135	-0.49690702276314597
0.055600000000000566	2.6217593176661893	-0.4969977576758725
0.05570000000000057	2.6214613244775644	-0.4970884111511993
0.05580000000000057	2.6211636648873418	-0.49717898340581296
0.055900000000000574	2.620866337977585	-0.4972694746554344
0.05600000000000058	2.620569342834485	-0.4973598851148258
0.05610000000000058	2.6202726785483454	-0.49745021499779474
0.05620000000000058	2.619976344213543	-0.4975404645172033
0.056300000000000586	2.6196803389285144	-0.497630633884971
0.05640000000000059	2.6193846617957246	-0.49772072331208184
0.05650000000000059	2.619089311921639	-0.4978107330085903
0.056600000000000594	2.6187942884167104	-0.49790066318362597
0.0567000000000006	2.6184995903953405	-0.49799051404540107
0.0568000000000006	2.618205216975864	-0.49808028580121505
0.0569000000000006	2.6179111672805178	-0.49816997865745866
0.057000000000000606	2.6176174404354273	-0.49825959281962307
0.05710000000000061	2.6173240355705714	-0.4983491284923021
0.05720000000000061	2.6170309518197654	-0.4984385858792
0.057300000000000614	2.616738188320634	-0.49852796518313414
0.05740000000000062	2.6164457442145905	-0.49861726660604366
0.05750000000000062	2.6161536186468135	-0.4987064903489934
0.05760000000000062	2.6158618107662197	-0.4987956366121777
0.057700000000000626	2.6155703197254496	-0.4988847055949276
0.05780000000000063	2.615279144680834	-0.49897369749571563
0.05790000000000063	2.6149882847923824	-0.4990626125121615
0.058000000000000634	2.6146977392237516	-0.49915145084103557
0.05810000000000064	2.614407507142229	-0.4992402126782654
0.05820000000000064	2.6141175877187126	-0.49932889821893994
0.05830000000000064	2.61382798012768	-0.4994175076573165
0.058400000000000646	2.6135386835471754	-0.49950604118682185
0.05850000000000065	2.613249697158788	-0.4995944990000611
0.05860000000000065	2.6129610201476248	-0.49968288128882105
0.058700000000000654	2.6126726517022956	-0.49977118824407435
0.05880000000000066	2.6123845910148855	-0.4998594200559856
0.05890000000000066	2.612096837280942	-0.49994757691391534
0.05900000000000066	2.61180938969945	-0.5000356590064254
0.059100000000000666	2.611522247472809	-0.500123666521283
0.05920000000000067	2.611235409806819	-0.5002115996454652
0.05930000000000067	2.6109488759106556	-0.5002994585651652
0.059400000000000674	2.61066264499685	-0.5003872434657948
0.05950000000000068	2.610376716281274	-0.5004749545319905
0.05960000000000068	2.6100910889831126	-0.5005625919476171
0.05970000000000068	2.609805762324851	-0.5006501558957743
0.059800000000000686	2.609520735532255	-0.5007376465587966
0.05990000000000069	2.6092360078343453	-0.5008250641182634
0.06000000000000069	2.6089515784633854	-0.5009124087549994