0.15079968787274392	0.000010977111491325243
0.15079024472852154	8.26772251132417e-6
0.1507703712823829	6.1759189415716494e-6
0.15074021924102418	4.574239458773112e-6
0.15069994092297004	3.3582844025319943e-6
0.15064968916693994	2.4432771757055885e-6
0.15058961724229275	1.7609852653238522e-6
0.15051987876156994	1.2569931106197274e-6
0.15044062759514337	8.883129798154476e-7
0.15035201778798638	6.213150751580672e-7
0.15025420347856602	4.2995429535806954e-7
0.15014733881987194	2.942684287722835e-7
0.15003157790257504	1.9912097043742917e-7
0.14990707468778133	1.3316115730120176e-7
0.14977398290855923	8.797407731295164e-8
0.1496324560327553	5.7394689358953884e-8
0.14948264717604706	3.696114245036693e-8
0.14932470903955297	2.3484752795523115e-8
0.1491587938457398	1.4716241293601649e-8
0.148985053276417	9.090218932255737e-9
0.14880363841281902	5.532318141605176e-9
0.14861469967775146	3.315709231517744e-9
0.14841838677978722	1.955939197680707e-9
0.14821484865949724	1.135033573793107e-9
0.14800423343769273	6.475789283957708e-10
0.1477866883656604	3.630400884240138e-10
0.14756235977736892	1.9986293038018218e-10
0.14733139304362344	1.0798264074120454e-10
0.14709393252813993	5.721868077830767e-11
0.1468501215455233	2.971608976984982e-11
0.14660010232111154	1.5115143054047008e-11
0.14634401595266858	7.524630875582095e-12
0.14608200237389107	3.663399603976592e-12
0.14581420031970332	1.742894716877661e-12
0.14554074729331096	8.096451088012776e-13
0.1452617795349818	3.6693627290853104e-13
0.14497743199252017	1.620992477151954e-13
0.1446878382929115	6.97386422184808e-14
0.14439313071810891	2.9191808266930256e-14
0.1440934401773866	1.1877389032910165e-14
0.1437888961863039	4.6926140175687666e-15
0.14347962684467885	1.7984039415953437e-15
0.14316575881657104	6.678293989717438e-16
0.14284741731173048	2.4002635688875704e-16
0.14252472606848243	8.339842928872998e-17
0.1421978073380097	2.797906507885076e-17
0.14186678187000526	9.051809311858981e-18
0.1415317688997846	2.8202898658490726e-18
0.14119288613603473	8.451143310665714e-19
0.14085024975115498	2.432118906503397e-19
0.14050397437149845	6.712156895137315e-20
0.1401541730694706	1.7737107697369587e-20
0.1398009573566653	4.480809181736047e-21
0.13944443717811275	1.0803527743467572e-21
0.1390847209076405	2.4817880203511114e-22
0.1387219153441547	5.422242309543367e-23
0.13835612570958883	1.124612808802716e-23
0.1379874556465766	2.2100392054168104e-24
0.13761600711726937	4.1067635548957837e-25
0.13724188090899275	7.201080571874131e-26
0.13686517562456021	1.188922351624764e-26
0.13648598869528036	1.844120872651299e-27
0.13610441587842967	2.680949379088754e-28
0.13572055136207986	3.64413002095372e-29
0.1353344877696041	4.619612176024239e-30
0.13494631616493477	5.447282197833135e-31
0.13455612605853176	5.95836754863141e-32
0.13416400541403822	6.02851329408046e-33
0.1337700406555954	5.6252419685030105e-34
0.1333743166757877	4.8259267875807e-35
0.13297691684418703	3.794329134442247e-36
0.1325779230164771	2.7249193442821597e-37
0.13217741554412382	1.7812599626547095e-38
0.13177547328456754	1.056051385888496e-39
0.13137217361191686	5.657073141122746e-41
0.13096759242811037	2.727379071410806e-42
0.13056180417453048	1.1786213996365117e-43
0.13015488184403662	4.5460430978360333e-45
0.12974689699340633	1.5581256873341804e-46
0.12933791975614553	4.7236874268440887e-48
0.12892801885566377	1.2606276266554524e-49
0.1285172616187758	2.9467984577958275e-51
0.12810571398952267	6.002232734092858e-53
0.1276934405406262	1.0595484264389993e-54
0.12728050449843117	1.611844032559767e-56
0.12686696774178646	2.1007076916316918e-58
0.12645289086140837	2.3312446639277807e-60
0.12603833300213085	2.188856263548571e-62
0.12562335221865736	1.72728789049938e-64
0.1252080051505538	1.137678343712512e-66
0.12479234720810649	6.209313196105959e-69
0.12437643255404805	2.7871875820132337e-71
0.12396031411945883	1.0208876300257208e-73
0.1235440436197829	3.0263871243525675e-76
0.12312767157076737	7.199464055753118e-79
0.12271124730537526	1.3622011958158766e-81
0.12229481898901742	2.031041622476513e-84
0.12187843363669001	2.3633679944583637e-87
0.12146213712872624	2.1246968191623657e-90
0.1210459742278882	1.4603109228206934e-93
0.1206299885953647	7.589429366412e-97
0.1202142228073232	2.9485950068498563e-100
0.11979871837135812	8.462036924818933e-104
0.11938351574292176	1.7716384170355044e-107
0.1189686543427885	2.6709578200338803e-111
0.11855417256925421	2.860593828686052e-115
0.11814010782072346	2.1458082140309163e-119
0.11772649650784814	1.1108375508329342e-123
0.11731337407079356	3.907808949709681e-128
0.11690077499540011	9.192703728352165e-133
0.11648873282927444	1.4219252420314994e-137
0.11607728019779487	1.4210468171284166e-142
0.11566644882002985	9.008988036936826e-148
0.11525626952455773	3.5543915374264353e-153
0.11484677226518841	8.554472171898575e-159
0.11443798613556463	1.2299607625791637e-164
0.11402993938870197	1.033682520315782e-170
0.11362265944736968	4.963480825587291e-177
0.11321617291903778	1.3296950564083825e-183
0.11281050561656415	1.9385846583277525e-190
0.11240568256877559	1.4986510410670418e-197
0.1120017280364234	5.978718713717677e-205
0.11159866552689043	1.1964246641572425e-212
0.11119651780875188	1.165880281749981e-220
0.11079530692618532	5.36356268414637e-229
0.1103950542132318	1.1277509258892845e-237
0.10999578030789611	1.0476696980628106e-246
0.1095975051660935	4.1505807353820954e-256
0.10920024807543235	6.757526852777916e-266
0.1088040276688347	4.349587766988487e-276
0.10840886193799215	1.0629371983540997e-286
0.10801476824665358	9.453184564094514e-298
0.10762176334374515	2.92702876748076e-309
0.10722986337631993	3.014e-321
0.1068390839023369	0.
0.10644943990326428	0.
0.10606094579651482	0.
0.10567361544770199	0.
0.10528746218272382	0.
0.10490249879967117	0.
0.10451873758056092	0.
0.10413619030289198	0.
0.10375486825102724	0.
0.1033747822273997	0.
0.10299594256354214	0.
0.10261835913094305	0.
0.10224204135172611	0.
0.1018669982091589	0.
0.10149323825798437	0.
0.10112076963458315	0.
0.10074960006696015	0.
0.10037973688456613	0.
0.10001118702794248	0.
0.09964395705820246	0.
0.09927805316634267	0.
0.0989134811823888	0.
0.09855024658437539	0.
0.09818835450716282	0.
0.09782780975109244	0.
0.09746861679047952	0.
0.09711077978194586	0.
0.09675430257259984	0.
0.09639918870805322	0.
0.09604544144028865	0.
0.09569306373537341	0.
0.09534205828101838	0.
0.09499242749399345	0.
0.09464417352739068	0.
0.0942972982777446	0.
0.09395180339200605	0.
0.09360758332329192	0.
0.09326496009299709	0.
0.09292361378651019	0.
0.09258365207047053	0.
0.0922450754436308	0.
0.09190788419409253	0.
0.09157207840532548	0.
0.091237657962059	0.
0.09090462255604478	0.
0.09057297169169751	0.
0.09024270466035009	0.
0.08991382067046914	0.
0.08958631866608037	0.
0.08926019745620781	0.
0.088935455688927	0.
0.0886120918880997	0.
0.08829010433089643	0.
0.08796949124348542	0.
0.0876502506774416	0.
0.08733238054956542	0.
0.08701587864106833	0.
0.08670074260528983	0.
0.0863869699710381	0.
0.0860745581584826	0.
0.08576350443717115	0.
0.0854538059959298	0.
0.0851454599064796	0.
0.08483846313441519	0.
0.08453281254392378	0.
0.08422850488927201	0.
0.0839255368664964	0.
0.08362390504437363	0.
0.08332360591597283	0.
0.08302463588979067	0.
0.08272699129287417	0.
0.08243066837423647	0.
0.08213566330635141	0.
0.0818419721902295	0.
0.08154959105679871	0.
0.08125851587000708	0.
0.08096874252949887	0.
0.08068026688357444	0.
0.08039308468893008	0.
0.08010719167945261	0.
0.07982258352299243	0.
0.07953925583010409	0.
0.079257204179149	0.
0.07897642408230357	0.
0.07869691101320965	0.
0.07841865598148381	0.
0.07814166763922419	0.
0.07786592807409612	0.
0.077591437020186	0.
0.07731818975543675	0.
0.07704618152437667	0.
0.07677540753990683	0.
0.07650586298504201	0.
0.07623754301459888	0.
0.07597044275684146	0.
0.07570455731507839	0.
0.07543988176921633	0.
0.07517641117726839	0.
0.07491414057682161	0.
0.0746530649864603	0.
0.07439317940715134	0.
0.07413447882358813	0.
0.07387695820290083	0.
0.07362061250684299	0.
0.0733654366758247	0.
0.07311142564311365	0.
0.07285857432836802	0.
0.07260687764627415	0.
0.07235633050209854	0.
0.07210692779426589	0.
0.07185866441538537	0.
0.07161153525324686	0.
0.0713655351917847	0.
0.07112065911201555	0.
0.07087690189294338	0.
0.07063425841244063	0.
0.07039272354809735	0.
0.07015229217804733	0.
0.06991295918176668	0.
0.06967471944084745	0.
0.06943756783974592	0.
0.06920149926650751	0.
0.06896650861346791	0.
0.06873259077793167	0.
0.0684997406628279	0.
0.06826795317734552	0.
0.06803722323754521	0.
0.06780754576695368	0.
0.06757891569713594	0.
0.06735132796824744	0.
0.06712477752957022	0.
0.06689925934002701	0.
0.06667476836868046	0.
0.06645129959521212	0.
0.06622884801038649	0.
0.06600740861649779	0.
0.06578697642780029	0.
0.0655675464709219	0.
0.06534911378526624	0.
0.06513167342339482	0.
0.06491522045139851	0.
0.06469974994925361	0.
0.06448525701116421	0.
0.06427173674589079	0.
0.06405918427706654	0.
0.06384759474350116	0.
0.06363696329947285	0.
0.06342728511500623	0.
0.06321855537614107	0.
0.06301076928518895	0.
0.06280392206097828	0.
0.06259800893909057	0.
0.06239302517208322	0.
0.06218896602970588	0.
0.061985826799104395	0.
0.06178360278501617	0.
0.061582289309957454	0.
0.06138188171439871	0.
0.06118237535693486	0.
0.06098376561444444	0.
0.06078604788224189	0.
0.06058921757422102	0.
0.06039327012299149	0.
0.060198200980007985	0.
0.06000400561569066	0.
0.05981067951953968	0.
0.05961821820024396	0.
0.05942661718577924	0.
0.05923587202698519	0.
0.059045978283731926	0.
0.05885693154587728	0.
0.05866872741596743	0.
0.05848136152665769	0.
0.05829482951994752	0.
0.05810912706113367	0.
0.057924249835390434	0.
0.057740193547818126	0.
0.05755695392348776	0.
0.05737452670747906	0.
0.05719290766491677	0.
0.05701209258099986	0.
0.05683207726102818	0.
0.05665285753042334	0.
0.05647442923474709	0.
0.056296788238273165	0.
0.056119930429766034	0.
0.05594385171526324	0.
0.0557685480181139	0.
0.055594015286147276	0.
0.05542024948592166	0.
0.05524724660415675	0.
0.0550750026477192	0.
0.0549035136436129	0.
0.054732775638960375	0.
0.05456278470098253	0.
0.05439353691697901	0.
0.0542250283943019	0.
0.05405725526032773	0.
0.05389021366242989	0.
0.05372389976794193	0.
0.0535583097641332	0.
0.053393439858158066	0.
0.053229286277026305	0.
0.05306584526755965	0.
0.052903113096350735	0.
0.05274108604971449	0.
0.0525797604336442	0.
0.052419132573763	0.
0.05225919881527257	0.
0.05209995552290069	0.
0.051941399080849784	0.
0.05178352589274025	0.
0.051626332381554646	0.
0.0514698149895784	0.
0.05131397017834298	0.
0.051158794428562956	0.
0.05100428424007625	0.
0.050850436131777574	0.
0.05069724664156006	0.
0.05054471232624321	0.
0.05039282976151145	0.
0.050241595541843424	0.
0.05009100628044649	0.
0.04994105860918465	0.
0.04979174917851088	0.
0.04964307465739305	0.
0.04949503173324581	0.
0.04934761711185422	0.
0.04920082751730287	0.
0.0490546596919011	0.
0.04890911039610764	0.
0.04876417640845565	0.
0.04861985452547729	0.
0.04847614156162649	0.
0.048333034349201213	0.
0.048190529738268616	0.
0.04804862459658316	0.
0.04790731580951166	0.
0.04776660027995141	0.
0.04762647492825375	0.
0.04748693669214114	0.
0.04734798252663032	0.
0.047209609403950255	0.
0.04707181431346183	0.
0.04693459426157664	0.
0.0467979462716766	0.
0.046661867384032184	0.
0.046526354655720685	0.
0.04639140516054483	0.
0.04625701598895066	0.
0.046123184247945204	0.
0.045989907061015786	0.
0.0458571815680451	0.
0.045725004925231606	0.
0.04559337430500477	0.
0.04546228689579445	0.
0.0453317399025499	0.
0.0452017305457492	0.
0.04507225606192599	0.
0.04494331370343214	0.
0.04481490073844885	0.
0.04468701445053038	0.
0.044559652139087295	0.
0.044432811118923846	0.
0.04430648872025061	0.
0.04418068228860338	0.
0.04405538918476007	0.
0.04393060678472092	0.
0.04380633247937741	0.
0.0436825636747659	0.
0.043559297791862434	0.
0.04343653226646166	0.
0.043314264549035815	0.
0.0431924921047684	0.
0.04307121241343265	0.
0.0429504229693135	0.
0.04283012128109971	0.
0.04271030487186483	0.
0.042590971278932355	0.
0.04247211805381321	0.
0.042353742762124606	0.
0.04223584298351148	0.
0.04211841631157282	0.
0.042001460353753454	0.
0.04188497272912057	0.
0.041768951077206656	0.
0.04165339304605838	0.
0.041538296293993276	0.
0.04142365849863561	0.
0.0413094773490123	0.
0.041195750547467734	0.
0.041082475809591006	0.
0.040969650864137994	0.
0.040857273452955596	0.
0.04074534133090489	0.
0.04063385226578504	0.
0.04052280403825882	0.
0.04041219444177581	0.
0.04030202128249705	0.
0.0401922823801164	0.
0.040082975563314804	0.
0.03997409867862474	0.
0.039865649584066125	0.
0.03975762614290866	0.
0.03965002623871918	0.
0.039542847764569206	0.
0.03943608862565336	0.
0.039329746739216805	0.
0.03922382003448382	0.
0.039118306452585364	0.
0.03901320394648908	0.
0.03890851048092689	0.
0.038804224032325876	0.
0.03870034258873769	0.
0.03859686415068269	0.
0.03849378672616795	0.
0.03839110834117127	0.
0.03828882702824304	0.
0.03818694083251476	0.
0.03808544781032773	0.
0.03798434602916567	0.
0.03788363356758733	0.
0.0377833085163126	0.
0.037683368973522376	0.
0.03758381305177071	0.
0.037484638873247524	0.
0.03738584456937675	0.
0.037287428286789735	0.
0.037189388178194754	0.
0.03709172240836024	0.
0.036994429152538685	0.
0.036897506596399995	0.
0.036800952935970944	0.
0.03670476637756881	0.
0.03660894513774065	0.
0.03651348744319971	0.
0.03641839153076309	0.
0.036323655647290065	0.
0.03622927804961936	0.
0.03613525700451087	0.
0.03604159078858098	0.
0.03594827768824454	0.
0.03585531599965368	0.
0.03576270402863775	0.
0.035670440090645204	0.
0.03557852251068211	0.
0.03548694962325485	0.
0.035395719772311526	0.
0.035304831311183636	0.
0.03521428260252716	0.
0.035124072018266936	0.
0.035034197939537964	0.
0.03494465875662926	0.
0.034855452868927606	0.
0.034766578684859994	0.
0.0346780346218397	0.
0.03458981910620951	0.
0.034501930573186755	0.
0.03441436746680848	0.
0.034327128239877686	0.
0.03424021135390787	0.
0.034153615279069446	0.
0.03406733849413761	0.
0.033981379486436855	0.
0.03389573675179022	0.
0.0338104087944648	0.
0.033725394127121486	0.
0.0336406912707607	0.
0.03355629875466694	0.
0.0334722151163728	0.
0.0333884389015947	0.
0.03330496866418369	0.
0.033221802966076346	0.
0.03313894037724567	0.
0.033056379475650134	0.
0.032974118847185235	0.
0.03289215708570002	0.
0.03281049279269026	0.
0.03272912457762667	0.
0.032648051057664676	0.
0.03256727085764898	0.
0.032486782610073046	0.
0.032406584955028996	0.
0.032326676540160915	0.
0.0322470560206187	0.
0.03216772205901038	0.
0.032088673325357225	0.
0.032009908497046456	0.
0.03193142625875391	0.
0.031853225302527946	0.
0.03177530432755398	0.
0.03169766204023467	0.
0.03162029715411305	0.
0.031543208389831295	0.
0.03146639447508391	0.
0.031389854144577116	0.
0.031313586139982676	0.
0.031237589209897124	0.
0.031161862109797833	0.
0.03108640360200083	0.
0.031011212455618536	0.
0.03093628744651798	0.
0.03086162735727881	0.
0.030787230977152146	0.
0.030713097102019384	0.
0.030639224534351684	0.
0.030565612081093214	0.
0.03049225856182212	0.
0.0304191627965639	0.
0.030346323613743505	0.
0.030273739850629523	0.
0.03020141034356163	0.
0.030129333942379034	0.
0.030057509500827924	0.
0.02998593587888714	0.
0.029914611942730554	0.
0.029843536564688862	0.
0.02977270862321188	0.
0.029702127002830342	0.
0.029631790595076216	0.
0.029561698294663742	0.
0.029491849005053968	0.
0.029422241634734343	0.
0.029352875096960683	0.
0.029283748314191473	0.
0.029214860211408716	0.
0.02914620972047238	0.
0.029077795778993568	0.
0.029009617330304775	0.
0.028941673323421267	0.
0.02887396271300704	0.
0.02880648445934101	0.
0.02873923752828302	0.
0.028672220891238494	0.
0.028605433525124867	0.
0.028538874412338783	0.
0.02847254255422807	0.
0.02840643690353031	0.
0.028340556499395163	0.
0.02827490033229663	0.
0.02820946741152884	0.
0.02814425675166641	0.
0.02807926737253429	0.
0.028014498299174014	0.
0.02794994856181372	0.
0.027885617189683177	0.
0.027821503235593827	0.
0.02775760574513947	0.
0.027693923756676307	0.
0.027630456332044508	0.
0.02756720253193295	0.
0.02750416142199901	0.
0.027441332072841464	0.
0.027378713559966957	0.
0.027316304963762673	0.
0.02725410536946675	0.
0.027192113867138937	0.
0.027130329551629254	0.
0.02706903064017293	0.
0.02700737888425781	0.
0.026946210745799358	0.
0.026885246220909587	0.
0.026824484427969735	0.
0.026763924489982837	0.
0.026703565534545736	0.
0.02664340669382087	0.
0.02658344710450945	0.
0.026523685907824036	0.
0.026464122249460317	0.
0.026404755279573422	0.
0.02634558415274675	0.
0.026286608027970126	0.
0.026227826068608254	0.
0.026169237442379877	0.
0.02611084132132777	0.
0.026052636881794416	0.
0.025994623304396402	0.
0.025936799773998525	0.
0.02587916548002785	0.
0.02582171961509977	0.
0.0257644613770034	0.
0.02570738996734399	0.
0.025650504591481983	0.
0.025593804459979008	0.
0.025537288786373985	0.
0.02548095678861972	0.
0.025424807688694373	0.
0.025368840712578694	0.
0.02531305509023142	0.
0.025257450055409476	0.
0.025202024846267327	0.
0.02514677870440581	0.
0.025091710875462102	0.
0.02503682060910658	0.
0.02498210715834007	0.
0.02492756978048534	0.
0.02487320773649115	0.
0.02481902029107779	0.
0.024765006712715483	0.
0.024711166273600534	0.
0.024657498249635194	0.
0.024604001920404482	0.
0.02455067656915594	0.
0.024497521482775775	0.
0.024444535951770624	0.
0.0243917192702431	0.
0.02433907073587362	0.
0.02428658964989662	0.
0.024234275317082	0.
0.024182127045713445	0.
0.02413014414756787	0.
0.02407832593789423	0.
0.024026671735395726	0.
0.023975180862206198	0.
0.023923852643872718	0.
0.0238726864093347	0.
0.023821681490904207	0.
0.023770837224246097	0.
0.023720152948358626	0.
0.02366962800555447	0.
0.023619261741440543	0.
0.023569053504899903	0.
0.023519002648072065	0.
0.023469108526334236	0.
0.02341937049828241	0.
0.0233697879257125	0.
0.02332036017360311	0.
0.02327108661009545	0.
0.023221966606475516	0.
0.023172999537156486	0.
0.023124184779660238	0.
0.02307552171459938	0.
0.023027009725659638	0.
0.022978648199581498	0.
0.022930436526143586	0.
0.02288237409814446	0.
0.022834460311384943	0.
0.022786694564652488	0.
0.022739076259702076	0.
0.022691604801239936	0.
0.022644279596906583	0.
0.022597100057260212	0.
0.02255006559576035	0.
0.02250317562874969	0.
0.022456429576646297	0.
0.022409826859077612	0.
0.022363366902167156	0.
0.022317049133631313	0.
0.022270872983988374	0.
0.02222483788654373	0.
0.022178943277373263	0.
0.022133188595308183	0.
0.022087573281918765	0.
0.022042096781499057	0.
0.021996758540079056	0.
0.021951558009325998	0.
0.021906494640613686	0.
0.021861567888433027	0.
0.021816777211565896	0.
0.021772122069773324	0.
0.021727601925986887	0.
0.021683216245742598	0.
0.021638964497162575	0.
0.02159484615094366	0.
0.021550860680340345	0.
0.021507007561152546	0.
0.02146328627215417	0.
0.021419696293288003	0.
0.021376237108358186	0.
0.02133290820319832	0.
0.02128970906611663	0.
0.021246639187879945	0.
0.02120369806170176	0.
0.021160885183227292	0.
0.021118200050520158	0.
0.021075642164049394	0.
0.02103321102667464	0.
0.020990906143634653	0.
0.020948727022532195	0.
0.020906673173322215	0.
0.020864744108297428	0.
0.02082293934207675	0.
0.02078125839159091	0.
0.020739700776070884	0.
0.020698266017033767	0.
0.020656953638271084	0.
0.020615763165836055	0.
0.020574694128030653	0.
0.020533746055392602	0.
0.020492918480684227	0.
0.020452210938484	0.
0.02041162296676582	0.
0.020371154104484646	0.
0.02033080389354656	0.
0.020290571876902697	0.
0.020250457600781466	0.
0.020210460613172505	0.
0.02017058046419253	0.
0.020130816706074688	0.
0.020091168893155802	0.
0.02005163658186549	0.
0.020012219330892395	0.
0.019972916700456624	0.
0.019933728253210114	0.
0.019894653554181276	0.
0.019855692169918056	0.
0.019816843669166636	0.
0.019778107622686326	0.
0.01973948360323948	0.
0.019700971185579976	0.
0.0196625699464421	0.
0.01962427946452929	0.
0.019586099320507307	0.
0.0195480290969867	0.
0.019510068378517865	0.
0.019472216751578227	0.
0.019434473804560877	0.
0.0193968391277666	0.
0.019359312313392014	0.
0.01932189295551922	0.
0.019284580650105996	0.
0.019247374994974895	0.
0.01921027558980458	0.
0.01917328203611832	0.
0.019136393937275346	0.
0.01909961089845937	0.
0.01906293252667013	0.
0.019026358430712677	0.
0.01898988822118805	0.
0.01895352151048355	0.
0.018917257912762865	0.
0.018881097043956893	0.
0.01884503852175381	0.
0.018809081965590363	0.
0.018773226996641502	0.
0.018737473237811452	0.
0.018701820313724506	0.
0.018666267850715915	0.
0.018630815476822583	0.
0.01859546282177377	0.
0.018560209516982132	0.
0.018525054315814873	0.
0.01848999857909812	0.
0.018455041095813023	0.
0.01842018150399135	0.
0.01838541944330396	0.
0.018350754555051765	0.
0.018316186482157215	0.
0.01828171486915558	0.
0.01824733936218677	0.
0.018213060054869477	0.
0.018178875721599194	0.
0.018144786442858947	0.
0.018110791871132632	0.
0.018076891660467456	0.
0.018043085466463955	0.
0.01800937294626897	0.
0.017975753758566772	0.
0.017942227563571386	0.
0.017908794023018055	0.
0.01787545280015615	0.
0.017842203559739617	0.
0.017809045968020597	0.
0.01777597969274116	0.
0.01774300440312489	0.
0.017710119769869363	0.
0.017677325465138775	0.
0.017644621162556356	0.
0.01761200653719558	0.
0.01757948126557427	0.
0.017547045025645726	0.
0.01751469749679107	0.
0.01748243835981383	0.
0.017450267296929382	0.
0.017418183991760636	0.
0.017386188129328833	0.
0.017354279396046245	0.
0.017322457479710434	0.
0.017290722069495196	0.
0.017259072855944645	0.
0.01722750953096593	0.
0.017196031787821885	0.
0.017164639321123446	0.
0.017133331826719216	0.
0.017102109002111295	0.
0.017070970545806224	0.
0.017039916157741003	0.
0.017008945539166438	0.
0.016978058392641514	0.
0.016947254422025264	0.
0.01691653333247087	0.
0.016885894830418538	0.
0.01685533862358982	0.
0.016824864420980277	0.
0.016794471932901275	0.
0.01676416087077656	0.
0.016733930947435836	0.
0.016703781876905462	0.
0.01667371337445417	0.
0.01664372515658529	0.
0.016613816941031482	0.
0.01658398844674842	0.
0.01655423939390809	0.
0.01652456950389281	0.
0.016494978499289034	0.
0.01646546610390005	0.
0.01643603204266742	0.
0.01640667604176906	0.
0.016377397828553256	0.
0.0163481971315145	0.
0.016319073680351882	0.
0.01629002720591072	0.
0.01626105744015293	0.
0.01623216411629688	0.
0.016203346968666574	0.
0.01617460573260219	0.
0.016145940144709988	0.
0.0161173499426842	0.
0.016088834865340223	0.
0.016060394652614524	0.
0.016032029045543704	0.
0.016003737786294204	0.
0.01597552061807119	0.
0.01594737728523217	0.
0.015919307533178287	0.
0.01589131110846354	0.
0.015863387758653282	0.
0.015835537232404044	0.
0.015807759279439074	0.
0.015780053650542712	0.
0.015752420097554818	0.
0.015724858373364833	0.
0.015697368231908596	0.
0.0156699494281601	0.
0.015642601718129576	0.
0.015615324858855138	0.
0.015588118608400568	0.
0.015560982725847912	0.
0.015533916971293981	0.
0.015506921105844248	0.
0.015479994891608735	0.
0.015453138091695757	0.
0.015426350470208908	0.
0.015399631792240187	0.
0.015372981823865955	0.
0.015346400332141985	0.
0.01531988708509925	0.
0.015293441851737607	0.
0.015267064402022724	0.
0.015240754506879617	0.
0.015214511938189542	0.
0.015188336468784	0.
0.015162227872440613	0.
0.01513618592387914	0.
0.015110210398755231	0.
0.015084301073656568	0.
0.015058457726099301	0.
0.015032680134522301	0.
0.015006968078282293	0.
0.014981321337651295	0.
0.01495573969380972	0.
0.01493022292884363	0.
0.014904770825739723	0.
0.01487938316837987	0.
0.014854059741540361	0.
0.01482880033088179	0.
0.014803604722950696	0.
0.014778472705170305	0.
0.01475340409619589	0.
0.014728398623535066	0.
0.014703456108553153	0.
0.014678576342146928	0.
0.014653759116070813	0.
0.014629004222932895	0.
0.014604311456191219	0.
0.014579680610147944	0.
0.014555111479946307	0.
0.014530603861569283	0.
0.014506157536938945	0.
0.014481772333944565	0.
0.01445744803568751	0.
0.014433184441457367	0.
0.014408981351360475	0.
0.014384838566317223	0.
0.014360755888055554	0.
0.014336733119110818	0.
0.014312770062818805	0.
0.014288866523311933	0.
0.014265022305518545	0.
0.014241237215155094	0.
0.014217511058725138	0.
0.014193843643515081	0.
0.014170234777588105	0.
0.01414668426978497	0.
0.014123191929715511	0.
0.01409975756775862	0.
0.014076380995055449	0.
0.014053062023509073	0.
0.014029800465778163	0.
0.014006596135274843	0.
0.013983448846159607	0.
0.013960358413340545	0.
0.013937324652466578	0.
0.013914347379925964	0.
0.013891426412842375	0.
0.013868561569070693	0.
0.013845752667194336	0.
0.013822999526521548	0.
0.013800301967081801	0.
0.013777659809623415	0.
0.01375507287560778	0.
0.013732540987208379	0.
0.013710063967306221	0.
0.013687641639487299	0.
0.013665273828038104	0.
0.013642960357640945	0.
0.013620701013066823	0.
0.013598495745222533	0.
0.013576344256026175	0.
0.013554246415034664	0.
0.0135322020506725	0.
0.013510210992043064	0.
0.013488273088543662	0.
0.013466388062196421	0.
0.013444555900869928	0.
0.013422776368582844	0.
0.01340104929764392	0.
0.013379374521165815	0.
0.01335775187291712	0.
0.013336181187321463	0.
0.013314662323326967	0.
0.013293195069411871	0.
0.013271779285292863	0.
0.013250414807974778	0.
0.01322910147510055	0.
0.013207839125010768	0.
0.013186627596494076	0.
0.013165466729152439	0.
0.013144356363153564	0.
0.01312329633928842	0.
0.01310228649897005	0.
0.013081326684228456	0.
0.013060416737709768	0.
0.013039556502671102	0.
0.013018745822951776	0.
0.012997984543083674	0.
0.012977272508116379	0.
0.01295660956372833	0.
0.012935995556198026	0.
0.012915430332398625	0.
0.012894913739795996	0.
0.012874445626447099	0.
0.012854025840994762	0.
0.012833654232668372	0.
0.012813330651278558	0.
0.01279305494721464	0.
0.012772826971444246	0.
0.01275264657550771	0.
0.01273251361151754	0.
0.012712427932155235	0.
0.012692389390668567	0.
0.01267239784086816	0.
0.012652453137127437	0.
0.012632555134376448	0.
0.012612703688102871	0.
0.012592898654347207	0.
0.01257313988970092	0.
0.01255342725130412	0.
0.012533760596843054	0.
0.012514139784546751	0.
0.012494564673186645	0.
0.012475035122071735	0.
0.012455550991011722	0.
0.012436112140458276	0.
0.01241671843128475	0.
0.012397369724931658	0.
0.012378065883363817	0.
0.012358806769072027	0.
0.012339592245068472	0.
0.012320422174884204	0.
0.012301296422568492	0.
0.012282214852683578	0.
0.012263177330322549	0.
0.012244183721037975	0.
0.012225233890940651	0.
0.012206327706630025	0.
0.012187465035209503	0.
0.012168645744282565	0.
0.012149869701952155	0.
0.012131136776817528	0.
0.012112446837972949	0.
0.012093799755004214	0.
0.01207519539798725	0.
0.012056633637485898	0.
0.012038114344549855	0.
0.012019637390711794	0.
0.012001202647993647	0.
0.011982809988872078	0.
0.011964459286326584	0.
0.011946150413802762	0.
0.011927883245218313	0.
0.011909657654962182	0.
0.011891473517892158	0.
0.01187333070933167	0.
0.011855229105069798	0.
0.011837168581353759	0.
0.011819149014902731	0.
0.011801170282881565	0.
0.011783232262917108	0.
0.011765334833089105	0.
0.011747477871930503	0.
0.0117296612584243	0.
0.011711884872001564	0.
0.011694148592539776	0.
0.011676452300361129	0.
0.01165879587623004	0.
0.011641179201351746	0.
0.011623602157369413	0.
0.01160606462636318	0.
0.011588566490848046	0.
0.011571107634287236	0.
0.01155368793851338	0.
0.011536307288879704	0.
0.011518965569105992	0.
0.011501662663852616	0.
0.011484398458202916	0.
0.011467172837662123	0.
0.011449985688155091	0.
0.011432836895802908	0.
0.011415726348041689	0.
0.011398653931356499	0.
0.011381619533566142	0.
0.011364623042667252	0.
0.011347664347064891	0.
0.011330743335566992	0.
0.011313859897401291	0.
0.011297005385139863	0.
0.01128020529994032	0.
0.011263433921092044	0.
0.01124669967646172	0.
0.011230002457268302	0.
0.011213342155125133	0.
0.011196722769654286	0.
0.011180131870398721	0.
0.011163581673013281	0.
0.011147067963049066	0.
0.011130590634068618	0.
0.011114149580020733	0.
0.01109774469523613	0.
0.011081375874433355	0.
0.011065043012694353	0.
0.011048746005495108	0.
0.011032484748684037	0.
0.011016259138483914	0.
0.011000069071490324	0.
0.010983914444672324	0.
0.01096779515536777	0.
0.010951711101284187	0.
0.010935662180495328	0.
0.010919648291441415	0.
0.010903669332925907	0.
0.010887725204115267	0.
0.010871815804536401	0.
0.010855941034076297	0.
0.010840100792978855	0.
0.010824294981844578	0.
0.01080852350162963	0.
0.01079278625364153	0.
0.010777083139541753	0.
0.01076141406134102	0.
0.010745778921398523	0.
0.010730177622421868	0.
0.010714610067463338	0.
0.010699076159920278	0.
0.010683575803533105	0.
0.010668108902383431	0.
0.01065267536089268	0.
0.010637275083821798	0.
0.010621907976267966	0.
0.010606573943664996	0.
0.010591272891779883	0.
0.01057600472671388	0.
0.010560769354899382	0.
0.010545566683098025	0.
0.010530396618401388	0.
0.010515259068228274	0.
0.01050015394032292	0.
0.010485081142754937	0.
0.010470040583916205	0.
0.01045503217252189	0.
0.01044005581760661	0.
0.010425111428524736	0.
0.010410198914948848	0.
0.010395318186866948	0.
0.01038046915458407	0.
0.010365651728717555	0.
0.010350865820198535	0.
0.010336111340268605	0.
0.010321388200480038	0.
0.010306696312693509	0.
0.010292035589077557	0.
0.010277405942105952	0.
0.010262807284558834	0.
0.010248239529518595	0.
0.010233702590370786	0.
0.010219196380802277	0.
0.010204720814798913	0.
0.01019027580664602	0.
0.010175861270925818	0.
0.010161477122516879	0.
0.010147123276593123	0.
0.010132799648621443	0.
0.010118506154361637	0.
0.010104242709864857	0.
0.01009000923147235	0.
0.010075805635814	0.
0.010061631839807713	0.
0.010047487740504664	0.
0.010033373295115493	0.
0.010019288401852667	0.
0.010005232978774987	0.
0.009991206944223483	0.
0.009977210216819837	0.
0.009963242725192892	0.
0.00994930436934589	0.
0.00993539507818217	0.
0.009921514771434537	0.
0.009907663369458718	0.
0.009893840791491903	0.
0.0098800469591332	0.
0.009866281792861158	0.
0.009852545213771763	0.
0.009838837143232426	0.
0.009825157502877447	0.
0.009811506214438407	0.
0.009797883200596566	0.
0.009784288383272508	0.
0.009770721685335028	0.
0.009757183029744997	0.
0.009743672339724969	0.
0.009730189538758975	0.
0.009716734550590102	0.
0.009703307299220677	0.
0.00968990770891077	0.
0.00967653570417727	0.
0.009663191209792452	0.
0.009649874150783352	0.
0.00963658445243041	0.
0.009623322040267387	0.
0.009610086840078804	0.
0.009596878777899923	0.
0.009583697780015775	0.
0.009570543772960124	0.
0.009557416683513446	0.
0.009544316438704013	0.
0.009531242965804624	0.
0.009518196192333293	0.
0.009505176046051259	0.
0.009492182454962209	0.
0.009479215347312652	0.
0.009466274651588284	0.
0.009453360296515483	0.
0.009440472211058764	0.
0.009427610324421482	0.
0.009414774566043102	0.
0.009401964865598744	0.
0.009389181152999372	0.
0.00937642335838928	0.
0.009363691412146373	0.
0.00935098524488051	0.
0.00933830478743261	0.
0.009325649970874783	0.
0.00931302072650791	0.
0.009300416985861024	0.
0.009287838680691825	0.
0.009275285742983844	0.
0.00926275810494705	0.
0.009250255699016033	0.
0.009237778457849684	0.
0.009225326314329341	0.
0.009212899201559781	0.
0.009200497052866616	0.
0.009188119801795284	0.
0.009175767382112277	0.
0.009163439727801684	0.
0.009151136773066157	0.
0.009138858452325522	0.
0.009126604700215047	0.
0.009114375451586536	0.
0.009102170641505335	0.
0.009089990205251182	0.
0.009077834078315907	0.
0.009065702196404206	0.
0.009053594495431347	0.
0.009041510911523368	0.
0.009029451381015272	0.
0.009017415840451636	0.
0.009005404226584138	0.
0.008993416476371951	0.
0.008981452526980752	0.
0.008969512315781004	0.
0.008957595780348142	0.
0.00894570285846238	0.
0.008933833488105359	0.
0.008921987607462555	0.
0.00891016515491994	0.
0.00889836606906463	0.
0.00888659028868361	0.
0.008874837752763409	0.
0.00886310840048824	0.
0.008851402171240487	0.
0.008839719004599253	0.
0.008828058840339548	0.
0.008816421618432267	0.
0.008804807279042471	0.
0.008793215762528991	0.
0.008781647009444251	0.
0.008770100960532311	0.
0.00875857755672932	0.
0.008747076739162194	0.
0.008735598449147867	0.
0.008724142628193132	0.
0.008712709217992795	0.
0.008701298160430004	0.
0.00868990939757484	0.
0.008678542871684567	0.
0.00866719852520116	0.
0.00865587630075306	0.
0.008644576141151415	0.
0.008633297989392422	0.
0.008622041788654765	0.
0.008610807482299102	0.
0.008599595013867997	0.
0.00858840432708499	0.
0.00857723536585313	0.
0.008566088074255851	0.
0.008554962395590185	0.
0.008543858276221025	0.
0.008532775660778466	0.
0.00852171449209423	0.
0.008510674716168991	0.
0.008499656278086961	0.
0.008488659123188663	0.
0.008477683197435144	0.
0.008466728445563855	0.
0.008455794813409944	0.
0.008444882247924322	0.
0.008433990694822755	0.
0.008423120100461033	0.
0.008412270411364376	0.
0.00840144157422722	0.
0.008390633535913714	0.
0.008379846243455705	0.
0.008369079644052771	0.
0.008358333685071617	0.
0.00834760831404526	0.
0.008336903478672029	0.
0.008326219126816175	0.
0.008315555206505941	0.
0.008304911665933012	0.
0.00829428845345327	0.
0.008283685517584469	0.
0.00827310280700665	0.
0.008262540270561513	0.
0.008251997857250786	0.
0.00824147551623758	0.
0.008230973196843861	0.
0.008220490848550224	0.
0.008210028420996753	0.
0.008199585863980273	0.
0.008189163127456	0.
0.008178760161534362	0.
0.00816837691648316	0.
0.008158013342725106	0.
0.008147669390837583	0.
0.008137345011553008	0.
0.0081270401557565	0.
0.008116754774487367	0.
0.008106488818936984	0.
0.008096242240448802	0.
0.008086014990517908	0.
0.008075807020790403	0.
0.008065618283062275	0.
0.008055448729279593	0.
0.00804529831153784	0.
0.008035166982080942	0.
0.008025054693300969	0.
0.008014961397737542	0.
0.008004887048077405	0.
0.007994831597154117	0.
0.007984794997946562	0.
0.007974777203579381	0.
0.007964778167322011	0.
0.00795479784258842	0.
0.007944836182936432	0.
0.007934893142066699	0.
0.007924968673823023	0.
0.007915062732191535	0.
0.007905175271299424	0.
0.007895306245415993	0.
0.007885455608950482	0.
0.007875623316452808	0.
0.007865809322611817	0.
0.007856013582256478	0.
0.007846236050353466	0.
0.007836476682008153	0.
0.007826735432463199	0.
0.00781701225709868	0.
0.007807307111430738	0.
0.007797619951112141	0.
0.007787950731931068	0.
0.007778299409810988	0.
0.0077686659408095085	0.
0.007759050281118935	0.
0.007749452387064797	0.
0.0077398722151061465	0.
0.007730309721834355	0.
0.007720764863912971	0.
0.007711237598315321	0.
0.007701727881970115	0.
0.007692235671995128	0.
0.007682760925637957	0.
0.007673303600276041	0.
0.00766386365344645	0.
0.0076544410427254305	0.
0.007645035725906637	0.
0.007635647660881367	0.
0.0076262768056697995	0.
0.007616923118418255	0.
0.007607586557399613	0.
0.007598267081013215	0.
0.00758896464778378	0.
0.007579679216361384	0.
0.0075704107455208235	0.
0.007561159194161548	0.
0.007551924521306067	0.
0.007542706686100096	0.
0.007533505647813964	0.
0.007524321365838927	0.
0.007515153799688844	0.
0.007506002908999632	0.
0.00749686865352703	0.
0.0074877509931491285	0.
0.007478649887863998	0.
0.007469565297788908	0.
0.007460497183160765	0.
0.007451445504336347	0.
0.007442410221790396	0.
0.00743339129611565	0.
0.007424388688023563	0.
0.00741540235834134	0.
0.00740643226801463	0.
0.007397478378105455	0.
0.0073885406500702145	0.
0.007379619044628742	0.
0.007370713523484211	0.
0.0073618240481601645	0.
0.007352950580294884	0.
0.0073440930814385064	0.
0.0073352515138760555	0.
0.007326425839239182	0.
0.007317616019887539	0.
0.0073088220178874	0.
0.007300043795555721	0.
0.007291281315169697	0.
0.007282534539639481	0.
0.007273803431293748	0.
0.00726508795299219	0.
0.0072563880676066415	0.
0.007247703738191187	0.
0.007239034927698357	0.
0.007230381599390129	0.
0.007221743716574528	0.
0.007213121242666423	0.
0.007204514141188739	0.
0.007195922375772717	0.
0.007187345910154976	0.
0.007178784708742753	0.
0.00717023873440331	0.
0.007161707951715749	0.
0.007153192324841148	0.
0.007144691818046976	0.
0.007136206395431813	0.
0.007127736021997536	0.
0.007119280662071138	0.
0.0071108402803371894	0.
0.007102414841581919	0.
0.007094004310696722	0.
0.007085608652674065	0.
0.00707722783260869	0.
0.00706886181569851	0.
0.007060510567241986	0.
0.007052174052638507	0.
0.00704385223738868	0.
0.007035545087094271	0.
0.007027252567455682	0.
0.0070189746442746856	0.
0.007010711283451667	0.
0.007002462450985813	0.
0.006994228112975657	0.
0.006986008235617896	0.
0.006977802785207387	0.
0.0069696117281368075	0.
0.0069614350308961	0.
0.006953272660072213	0.
0.0069451245823482525	0.
0.0069369907645051975	0.
0.006928871173418855	0.
0.006920765776060867	0.
0.006912674539498655	0.
0.006904597430894791	0.
0.006896534417505676	0.
0.006888485466683395	0.
0.006880450545872769	0.
0.006872429622613745	0.
0.006864422206144704	0.
0.006856429639373745	0.
0.006848450514937006	0.
0.006840485259139972	0.
0.006832533839986208	0.
0.006824596225569837	0.
0.0068166723840783995	0.
0.00680876228378906	0.
0.006800865893071159	0.
0.006792983180383702	0.
0.006785114114276387	0.
0.006777258663388638	0.
0.006769416796450177	0.
0.006761588482278886	0.
0.0067537736897827225	0.
0.006745972387958508	0.
0.00673818454589083	0.
0.00673041013275254	0.
0.0067226491178045715	0.
0.006714901470438652	0.
0.006707167160003595	0.
0.006699446156065899	0.
0.006691738428234153	0.
0.0066840439462040584	0.
0.006676362679694001	0.
0.0066686945986987965	0.
0.006661039673107822	0.
0.006653397872958894	0.
0.006645769168375069	0.
0.006638153529564095	0.
0.006630550926838913	0.
0.0066229613305342945	0.
0.006615384711129944	0.
0.006607821039170151	0.
0.006600270285281109	0.
0.006592732420172142	0.
0.006585207414635267	0.
0.006577695239545201	0.
0.00657019586585824	0.
0.006562709264613183	0.
0.006555235406929272	0.
0.006547774264008238	0.
0.006540325807131971	0.
0.006532890007662926	0.
0.00652546683704503	0.
0.006518056266801592	0.
0.006510658268536068	0.
0.006503272813931041	0.
0.006495899874748914	0.
0.006488539422831983	0.
0.006481191430099739	0.
0.006473855868551039	0.
0.006466532710263911	0.
0.006459221927392938	0.
0.0064519234921717105	0.
0.006444637376910088	0.
0.006437363553996461	0.
0.006430101995895862	0.
0.0064228526751492635	0.
0.006415615564375628	0.
0.006408390636268994	0.
0.0064011778635996545	0.
0.006393977219213864	0.
0.006386788676074696	0.
0.006379612207098077	0.
0.006372447785395548	0.
0.006365295384113155	0.
0.0063581549764724936	0.
0.00635102653576886	0.
0.00634391003535086	0.
0.006336805448701669	0.
0.006329712749318421	0.
0.006322631910791417	0.
0.006315562906783009	0.
0.006308505711029107	0.
0.006301460297338377	0.
0.006294426639590985	0.
0.00628740471173966	0.
0.006280394487808521	0.
0.0062733959418941375	0.
0.006266409048164249	0.
0.006259433780856366	0.
0.006252470114280517	0.
0.006245518022817103	0.
0.0062385774809158075	0.
0.006231648463098199	0.
0.006224730943954695	0.
0.006217824898145341	0.
0.00621093030040027	0.
0.00620404712551882	0.
0.006197175348369011	0.
0.006190314943888307	0.
0.00618346588708168	0.
0.006176628153023886	0.
0.006169801716856683	0.
0.006162986553790389	0.
0.006156182639102753	0.
0.006149389948138972	0.
0.006142608456311711	0.
0.006135838139100543	0.
0.006129078972052403	0.
0.006122330930779621	0.
0.00611559399096219	0.
0.006108868128345497	0.
0.0061021533187413275	0.
0.006095449538026798	0.
0.006088756762144883	0.
0.006082074967103764	0.
0.006075404128977043	0.
0.006068744223902384	0.
0.006062095228083276	0.
0.006055457117786536	0.
0.006048829869344455	0.
0.006042213459152374	0.
0.006035607863669795	0.
0.0060290130594200094	0.
0.006022429022990167	0.
0.006015855731029338	0.
0.0060092931602510275	0.
0.006002741287430614	0.
0.0059962000894070635	0.
0.005989669543080867	0.
0.005983149625414889	0.
0.005976640313434484	0.
0.0059701415842265265	0.
0.00596365341493967	0.
0.0059571757827835015	0.
0.005950708665029577	0.
0.005944252039009822	0.
0.005937805882117601	0.
0.0059313701718065265	0.
0.005924944885590635	0.
0.005918530001044554	0.
0.0059121254958028795	0.
0.00590573134755927	0.
0.005899347534068696	0.
0.005892974033143874	0.
0.0058866108226580715	0.
0.00588025788054336	0.
0.005873915184790199	0.
0.005867582713440532	0.
0.00586126044462571	0.
0.005854948356489119	0.
0.005848646427263359	0.
0.005842354635230526	0.
0.005836072958735767	0.
0.005829801376164494	0.
0.005823539865984648	0.
0.005817288406704696	0.
0.005811046976894721	0.
0.005804815555181211	0.
0.005798594120247686	0.
0.00579238265083449	0.
0.00578618112573728	0.
0.005779989523809206	0.
0.005773807823958164	0.
0.0057676360051491385	0.
0.0057614740464013315	0.
0.005755321926790427	0.
0.00574917962544721	0.
0.005743047121557702	0.
0.005736924394362128	0.
0.005730811423156544	0.
0.00572470818729086	0.
0.005718614666169564	0.
0.005712530839251536	0.
0.005706456686049523	0.
0.005700392186130157	0.
0.0056943373191144404	0.
0.0056882920646764866	0.
0.0056822564025430684	0.
0.005676230312495836	0.
0.005670213774368168	0.
0.005664206768046875	0.
0.0056582092734710435	0.
0.005652221270633136	0.
0.005646242739577491	0.
0.005640273660400664	0.
0.005634314013251572	0.
0.00562836377833058	0.
0.005622422935890725	0.
0.00561649146623552	0.
0.005610569349720624	0.
0.005604656566752639	0.
0.0055987530977893935	0.
0.005592858923339514	0.
0.005586974023963352	0.
0.005581098380270153	0.
0.005575231972921209	0.
0.005569374782627375	0.
0.005563526790149729	0.
0.005557687976299612	0.
0.005551858321937905	0.
0.00554603780797528	0.
0.005540226415372191	0.
0.005534424125138624	0.
0.005528630918332758	0.
0.005522846776063066	0.
0.0055170716794865175	0.
0.005511305609808713	0.
0.005505548548283661	0.
0.005499800476214495	0.
0.005494061374952319	0.
0.005488331225896356	0.
0.005482610010494242	0.
0.005476897710240804	0.
0.005471194306679488	0.
0.005465499781400457	0.
0.005459814116041857	0.
0.005454137292288919	0.
0.005448469291874091	0.
0.0054428100965770885	0.
0.005437159688223705	0.
0.005431518048687114	0.
0.0054258851598873135	0.
0.005420261003789989	0.
0.005414645562407584	0.
0.00540903881779853	0.
0.005403440752067025	0.
0.005397851347363813	0.
0.005392270585884576	0.
0.0053866984498713395	0.
0.00538113492161069	0.
0.00537557998343547	0.
0.005370033617722992	0.
0.005364495806895713	0.
0.005358966533421285	0.
0.005353445779811617	0.
0.005347933528623765	0.
0.005342429762459301	0.
0.005336934463963131	0.
0.00533144761582598	0.
0.00532596920078122	0.
0.005320499201606439	0.
0.00531503760112393	0.
0.005309584382198836	0.
0.005304139527740293	0.
0.005298703020699908	0.
0.005293274844073666	0.
0.0052878549809005915	0.
0.005282443414261966	0.
0.005277040127282209	0.
0.005271645103129328	0.
0.005266258325013013	0.
0.005260879776185549	0.
0.00525550943994232	0.
0.0052501472996197025	0.
0.005244793338597251	0.
0.005239447540296386	0.
0.005234109888179958	0.
0.005228780365752369	0.
0.005223458961773759	0.
0.005218145649296955	0.
0.0052128404122773	0.
0.005207543244484612	0.
0.005202254124526008	0.
0.005196973033550917	0.
0.005191699965183465	0.
0.0051864348938534125	0.
0.005181177803062956	0.
0.005175928679278126	0.
0.005170687506454445	0.
0.005165454268588008	0.
0.005160228947479337	0.
0.0051550115317267635	0.
0.005149802003158504	0.
0.005144600345930844	0.
0.005139406544238731	0.
0.0051342205823169266	0.
0.005129042444439729	0.
0.00512387211492068	0.
0.00511870957811246	0.
0.005113554818407041	0.
0.005108407820234507	0.
0.005103268568065179	0.
0.005098137046406546	0.
0.0050930132398060235	0.
0.005087897132848627	0.
0.005082788710158315	0.
0.005077687956396591	0.
0.005072594856263754	0.
0.005067509394497917	0.
0.005062431697188179	0.
0.0050573614601672435	0.
0.005052298816220564	0.
0.0050472437502280055	0.
0.005042196247105524	0.
0.005037156219157761	0.
0.00503212379993711	0.
0.005027098898425849	0.
0.00502208149969627	0.
0.005017071588856492	0.
0.005012069151053204	0.
0.005007074171468547	0.
0.005002086635322013	0.
0.004997106527869577	0.
0.00499213383440363	0.
0.00498716854025299	0.
0.004982210630782667	0.
0.004977260091394153	0.
0.004972316907524124	0.
0.004967381064646293	0.
0.0049624525482694515	0.
0.004957531343938123	0.
0.004952617437232826	0.
0.004947710813769114	0.
0.004942811459198181	0.
0.004937919359206889	0.
0.004933034499516263	0.
0.004928156865883592	0.
0.004923286444100251	0.
0.004918423219992657	0.
0.004913567179422227	0.
0.004908718308284845	0.
0.004903876592511117	0.
0.004899042018066138	0.
0.004894214570948603	0.
0.00488939423719245	0.
0.004884581002865573	0.
0.004879774854069299	0.
0.004874975776939307	0.
0.004870183757645279	0.
0.004865398782390235	0.
0.004860620837411019	0.
0.004855849908978032	0.
0.00485108598339551	0.
0.0048463290470003514	0.
0.004841579086162583	0.
0.0048368360872862205	0.
0.0048321000368078005	0.
0.004827370921196917	0.
0.004822648726955752	0.
0.004817933440619976	0.
0.004813225048756663	0.
0.004808523537966986	0.
0.004803828894882965	0.
0.004799141106170645	0.
0.00479446015852729	0.
0.004789786038682372	0.
0.004785118733397913	0.
0.004780458229467587	0.
0.0047758045137173705	0.
0.004771157573004349	0.
0.004766517394218069	0.
0.004761883964279183	0.
0.004757257270137205	0.
0.004752637298782108	0.
0.004748024037225755	0.
0.004743417472514947	0.
0.004738817591728539	0.
0.004734224381972616	0.
0.004729637830388034	0.
0.004725057924145508	0.
0.004720484650449542	0.
0.0047159179965258514	0.
0.004711357949640785	0.
0.004706804497087091	0.
0.0047022576261894974	0.
0.004697717324299789	0.
0.0046931835788054975	0.
0.004688656377120364	0.
0.004684135706688376	0.
0.00467962155498433	0.
0.004675113909513454	0.
0.00467061275781002	0.
0.004666118087438153	0.
0.004661629885992532	0.
0.0046571481410959455	0.
0.004652672840401793	0.
0.004648203971591101	0.
0.004643741522378886	0.
0.004639285480504295	0.
0.00463483583373841	0.
0.00463039256988008	0.
0.004625955676759069	0.
0.004621525142230434	0.
0.004617100954181036	0.
0.004612683100527076	0.
0.0046082715692109645	0.
0.004603866348205312	0.
0.004599467425511071	0.
0.004595074789157128	0.
0.00459068842720084	0.
0.004586308327728317	0.
0.004581934478853738	0.
0.0045775668687185	0.
0.004573205485493565	0.
0.004568850317376408	0.
0.0045645013525934305	0.
0.004560158579398217	0.
0.004555821986072375	0.
0.004551491560924805	0.
0.0045471672922922255	0.
0.004542849168539457	0.
0.004538537178057103	0.
0.004534231309264902	0.
0.004529931550608371	0.
0.004525637890561494	0.
0.004521350317624257	0.
0.004517068820324363	0.
0.004512793387216092	0.
0.004508524006880998	0.
0.004504260667926818	0.
0.0045000033589886615	0.
0.004495752068727596	0.
0.004491506785832081	0.
0.004487267499016499	0.
0.004483034197021563	0.
0.004478806868614897	0.
0.004474585502589881	0.
0.00447037008776612	0.
0.004466160612990146	0.
0.004461957067133202	0.
0.004457759439093662	0.
0.004453567717795186	0.
0.004449381892187524	0.
0.004445201951245934	0.
0.004441027883971622	0.
0.004436859679391577	0.
0.004432697326557788	0.
0.004428540814548476	0.
0.004424390132466474	0.
0.004420245269440075	0.
0.004416106214623623	0.
0.004411972957195928	0.
0.004407845486360963	0.
0.004403723791347897	0.
0.004399607861410938	0.
0.004395497685829282	0.
0.0043913932539068065	0.
0.004387294554972298	0.
0.004383201578379111	0.
0.004379114313505424	0.
0.004375032749753425	0.
0.004370956876550593	0.
0.0043668866833483895	0.
0.004362822159622793	0.
0.004358763294874228	0.
0.004354710078626735	0.
0.004350662500429508	0.
0.004346620549855003	0.
0.004342584216500054	0.
0.004338553489985377	0.
0.004334528359955696	0.
0.004330508816079442	0.
0.004326494848049133	0.
0.004322486445580336	0.
0.004318483598413094	0.
0.004314486296310136	0.
0.004310494529058575	0.
0.0043065082864685335	0.
0.004302527558373362	0.
0.004298552334629912	0.
0.0042945826051186825	0.
0.004290618359742379	0.
0.004286659588427984	0.
0.004282706281124359	0.
0.004278758427804685	0.
0.004274816018463911	0.
0.00427087904312055	0.
0.00426694749181561	0.
0.004263021354601789	0.
0.0042591006215878194	0.
0.004255185282871545	0.
0.00425127532858554	0.
0.004247370748888497	0.
0.004243471533947328	0.
0.004239577673979887	0.
0.0042356891591799695	0.
0.004231805979804773	0.
0.004227928126120314	0.
0.004224055588414489	0.
0.0042201883569902895	0.
0.00421632642219366	0.
0.004212469774371788	0.
0.004208618403900268	0.
0.004204772301177415	0.
0.004200931456622704	0.
0.00419709586067694	0.
0.004193265503803159	0.
0.004189440376486027	0.
0.004185620469231871	0.
0.0041818057725679	0.
0.004177996277042666	0.
0.004174191973238423	0.
0.004170392851724856	0.
0.0041665989031252635	0.
0.004162810118074015	0.
0.0041590264872205145	0.
0.004155248001251724	0.
0.0041514746508601935	0.
0.004147706426763949	0.
0.004143943319702237	0.
0.004140185320434842	0.
0.004136432419743427	0.
0.004132684608428704	0.
0.004128941877313438	0.
0.00412520421724041	0.
0.004121471619073372	0.
0.004117744073695866	0.
0.004114021572012941	0.
0.004110304104949159	0.
0.004106591663449732	0.
0.004102884238480313	0.
0.004099181821026677	0.
0.004095484402094924	0.
0.004091791972710998	0.
0.004088104523921309	0.
0.004084422046791706	0.
0.004080744532408853	0.
0.004077071971878691	0.
0.00407340435632718	0.
0.004069741676900182	0.
0.004066083924763262	0.
0.004062431091101904	0.
0.004058783167120819	0.
0.004055140144044726	0.
0.004051502013117423	0.
0.004047868765602955	0.
0.004044240392784325	0.
0.004040616885963689	0.
0.004036998236463037	0.
0.004033384435623684	0.
0.0040297754748055475	0.
0.004026171345388446	0.
0.00402257203877081	0.
0.004018977546370714	0.
0.004015387859624891	0.
0.00401180296998888	0.
0.004008222868937749	0.
0.004004647547964787	0.
0.004001076998582592	0.
0.003997511212322732	0.
0.003993950180734485	0.
0.003990393895387265	0.
0.0039868423478678595	0.
0.003983295529782553	0.
0.003979753432755395	0.
0.003976216048429567	0.
0.003972683368390193	0.
0.003969155384465654	0.
0.003965632088282051	0.
0.00396211347155513	0.
0.003958599526057611	0.
0.003955090243468119	0.
0.003951585615594064	0.
0.003948085634224413	0.
0.003944590291166453	0.
0.0039410995782455365	0.
0.0039376134873043	0.
0.003934132010204182	0.
0.003930655138824121	0.
0.003927182865060966	0.
0.003923715180828847	0.
0.0039202520780602925	0.
0.0039167935487050215	0.
0.0039133395847308515	0.
0.003909890178122874	0.
0.00390644532088377	0.
0.003903005005033564	0.
0.0038995692226101246	0.
0.003896137965668621	0.
0.003892711226281124	0.
0.0038892889965372692	0.
0.0038858712685445156	0.
0.003882458034426479	0.
0.003879049286325526	0.
0.003875645016398988	0.
0.0038722452168233118	0.
0.0038688498797907755	0.
0.0038654589975111553	0.
0.0038620725622115046	0.
0.003858690566134303	0.
0.0038553130015407367	0.
0.00385193986070767	0.
0.0038485711359296315	0.
0.0038452068195168223	0.
0.0038418469037969044	0.
0.0038384913811142364	0.
0.0038351402438283233	0.
0.0038317934843178788	0.
0.0038284510953386966	0.
0.00382511306858723	0.
0.0038217793968407104	0.
0.0038184500725433335	0.
0.0038151250879739553	0.
0.0038118044359629656	0.
0.00380848810882779	0.
0.003805176099076641	0.
0.0038018683993621696	0.
0.0037985650019706605	0.
0.0037952658995842404	0.
0.0037919710847760142	0.
0.003788680549935765	0.
0.003785394288062909	0.
0.0037821122915825418	0.
0.003778834553131039	0.
0.003775561065427272	0.
0.0037722918210062236	0.
0.003769026812618592	0.
0.003765766032963751	0.
0.003762509474756634	0.
0.0037592571307285593	0.
0.0037560089936257398	0.
0.003752765056210994	0.
0.003749525311261559	0.
0.003746289751570297	0.
0.0037430583699458457	0.
0.003739831159212661	0.
0.003736608112210076	0.
0.0037333892217922843	0.
0.003730174480829876	0.
0.003726963882207431	0.
0.003723757418825864	0.
0.003720555083600769	0.
0.0037173568694625347	0.
0.0037141627693570256	0.
0.0037109727762453322	0.
0.00370778688310343	0.
0.0037046050829219997	0.
0.0037014273687070998	0.
0.0036982537334793925	0.
0.0036950841702739928	0.
0.0036919186721414334	0.
0.00368875723214724	0.
0.003685599843371458	0.
0.00368244649890817	0.
0.00367929719186713	0.
0.003676151915371809	0.
0.0036730106625614506	0.
0.003669873426588497	0.
0.0036667402006211073	0.
0.0036636109778407176	0.
0.003660485751445351	0.
0.0036573645146441556	0.
0.003654247260663629	0.
0.0036511339827432483	0.
0.003648024674136881	0.
0.0036449193281129877	0.
0.003641817937954137	0.
0.0036387204969567984	0.
0.003635626998431628	0.
0.003632537435704233	0.
0.003629451802113366	0.
0.003626370091011925	0.
0.0036232922957675187	0.
0.0036202184097610473	0.
0.003617148426387444	0.
0.003614082339055783	0.
0.0036110201411891384	0.
0.0036079618262243322	0.
0.0036049073876112513	0.
0.0036018568188146516	0.
0.003598810113312278	0.
0.0035957672645960796	0.
0.0035927282661712347	0.
0.003589693111556976	0.
0.0035866617942856135	0.
0.0035836343094680883	0.
0.003580610647715301	0.
0.0035775908039944594	0.
0.003574574771892761	0.
0.003571562544211724	0.
0.0035685541160730967	0.
0.003565549480390198	0.
0.00356254863080353	0.
0.0035595515609670738	0.
0.003556558264547253	0.
0.0035535687352244586	0.
0.0035505829666863144	0.
0.0035476009526526782	0.
0.0035446226868358624	0.
0.0035416481629685533	0.
0.0035386773747971383	0.
0.0035357103160807237	0.
0.0035327469805877176	0.
0.003529787362105436	0.
0.003526831454432132	0.
0.003523879251379237	0.
0.0035209307467693775	0.
0.0035179859344397955	0.
0.0035150448082390344	0.
0.0035121073620289055	0.
0.003509173589684671	0.
0.00350624348509338	0.
0.0035033170421556775	0.
0.003500394254784414	0.
0.0034974751169045124	0.
0.0034945596224544573	0.
0.0034916477660030085	0.
0.0034887395402872228	0.
0.0034858349398893163	0.
0.003482933958797135	0.
0.0034800365910110367	0.
0.0034771428302365856	0.
0.0034742526704439123	0.
0.003471366106695604	0.
0.003468483132381274	0.
0.0034656037415626887	0.
0.003462727928641776	0.
0.0034598556870529236	0.
0.003456987011219607	0.
0.0034541218949639945	0.
0.0034512603332754613	0.
0.003448402319423175	0.
0.003445547847842671	0.
0.0034426969128352157	0.
0.0034398495081477093	0.
0.0034370056283880737	0.
0.00343416526760966	0.
0.003431328420020652	0.
0.0034284950798387434	0.
0.003425665241296013	0.
0.0034228388986349786	0.
0.003420016046110136	0.
0.0034171966779880897	0.
0.0034143807885465708	0.
0.0034115683720759822	0.
0.0034087594228778507	0.
0.0034059539352648124	0.
0.00340315190356182	0.
0.0034003533221061786	0.
0.003397558185244554	0.
0.003394766487337565	0.
0.003391978222755993	0.
0.003389193385882569	0.
0.0033864119711109687	0.
0.003383633972846721	0.
0.0033808593855068707	0.
0.003378088203519884	0.
0.0033753204213249916	0.
0.0033725560333733185	0.
0.0033697950341269015	0.
0.0033670374180595005	0.
0.003364283179655545	0.
0.0033615323134113468	0.
0.0033587848138340102	0.
0.003356040675441517	0.
0.0033532998927632766	0.
0.003350562460340736	0.
0.003347828372723928	0.
0.0033450976244771458	0.
0.003342370210173001	0.
0.003339646124396425	0.
0.003336925361743157	0.
0.003334207916819935	0.
0.0033314937842439133	0.
0.0033287829586435783	0.
0.00332607543465887	0.
0.003323371206938695	0.
0.0033206702701454047	0.
0.003317972618949053	0.
0.0033152782480338613	0.
0.0033125871520917312	0.
0.0033098993258272704	0.
0.003307214763954469	0.
0.0033045334611990283	0.
0.003301855412296953	0.
0.0032991806119939513	0.
0.0032965090550482494	0.
0.0032938407362265885	0.
0.0032911756503072797	0.
0.003288513792079082	0.
0.003285855156341301	0.
0.0032831997379030994	0.
0.0032805475315848573	0.
0.0032778985322165213	0.
0.003275252734639459	0.
0.003272610133704286	0.
0.0032699707242729134	0.
0.0032673345012167007	0.
0.0032647014594180167	0.
0.0032620715937691676	0.
0.003259444899172401	0.
0.003256821370540795	0.
0.0032542010027967394	0.
0.0032515837908737833	0.
0.0032489697296945513	0.
0.0032463588142527915	0.
0.00324375103949188	0.
0.0032411464003852973	0.
0.003238544891926525	0.
0.0032359465091114084	0.
0.0032333512469089223	0.
0.003230759100354866	0.
0.0032281700644723995	0.
0.003225584134283429	0.
0.003223001304853551	0.
0.0032204215712247635	0.
0.0032178449284598156	0.
0.003215271371631446	0.
0.0032127008958224004	0.
0.0032101334961249727	0.
0.0032075691676412325	0.
0.0032050079054823277	0.
0.003202449704770649	0.
0.003199894560636896	0.
0.0031973424682216144	0.
0.0031947934226756345	0.
0.003192247419321927	0.
0.0031897044530066333	0.
0.0031871645190693102	0.
0.0031846276126986303	0.
0.0031820937290122134	0.
0.003179562863378473	0.
0.003177035010934397	0.
0.003174510166907076	0.
0.003171988326533213	0.
0.003169469485057315	0.
0.003166953637734981	0.
0.003164440779830552	0.
0.00316193090661763	0.
0.0031594240133788476	0.
0.003156920096028004	0.
0.0031544191480024565	0.
0.003151921166477551	0.
0.003149426146151319	0.
0.0031469340823535308	0.
0.003144444970422252	0.
0.0031419588057053347	0.
0.003139475583559187	0.
0.0031369952993500396	0.
0.0031345179484525585	0.
0.0031320435262511886	0.
0.0031295720281389722	0.
0.003127103449517577	0.
0.003124637785798817	0.
0.0031221750324023547	0.
0.003119715184757586	0.
0.0031172582383029337	0.
0.003114804188484379	0.
0.003112353030759224	0.
0.0031099047605912923	0.
0.0031074593734548585	0.
0.0031050168648320284	0.
0.0031025772301627496	0.
0.0031001404650522306	0.
0.0030977065649562163	0.
0.0030952755253922937	0.
0.0030928473419129738	0.
0.003090422010001286	0.
0.0030879995252270044	0.
0.003085579883143138	0.
0.003083163079311432	0.
0.003080749109300992	0.
0.0030783379686911668	0.
0.003075929653068682	0.
0.003073524158029138	0.
0.003071121479177245	0.
0.00306872161212581	0.
0.0030663245524960086	0.
0.0030639302959176566	0.
0.003061538838029748	0.
0.0030591501744781716	0.
0.0030567643009192275	0.
0.003054381213015864	0.
0.003052000906440363	0.
0.0030496233768734855	0.
0.003047248620004214	0.
0.003044876631529198	0.
0.003042507407154535	0.
0.003040140942593849	0.
0.003037777233569433	0.
0.0030354162758113924	0.
0.003033058065058882	0.
0.0030307025970583924	0.
0.0030283498675652857	0.
0.003025999872343185	0.
0.0030236526071629227	0.
0.0030213080678047335	0.
0.0030189662500560007	0.
0.0030166271497129864	0.
0.0030142907625792894	0.
0.003011957084467612	0.
0.003009626111197751	0.
0.003007297838597871	0.
0.0030049722625045123	0.
0.003002649378761519	0.
0.003000329183221399	0.
0.0029980116717441925	0.
0.002995696840198196	0.
0.002993384684459288	0.
0.002991075200411769	0.
0.002988768383947609	0.
0.002986464230966402	0.
0.002984162737375333	0.
0.0029818638990907367	0.
0.0029795677120356802	0.
0.002977274172141463	0.
0.0029749832753553735	0.
0.0029726950176064415	0.
0.0029704093948581005	0.
0.0029681264030722984	0.
0.0029658460382147958	0.
0.0029635682962724837	0.
0.002961293173225652	0.
0.002959020665067508	0.
0.0029567507677982934	0.
0.0029544834774267274	0.
0.002952218789968543	0.
0.002949956701446905	0.
0.002947697207892724	0.
0.002945440305345189	0.
0.0029431860007650824	0.
0.0029409342680248984	0.
0.0029386851144612004	0.
0.002936438536142476	0.
0.0029341945236883668	0.
0.0029319530842699167	0.
0.0029297142083421703	0.
0.002927477892003445	0.
0.0029252441313596285	0.
0.002923012922523555	0.
0.0029207842616165566	0.
0.002918558144765524	0.
0.0029163345681068103	0.
0.002914113527782258	0.
0.0029118950199417616	0.
0.002909679040742834	0.
0.0029074655863498464	0.
0.0029052546529343593	0.
0.002903046236675432	0.
0.002900840333759022	0.
0.002898636940378944	0.
0.002896436052735211	0.
0.0028942376670360133	0.
0.0028920417794963574	0.
0.002889848386338064	0.
0.002887657483634615	0.
0.0028854690680894125	0.
0.0028832831354785606	0.
0.002881099682255971	0.
0.0028789187045376134	0.
0.00287674019872888	0.
0.0028745641610549624	0.
0.0028723905877941465	0.
0.0028702194752321477	0.
0.00286805081966132	0.
0.002865884617381768	0.
0.002863720864699907	0.
0.002861559557929338	0.
0.002859400693389759	0.
0.0028572442674094298	0.
0.0028550902763220683	0.
0.0028529387164685444	0.
0.0028507895841976953	0.
0.0028486428758632536	0.
0.0028464985878272537	0.
0.0028443567164584582	0.
0.002842217258132016	0.
0.002840080209229308	0.
0.002837945566139847	0.
0.0028358133252590085	0.
0.002833683482988951	0.
0.0028315560357385	0.
0.002829430979923522	0.
0.0028273083119668956	0.
0.0028251880282968034	0.
0.002823070125349989	0.
0.002820954599568223	0.
0.0028188414474003888	0.
0.00281673066530268	0.
0.0028146222497370515	0.
0.002812516197172315	0.
0.002810412504084005	0.
0.002808311166953885	0.
0.0028062121822708145	0.
0.002804115546529571	0.
0.0028020212562318613	0.
0.0027999293078858306	0.
0.0027978396980059116	0.
0.002795752423112814	0.
0.0027936674797346384	0.
0.0027915848644051175	0.
0.0027895045736643495	0.
0.002787426604059518	0.
0.0027853509521435114	0.
0.002783277614476022	0.
0.0027812065876226737	0.
0.0027791378681560875	0.
0.0027770714526550565	0.
0.0027750073377041575	0.
0.0027729455198948903	0.
0.002770885995824703	0.
0.002768828762097744	0.
0.002766773815323637	0.
0.002764721152119547	0.
0.0027626707691077996	0.
0.0027606226629168966	0.
0.002758576830182558	0.
0.002756533267545531	0.
0.002754491971653708	0.
0.002752452939160594	0.
0.0027504161667262425	0.
0.0027483816510162646	0.
0.0027463493887019	0.
0.0027443193764640768	0.
0.002742291610985437	0.
0.002740266088956745	0.
0.0027382428070749235	0.
0.0027362217620416486	0.
0.0027342029505658004	0.
0.0027321863693624583	0.
0.0027301720151521325	0.
0.0027281598846616915	0.
0.0027261499746241502	0.
0.0027241422817778768	0.
0.0027221368028676296	0.
0.002720133534644125	0.
0.0027181324738644436	0.
0.002716133617290464	0.
0.0027141369616914095	0.
0.002712142503841353	0.
0.0027101502405202913	0.
0.0027081601685148074	0.
0.0027061722846171937	0.
0.0027041865856246273	0.
0.002702203068341679	0.
0.0027002217295772585	0.
0.002698242566147567	0.
0.002696265574873223	0.
0.0026942907525814666	0.
0.002692318096105175	0.
0.002690347602283016	0.
0.0026883792679591283	0.
0.002686413089983848	0.
0.0026844490652126476	0.
0.002682487191597653	0.
0.0026805274627353837	0.
0.002678569878769337	0.
0.002676614435488154	0.
0.0026746611297758034	0.
0.002672709958522655	0.
0.0026707609186237815	0.
0.002668814006981003	0.
0.002666869220500729	0.
0.002664926556095766	0.
0.0026629860106838865	0.
0.002661047581189045	0.
0.00265911126454046	0.
0.002657177057672655	0.
0.0026552449575263084	0.
0.002653314961046931	0.
0.0026513870651862803	0.
0.002649461266900796	0.
0.0026475375631533704	0.
0.002645615950911669	0.
0.0026436964271491555	0.
0.002641778988844857	0.
0.0026398636329827856	0.
0.002637950356552807	0.
0.0026360391565498405	0.
0.002634130029974952	0.
0.002632222973833591	0.
0.002630317985137772	0.
0.0026284150609035143	0.
0.0026265141981535872	0.
0.002624615393915358	0.
0.0026227186452215927	0.
0.0026208239491105506	0.
0.0026189313026254387	0.
0.002617040702815524	0.
0.0026151521467345827	0.
0.0026132656314422995	0.
0.002611381154003331	0.
0.0026094987114873096	0.
0.0026076183009698236	0.
0.00260573991953138	0.
0.0026038635642573597	0.
0.002601989232239453	0.
0.0026001169205725114	0.
0.002598246626359078	0.
0.0025963783467050565	0.
0.002594512078721989	0.
0.0025926478195272946	0.
0.0025907855662429366	0.
0.0025889253159955996	0.
0.0025870670659182892	0.
0.002585210813147709	0.
0.0025833565548268626	0.
0.0025815042881035043	0.
0.0025796540101299106	0.
0.0025778057180641345	0.
0.002575959409069068	0.
0.0025741150803127947	0.
0.002572272728968017	0.
0.002570432352213054	0.
0.0025685939472304964	0.
0.0025667575112090168	0.
0.0025649230413411373	0.
0.002563090534825263	0.
0.002561259988864575	0.
0.0025594314006666227	0.
0.0025576047674447018	0.
0.0025557800864165277	0.
0.002553957354805191	0.
0.002552136569838294	0.
0.0025503177287487743	0.
0.0025485008287742324	0.
0.002546685867156943	0.
0.002544872841144361	0.
0.002543061747988957	0.
0.002541252584947914	0.
0.0025394453492831614	0.
0.002537640038261566	0.
0.002535836649154724	0.
0.0025340351792393786	0.
0.0025322356257968665	0.
0.0025304379861129716	0.
0.0025286422574788484	0.
0.0025268484371905767	0.
0.002525056522547864	0.
0.002523266510856991	0.
0.002521478399426954	0.
0.0025196921855733137	0.
0.002517907866615199	0.
0.002516125439876761	0.
0.0025143449026871685	0.
0.0025125662523800257	0.
0.0025107894862936753	0.
0.002509014601771178	0.
0.0025072415961598996	0.
0.0025054704668126906	0.
0.0025037012110861617	0.
0.0025019338263423483	0.
0.002500168309947532	0.
0.0024984046592723148	0.
0.0024966428716925635	0.
0.002494882944588169	0.
0.0024931248753441455	0.
0.0024913686613495067	0.
0.00248961429999851	0.
0.002487861788689438	0.
0.0024861111248254005	0.
0.0024843623058143287	0.
0.002482615329067685	0.
0.002480870192002742	0.
0.0024791268920401166	0.
0.002477385426605747	0.
0.0024756457931303186	0.
0.002473907989047929	0.
0.0024721720117977185	0.
0.0024704378588236682	0.
0.002468705527573945	0.
0.0024669750155007653	0.
0.0024652463200608966	0.
0.0024635194387171285	0.
0.0024617943689337804	0.
0.0024600711081817187	0.
0.0024583496539357023	0.
0.0024566300036741465	0.
0.002454912154882497	0.
0.002453196105046787	0.
0.0024514818516601176	0.