0.008096877292694194	0.3283402921894093
0.008161440542605203	0.33062237287026397
0.008225876439314559	0.3328993756091294
0.008290179281953667	0.3351712521995943
0.00835434343069511	0.3374379553819724
0.008418363302286668	0.33969943883691145
0.008482233378508633	0.34195565717893406
0.008545948201878819	0.3442065659499032
0.008609502377573384	0.346452121612406
0.008672890575087636	0.3486922815430853
0.008736107524089603	0.3509270040258837
0.00879914802413315	0.3531562482452437
0.008862006936578423	0.3553799742792294
0.008924679189224873	0.3575981430926024
0.008987159776051034	0.3598107165298312
0.009049443757701493	0.36201765730806
0.009111526261939758	0.3642189290100112
0.009173402484073364	0.36641449607685206
0.009235067687353707	0.3686043238010098
0.009296517203280546	0.3707883783189454
0.009357746432218143	0.37296662660388424
0.00941875084326926	0.37513903645851177
0.009479525974877497	0.37730557650762997
0.009540067435004029	0.379466216190784
0.009600370901362738	0.38162092575485107
0.009660432121630504	0.3837696762499654
0.009720246913628867	0.3859124395087443
0.009779811165484811	0.388049188158589
0.009839120835762822	0.3901798956011
0.009898171953574958	0.3923045360077857
0.009956960618665028	0.3944230843125177
0.010015483001473391	0.39653551620317884
0.010073735343173015	0.39864180811723215
0.010131713955686551	0.40074193722941287
0.01018941522167944	0.40283588144727756
0.010246835594531604	0.4049236194035921
0.010303971598288834	0.40700513044557407
0.010360819827589558	0.4090803946320011
0.010417376947574778	0.41114939272164397
0.010473639693775275	0.4132121061696463
0.010529604871980932	0.4152685171150533
0.010585269358087134	0.41731860837645773
0.010640630097926007	0.41936236344356703
0.010695684107077006	0.4213997664696032
0.010750428470661003	0.42343080226370744
0.010804860343111853	0.425455456283354
0.01085897694793775	0.42747371462677797
0.01091277557745942	0.42948556402541627
0.010966253592535679	0.43149099183635875
0.01101940842227109	0.4334899860348219
0.011072237563708379	0.4354825352066366
0.0111247385815044	0.4374686285407512
0.011176909107594979	0.4394482558217647
0.011228746840840213	0.44142140742247027
0.011280249546660003	0.44338807429642824
0.011331415056651986	0.4453482479705655
0.011382241268200931	0.44730192053779416
0.01143272614407132	0.4492490846496586
0.011482867711989324	0.4511897335090168
0.01153266406421294	0.4531238608627416
0.0115821133570886	0.4550514609944568
0.011631213810600342	0.456972528717305
0.01167996370790272	0.4588870593667487
0.01172836139484816	0.4607950487933993
0.011776405279502244	0.46269649335588814
0.01182409383164946	0.46459138991376636
0.011871425582287013	0.4664797358204462
0.011918399123116019	0.46836152891617555
0.011965013106018033	0.47023676752105437
0.012011266242524866	0.47210545042808383
0.012057157303282977	0.47396757689626656
0.012102685117506895	0.47582314664373415
0.012147848572428184	0.47767215984092704
0.012192646612735785	0.47951461710380794
0.012237078240011318	0.4813505194871259
0.01228114251215574	0.4831798684777201
0.01232483854281365	0.485002665987864
0.012368165500789195	0.4868189143486621
0.012411122609458015	0.48862861630348897
0.012453709146174696	0.4904317750014716
0.012495924441673655	0.4922283939910199
0.01253776787946873	0.4940184772134094
0.012579238895245858	0.49580202899640224
0.012620336976254618	0.4975790540479237
0.012661061660694145	0.49934955744978704
0.012701412537097855	0.5011135446514601
0.012741389243713977	0.5028710214638916
0.012780991467883659	0.50462199405338
0.012820218945418745	0.5063664689354952
0.01285907145997394	0.5081044529690509
0.01289754895492131	0.5098359533501277
0.012935651077824772	0.5115609776061454
0.012973377766778623	0.5132795335899896
0.013010729200845674	0.5149916294741927
0.013047705285851738	0.5166972737451565
0.01308430607929124	0.5183964751974395
0.013120531682086073	0.5200892429280886
0.013156382237951602	0.5217755863310247
0.013191857932767162	0.5234555150914861
0.013226958993938227	0.5251290391805155
0.013261685689767723	0.5267961688495117
0.013296038328824325	0.5284569146248221
0.01333001725931095	0.5301112873023994
0.013363622868436238	0.5317592979425045
0.013396855581786002	0.5334009578644676
0.013429715862696768	0.5350362786414959
0.013462204211632144	0.5366652720955465
0.013494321165557571	0.5382879502922386
0.013526067297321481	0.5399043255358296
0.013557443215034947	0.5415144103642434
0.01358844956145573	0.5431182175441466
0.013619087013375565	0.5447157600660838
0.013649356281005089	0.5463070511396639
0.013679258104909114	0.5478921041887999
0.013708793265083164	0.5494709328470022
0.0137379625660615	0.5510435509527261
0.0137667668486195	0.5526099725447708
0.013795206975294702	0.5541702118577292
0.013823283846930842	0.5557242833174972
0.0138509982659033	0.5572722015368299
0.01387835143656782	0.558813981310949
0.013905344347154805	0.5603496376132111
0.013931977755068657	0.561879185590817
0.013958252825021562	0.5634026405605841
0.013984170621733797	0.5649200180047586
0.014009732173308186	0.5664313335668915
0.014034938723758815	0.567936603047756
0.014059791347506498	0.5694358424013221
0.01408429126083855	0.570929067730781
0.014108439544609247	0.5724162952846177
0.014132237465173756	0.5738975414527367
0.014155686256018079	0.5753728227626349
0.014178787172564902	0.5768421558756309
0.014201541493552794	0.5783055575831348
0.01422395051297987	0.5797630448029745
0.014246015637501228	0.5812146345757678
0.01426773803236702	0.5826603440613456
0.014289119138220348	0.5841001905352194
0.014310160246592749	0.5855341913851031
0.014330862927419205	0.5869623641074764
0.014351228504456288	0.5883847263041994
0.014371258407296816	0.589801295679178
0.014390954082395914	0.5912120900350639
0.014410316992591972	0.5926171272700183
0.014429348616630047	0.5940164253745059
0.014448050448695238	0.5954100024281461
0.014466423997949882	0.5967978765966052
0.01448447078807307	0.598180066128531
0.014502192356808295	0.5995565894131372
0.014519590255518291	0.600927464735358
0.014536666048739731	0.6022927106363464
0.014553421313748842	0.6036523455645351
0.014569857640129013	0.6050063883419924
0.014585976629344475	0.6063548575839881
0.014601779894319785	0.607697771968887
0.014617269059026022	0.6090351503428024
0.014632445758069566	0.6103670115690321
0.014647311636287248	0.6116933745673605
0.014661868348349564	0.6130142583097591
0.014676117558364737	0.6143296818178415
0.014690060939491661	0.6156396641603549
0.01470370017355686	0.6169442244507147
0.0147170369506768	0.6182433818445792
0.01473007296888647	0.6195371555374635
0.014742809933771509	0.6208255647623867
0.014755249558106528	0.622108628787568
0.014767393561501146	0.6233863669141542
0.014779243670046443	0.6246587984739829
0.014790801615971067	0.625925942827394
0.014802069137300112	0.6271878193610628
0.014813047977519731	0.6284444474858857
0.014823739885248117	0.6296958466348884
0.014834146613910304	0.63094203626118
0.014844269921417847	0.6321830358359385
0.014854111569855579	0.6334188648464292
0.014863673325171372	0.6346495427940639
0.014872956956871792	0.6358750891924905
0.014881964237723361	0.6370955235657156
0.014890696943457958	0.6383108654462628
0.014899156852482772	0.6395211343733667
0.014907345745597697	0.6407263498911933
0.014915265405714032	0.641926531547097
0.014922917617580977	0.6431216988899141
0.014930304167514938	0.6443118714682767
0.014937426843136498	0.6454970688289683
0.014944287433107033	0.6466773105153066
0.014950887726876685	0.6478526160655547
0.01495722951443059	0.6490230050113681
0.014963314586045242	0.6501884968762649
0.014969144732045149	0.6513491111741333
0.014974721742566394	0.6525048674077589
0.014980047407324124	0.65365578506739
0.014985123515385763	0.6548018836293257
0.014989951854945432	0.6559431825545313
0.014994534213106194	0.6570797012872891
0.014998872375665247	0.6582114592538645
0.0150029681269027	0.6593384758612117
0.015006823249376376	0.6604607704956974
0.015010439523719615	0.6615783625218516
0.01501381872844293	0.6626912712811516
0.015016962639740445	0.6637995160908197
0.015019873031302075	0.6649031162426601
0.015022551674125499	0.6660020910019078
0.015025000336337281	0.6670964596061089
0.01502722078301305	0.6681862412640266
0.015029214776006095	0.6692714551545661
0.015030984073775766	0.6703521204257262
0.015032530431223422	0.6714282561935747
0.015033855599529453	0.6724998815412426
0.01503496132599434	0.6735670155179485
0.015035849353886278	0.674629677138036
0.015036521422287692	0.6756878853800425
0.015036979265949121	0.6767416591857803
0.015037224615145861	0.6777910174594493
0.01503725919553723	0.6788359790667596
0.01503708472802888	0.6798765628340848
0.015036702928641616	0.6809127875476305
0.01503611550837957	0.6819446719526197
0.015035324173103867	0.682972234752512
0.015034330623410724	0.6839954946082216
0.01503313655450881	0.6850144701373744
0.015031743656105743	0.6860291799135698
0.015030153612290369	0.6870396424656702
0.015028368101426383	0.6880458762771022
0.015026388796041124	0.6890478997851821
0.015024217362723788	0.6900457313804566
0.015021855462022757	0.6910393894060556
0.015019304748346037	0.6920288921570754
0.015016566869868568	0.6930142578799647
0.015013643468436288	0.693995504771936
0.015010536179478106	0.6949726509803918
0.015007246631917836	0.6959457146023655
0.015003776448090329	0.6969147136839802
0.015000127243658607	0.6978796662199207
0.01499630062753673	0.6988405901529231
0.014992298214328214	0.6997975033732815
0.014988121561667107	0.7007504237183626
0.01498377229531915	0.7016993689721427
0.014979251983940482	0.7026443568647573
0.01497456220159588	0.7035854050720609
0.014969704515178985	0.7045225312152041
0.014964680484350719	0.7054557528602265
0.014959491661478395	0.7063850875176594
0.014954139591580337	0.7073105526421397
0.014948625812269068	0.7082321656320492
0.014942951853701043	0.709149943829147
0.014937119238523979	0.7100639045182343
0.014931129481830223	0.7109740649268184
0.014924984091109442	0.7118804422247949
0.014918684566204465	0.7127830535241375
0.014912232399270111	0.7136819158786092
0.014905629074732219	0.7145770462834702
0.01489887605992526	0.715468461675211
0.014891974842310017	0.7163561789312898
0.014884926883034937	0.7172402148698802
0.01487773361646864	0.7181205862496343
0.014870396497226181	0.7189973097694522
0.01486291696262482	0.7198704020682636
0.014855296442024808	0.7207398797248201
0.014847536356804006	0.7216057592574976
0.014839638120334396	0.7224680571241034
0.014831603137921347	0.7233267897217062
0.01482343280693592	0.7241819733864578
0.014815128516565957	0.7250336243934373
0.014806691647954394	0.7258817589565008
0.014798123574141871	0.7267263932281391
0.014789425660053649	0.7275675432993436
0.014780599262487438	0.7284052251994826
0.014771645730101757	0.7292394548905321
0.014762566403404306	0.7300702482895747
0.014753362614745733	0.7308976212404736
0.014744035688311303	0.7317215895136937
0.014734586940113686	0.7325421688345779
0.014725017677990096	0.733359374860606
0.014715329201598334	0.734173223186996
0.014705522802414328	0.7349837293466369
0.014695599763730655	0.735790908810039
0.01468556136065924	0.7365947769852836
0.014675408860128275	0.7373953492179883
0.01466514352091458	0.7381926407912682
0.014654766593542994	0.7389866669257161
0.014644279320445005	0.7397774427793746
0.014633682935862074	0.7405649834477295
0.014622978665877901	0.7413493039637025
0.014612167728426087	0.7421304192976446
0.014601251333299646	0.7429083443573483
0.014590230682159805	0.7436830939880533
0.014579106968547561	0.7444546829724645
0.014567881377894646	0.7452231260307768
0.014556555087536727	0.7459884378206987
0.014545129266726527	0.74675063293749
0.014533605076647322	0.7475097259139967
0.014521983670429315	0.7482657312206975
0.014510266193164525	0.7490186632657496
0.014498453781924533	0.7497685363950456
0.014486547565776123	0.7505153648922827
0.014474548665801638	0.7512591629789737
0.014462458195116629	0.7519999448145953
0.01445027725888935	0.7527377244966071
0.014438006954362134	0.75347251606054
0.014425648370871595	0.7542043334800781
0.014413202589870062	0.7549331906671457
0.014400670684948528	0.7556591014719947
0.014388053721860004	0.7563820796832967
0.014375352758541548	0.757102139028246
0.014362568845139862	0.7578192931726528
0.014349703024034495	0.7585335557210542
0.014336756329865351	0.7592449402168204
0.014323729789554828	0.7599534601422657
0.01431062442233843	0.7606591289187664
0.014297441239788405	0.7613619599068777
0.014284181245842109	0.762061966406456
0.014270845436829322	0.7627591616567865
0.014257434801501526	0.7634535588367078
0.014243950321059512	0.7641451710647462
0.014230392969182291	0.7648340113992513
0.014216763712057885	0.7655200928385292
0.014203063508411147	0.7662034283209873
0.014189293309536588	0.7668840307252747
0.014175454059326693	0.7675619128704256
0.014161546694304425	0.7682370875160135
0.014147572143653647	0.7689095673622974
0.01413353132925144	0.7695793650503752
0.014119425165699698	0.7702464931623418
0.014105254560358143	0.7709109642214429
0.014091020413375762	0.7715727906922405
0.014076723617724676	0.7722319849807704
0.014062365059232591	0.7728885594347074
0.01404794561661718	0.7735425263435356
0.014033466161518387	0.7741938979387124
0.01401892755853463	0.7748426863938398
0.014004330665253575	0.7754889038248387
0.013989676332289664	0.776132562290122
0.013974965403317148	0.7767736737907684
0.013960198715104816	0.7774122502707044
0.013945377097551422	0.7780483036168768
0.013930501373721205	0.7786818456594413
0.013915572359326762	0.7793128881719399
0.013900590864971021	0.779941442871484
0.013885557692874596	0.7805675214189443
0.013870473639116119	0.7811911354191317
0.013855339493116145	0.7818122964209907
0.013840156037676682	0.7824310159177846
0.013824924049012704	0.7830473053472875
0.01380964429679207	0.7836611760919754
0.01379431754416918	0.7842726394792223
0.013778944557059056	0.7848817067814884
0.013763526067099088	0.7854883892165198
0.013748062818524899	0.7860926979475418
0.013732555566880671	0.7866946440834564
0.013717005034205918	0.7872942386790417
0.013701411945773541	0.7878914927351501
0.013685777019331408	0.7884864171989071
0.013670100976094845	0.7890790229639103
0.013654384505287567	0.7896693208704355
0.013638628315514198	0.790257321705632
0.01362283310071633	0.7908430362037325
0.013606999538939278	0.7914264750462505
0.013591128341498102	0.792007648862186
0.013575220154487614	0.7925865682282328
0.013559275658419342	0.7931632436689792
0.01354329551644651	0.7937376856571163
0.013527280386909852	0.7943099046136439
0.013511230922032722	0.7948799109083099
0.01349514776822803	0.7954477148588794
0.013479031566131361	0.7960133267327539
0.013462882950642732	0.796576756746234
0.013446702550959966	0.7971380150649672
0.01343049099061626	0.7976971118041538
0.013414248880245118	0.7982540570287545
0.013397976846816493	0.798808860753557
0.013381675489711479	0.79936153294397
0.013365345424560346	0.7999120835153468
0.013348987217845769	0.8004605223339163
0.013332601461402081	0.8010068592163214
0.013316188767399002	0.8015511039306251
0.013299749701492941	0.8020932661959835
0.01328328483788688	0.8026333556829888
0.013266794745485212	0.803171382013883
0.013250279987928408	0.8037073547627646
0.013233741123630405	0.8042412834558007
0.013217178705813912	0.8047731775714354
0.01320059328254577	0.8053030465405193
0.013183985396773623	0.8058308997468642
0.013167355586360978	0.8063567465269084
0.013150704384122983	0.8068805961703098
0.013134032316657619	0.8074024579240788
0.013117339909118494	0.8079223409764287
0.013100627678259678	0.808440254474216
0.01308389613705487	0.8089562075373138
0.013067145793605359	0.8094702092161334
0.01305037715117541	0.8099822685234283
0.013033590708225183	0.8104923944265343
0.013016786958447385	0.8110005958475757
0.01299996639080051	0.8115068816636744
0.012983129489543015	0.8120112607071569
0.012966276734268863	0.812513741765762
0.01294940859993961	0.8130143335828484
0.012932525557952134	0.8135130448575992
0.012915628072108262	0.8140098842452326
0.012898716604649264	0.8145048603572028
0.012881791612348852	0.8149979817614115
0.01286485354752046	0.815489256982407
0.012847902858046045	0.8159786945015961
0.012830939987411456	0.8164663027574424
0.012813965377649821	0.8169520901456723
0.01279697945782777	0.8174360650194836
0.012779982661252087	0.8179182356897418
0.012762975414150451	0.818398610425186
0.012745958138516906	0.8188771974532405
0.012728931252144459	0.8193540049578195
0.012711895168657493	0.8198290410830686
0.01269485029754211	0.8203023139312411
0.012677797044180678	0.8207738315634718
0.012660735809880716	0.8212436019999765
0.012643666991907054	0.8217116332202516
0.012626590983514954	0.8221779331632714
0.012609508171557938	0.8226425097276898
0.012592418946124083	0.8231053707720345
0.012575323686278731	0.8235665241149066
0.012558222769540925	0.8240259775351789
0.01254111656957431	0.824483738772187
0.012524005456214033	0.8249398155259295
0.012506889795499352	0.8253942154572617
0.01248976994970316	0.8258469461880881
0.012472646277360706	0.8262980153015604
0.012455519133300955	0.8267474303422666
0.012438388868674734	0.8271951988150894
0.012421255830984032	0.8276413281907018
0.012404120364112913	0.828085825897864
0.012386982808353606	0.8285286993288379
0.012369843500438238	0.8289699558382796
0.01235270277356584	0.8294096027434285
0.012335560957430915	0.8298476473242982
0.012318418378252503	0.8302840968238641
0.0123012753588015	0.8307189584482491
0.01228413221842926	0.8311522393669153
0.012266989273095292	0.8315839467128439
0.012249846835394587	0.8320140875827255
0.012232705214585502	0.8324426690371428
0.012215564716617368	0.8328696981007562
0.012198425644156111	0.8332951817624861
0.012181288296613278	0.833719126975697
0.012164152970171968	0.8341415406583781
0.012147019957812465	0.834562429693327
0.012129889549341093	0.8349818009283279
0.012112762031414016	0.8353996611763332
0.012095637687565221	0.835816017215644
0.012078516798230967	0.8362308757900876
0.012061399640777785	0.8366442436091939
0.012044286489525213	0.8370561273483758
0.012027177615774199	0.837466533649105
0.012010073287830391	0.8378754691190851
0.011992973771030025	0.8382829403324304
0.01197587932778497	0.8386889538298404
0.011958790217504477	0.8390935161187699
0.011941706696808841	0.8394966336736059
0.011924629019404394	0.8398983129358368
0.011907557436151673	0.8402985603142263
0.011890492195090254	0.8406973821849857
0.011873433541582283	0.841094784891939
0.011856381717875026	0.841490774746696
0.011839336963782617	0.8418853580288211
0.011822299516294108	0.8422785409860015
0.011805269609695038	0.8426703298342119
0.011788247475591646	0.8430607307578816
0.011771233342922866	0.8434497499100646
0.011754227438037763	0.8438373934126003
0.011737229984612414	0.8442236673562775
0.011720241203758773	0.8446085778010013
0.011703261314023612	0.8449921307759545
0.011686290531408995	0.845374332279759
0.011669329069392699	0.8457551882806378
0.011652377138829032	0.8461347047165757
0.011635434948449102	0.8465128874954797
0.011618502704190053	0.8468897424953392
0.011601580609659183	0.8472652755643811
0.011584668866049974	0.8476394925212312
0.011567767672162253	0.8480123991550769
0.011550877224424437	0.8483840012258045
0.011533997716912428	0.8487543044641709
0.01151712934137302	0.8491233145719531
0.011500272287242305	0.8494910372221074
0.011483426741666204	0.8498574780589175
0.011466592883773918	0.8502226426981496
0.011449770907354318	0.8505865367271239
0.011432960993814361	0.8509491657051735
0.01141616330883762	0.8513105351633506
0.011399378034508469	0.8516706506048615
0.011382605344655376	0.8520295175051472
0.011365845410956825	0.8523871413120327
0.01134909840295922	0.8527435274458712
0.011332364488096346	0.8530986812996969
0.011315643831708235	0.853452608239365
0.011298936597060038	0.8538053136037023
0.011282242945360557	0.8541568027046498
0.011265563035781174	0.8545070808274059
0.011248897025473553	0.8548561532305705
0.011232245074356054	0.8552040251462908
0.01121560732633117	0.8555507017803972
0.01119898393708993	0.8558961883125502
0.011182375050336668	0.8562404898963781
0.011165780824255707	0.8565836116596163
0.01114920139896194	0.8569255587042497
0.011132636917974295	0.8572663361066482
0.011116087522934082	0.8576059489177056
0.011099553353622851	0.8579444021629755
0.011083034547978895	0.8582817008428102
0.011066531242113377	0.858617849932495
0.011050043570328611	0.858952854382381
0.011033571665133819	0.8592867191180256
0.011017115657261344	0.8596194490429385
0.011000675675683613	0.8599510490283809
0.010984251847628728	0.8602815239287877
0.010967844298597715	0.8606108785688168
0.010951453152379016	0.8609391177579677
0.010935078531064893	0.8612662462728902
0.01091872055506781	0.8615922688692594
0.010902379343135146	0.8619171902790024
0.010886055012365076	0.8622410152104268
0.010869747678221728	0.8625637483483493
0.010853457454550667	0.8628853943542207
0.010837184453594039	0.8632059578662543
0.010820928786004443	0.8635254434995507
0.010804690560861809	0.8638438558462199
0.010788469885686193	0.8641611994755112
0.010772266866453726	0.8644774789339302
0.010756081607610251	0.8647926987453696
0.010739914212085977	0.8651068634112238
0.010723764822066037	0.8654199774105142
0.010707633415225664	0.8657320452000106
0.010691520212300147	0.8660430712143529
0.010675425269544046	0.8663530598661646
0.010659348682521615	0.8666620155461803
0.010643290545365202	0.8669699426233586
0.01062725095078987	0.8672768454449999
0.010611229990105463	0.8675827283368669
0.01059522775323076	0.867887595603299
0.010579244328706511	0.8681914515273295
0.010563279770217569	0.8684943003707976
0.01054733426406074	0.8687961463744704
0.010531407794248607	0.8690969937581459
0.010515500477431047	0.8693968467207783
0.010499612395454157	0.8696957094405818
0.010483743628862221	0.8699935860751512
0.010467894256912606	0.8702904807615626
0.010452064357585956	0.8705863976164955
0.010436254007599772	0.8708813407363368
0.010420463282419698	0.871175314197292
0.01040469225627307	0.8714683220375549
0.010388941002158847	0.8717603683471197
0.010373209591861044	0.8720514570884799
0.010357498095961029	0.8723415922761442
0.010341806583846631	0.8726307778870404
0.0103261351237264	0.8729190178785643
0.010310483782639959	0.8732063161886785
0.010294852626469207	0.8734926767360272
0.010279241719950627	0.8737781034200305
0.010263651126685074	0.8740626001209992
0.010248080909149802	0.8743461707002287
0.010232531128710094	0.8746288190001069
0.010217001845628156	0.8749105488442174
0.010201493119076163	0.8751913640374355
0.010186005007145758	0.8754712683660381
0.010170537566858593	0.8757502655977956
0.01015509085417811	0.8760283594820772
0.010139664925027977	0.8763055537499489
0.010124246583100278	0.8765818521142748
0.010108875626803867	0.8768572582698072
0.010093512363388768	0.8771317758932979
0.010078170090755815	0.877405408643585
0.010062848860938715	0.8776781601616919
0.010047548721684433	0.8779500340709263
0.01003226972085307	0.8782210339769729
0.010017011905336895	0.8784911634679919
0.010001775321069684	0.8787604261147107
0.009986560013037061	0.8790288254705171
0.009971366025285387	0.8792963650715564
0.009956193400083262	0.8795630484368244
0.009941042181298853	0.8798288790682578
0.009925912409394354	0.8800938604508242
0.009910804124751963	0.8803579960526194
0.009895717367794104	0.8806212893249539
0.009880652175283116	0.8808837437024464
0.00986560858586256	0.8811453626031106
0.009850586636398666	0.8814061494284477
0.00983558636290077	0.8816661075635338
0.009820607800529294	0.8819252403771083
0.009805650983605353	0.8821835512216618
0.009790715945618993	0.8824410434330747
0.009775802719237343	0.8826977203324972
0.009760911336313561	0.882953585223757
0.009746041827895294	0.8832086413952245
0.009731194224231876	0.8834628921199472
0.009716368554783937	0.8837163406537696
0.00970156484823062	0.8839689902383528
0.009686783132478506	0.8842208440993112
0.009672023434667946	0.8844719054467846
0.009657285781183269	0.8847221774755134
0.009642570197658408	0.88497166336493
0.009627876708986178	0.8852203662792346
0.009613205339325743	0.8854682893674798
0.009598556112109838	0.8857154357636519
0.009583929050052483	0.8859618085867508
0.009569324175156442	0.8862074109408711
0.009554741508721369	0.8864522459152822
0.009540181071349836	0.8866963165845076
0.009525642882955758	0.8869396260084046
0.009511126962771583	0.8871821772322391
0.009496633329355133	0.88742397328677
0.00948216200059629	0.8876650171883236
0.009467712993725121	0.8879053119388701
0.009453286325318111	0.8881448605261012
0.009438882011305294	0.8883836659235063
0.00942450006697666	0.8886217310904517
0.009410140506990235	0.8888590589722508
0.009395803345377735	0.8890956525002423
0.009381488595550963	0.8893315145918648
0.009367196270310133	0.88956664815073
0.009352926381847933	0.8898010560666985
0.009338678941758848	0.8900347412159502
0.00932445396104296	0.8902677064610608
0.00931025145011418	0.8904999546510717
0.009296071418806088	0.8907314886215634
0.009281913876377624	0.8909623111947258
0.009267778831520062	0.891192425179433
0.00925366629236276	0.8914218333713109
0.009239576270209897	0.8916505385528103
0.009225508764565977	0.8918785434932723
0.00921146378569816	0.8921058509490051
0.00919744133954942	0.8923324636633483
0.00918344143153121	0.892558384366742
0.009169464066528148	0.8927836157768005
0.00915550924890563	0.8930081605983712
0.009141576982514051	0.8932320215236133
0.009127667270695144	0.8934552012320561
0.009113780113157674	0.8936777023906719
0.009099915518577587	0.8938995276539392
0.009086073485600242	0.8941206796639113
0.009072254012479698	0.89434116105028
0.00905845710636185	0.8945609744304431
0.009044682764497977	0.8947801224095683
0.00903093098682315	0.8949986075806595
0.009017201772807574	0.8952164325246197
0.009003495121461133	0.8954335998103138
0.00898981103133931	0.8956501119946353
0.00897614950054752	0.8958659716225705
0.00896251052674737	0.8960811812272549
0.008948894107160528	0.896295743330043
0.00893530024113049	0.8965096604405679
0.00892172891984034	0.8967229350568012
0.008908180141841256	0.8969355696634992
0.008894653902646718	0.897147566738762
0.008881150197355555	0.8973589287443063
0.008867669020656334	0.8975696581320785
0.008854210366832595	0.8977797573426689
0.00884077422976637	0.8979892288053717
0.008827360602944208	0.8981980749382449
0.008813969479460776	0.8984062981481701
0.008800600852024294	0.8986139008309086
0.008787254712960142	0.8988208853711639
0.008773931054215865	0.8990272541439608
0.00876062986736575	0.8992330095093751
0.008747351143614098	0.8994381538206357
0.008734094873801697	0.8996426894187809
0.008720861048407656	0.8998466186340827
0.00870764965755563	0.900049943786092
0.00869446069101706	0.9002526671837014
0.008681294138215615	0.9004547911252007
0.008668149988231032	0.9006563178983295
0.008655028229804202	0.9008572497803355
0.008641928851339598	0.9010575890380275
0.008628851840911242	0.90125733792783
0.00861579718626508	0.9014564986958378
0.008602764874823919	0.9016550735778721
0.008589754893690611	0.90185306479953
0.008576767229653084	0.9020504745762412
0.008563801869186616	0.902247305113319
0.008550858798458922	0.9024435586060163
0.008537938003333788	0.9026392372395721
0.008525039469373726	0.9028343431892714
0.008512163180609218	0.9030288786204883
0.008499309124508997	0.9032228456887479
0.008486477285685906	0.9034162465397665
0.008473667646136562	0.903609083309511
0.008460880191188836	0.9038013581242454
0.008448114904679638	0.9039930731005834
0.008435371770170171	0.9041842303455367
0.00842265077095059	0.9043748319565662
0.00840995189004223	0.9045648800216295
0.008397275110201727	0.9047543766192329
0.008384620413923417	0.9049433238184804
0.008371987784455966	0.9051317236791175
0.008359377201739557	0.9053195782515868
0.008346788647560641	0.905506889577072
0.008334222105367311	0.9056936596875438
0.008321677555403466	0.9058798906058135
0.008309154978664064	0.9060655843455746
0.008296654355904374	0.9062507429114541
0.008284175667644784	0.9064353682990567
0.008271718894172457	0.9066194624950108
0.008259284015545551	0.9068030274770184
0.008246871011595235	0.9069860652144182
0.008234479861929097	0.9071685776661389
0.008222110545934663	0.9073505667834033
0.008209763042781322	0.9075320345096651
0.008197437331424234	0.9077129827781555
0.008185133390603574	0.907893413513962
0.008172851198859547	0.9080733286335584
0.00816059073451692	0.9082527300448511
0.008148351975700796	0.9084316196472229
0.008136134900335762	0.9086099993315773
0.008123939486145173	0.9087878709803796
0.008111765710667636	0.908965236467704
0.008099613551238382	0.9091420976592723
0.008087482985006961	0.9093184564125006
0.008075373988938267	0.9094943145765384
0.008063286539805006	0.9096696739923141
0.008051220614207006	0.9098445364925745
0.008039176188560296	0.9100189039019265
0.008027153239105708	0.9101927780368811
0.008015151741911067	0.9103661607058936
0.008003171672866134	0.9105390537094034
0.007991213007699316	0.9107114588398759
0.00797927572196857	0.9108833778818439
0.007967359791068348	0.9110548126119471
0.007955465190230398	0.9112257647989701
0.007943591894527563	0.9113962362038877
0.007931739878874928	0.9115662285799002
0.007919909118032562	0.9117357436724755
0.00790809958660826	0.911904783219384
0.007896311259059345	0.9120733489507438
0.007884544109694561	0.9122414425890565
0.007872798112677317	0.9124090658492451
0.007861073242026994	0.9125762204386935
0.007849369471621485	0.9127429080572831
0.007837686775199314	0.9129091303974346
0.007826025126361673	0.9130748891441423
0.007814384498574967	0.913240185975011
0.0078027648651721486	0.9134050225602973
0.007791164161113676	0.9135694005629433
0.0077795863580946605	0.9137333216386152
0.0077680294661217255	0.9138967874357389
0.007756493457952567	0.9140597995955381
0.007744978306221844	0.9142223597520682
0.007733483983442666	0.9143844695322558
0.007722010462008711	0.9145461305559311
0.007710557714196249	0.9147073444358667
0.00769912749015474	0.9148681127778107
0.0076877162740761175	0.9150284371805223
0.007676325750005981	0.9151883192358103
0.007664955889826246	0.915347760528562
0.00765360666531112	0.9155067626367845
0.007642278048129331	0.9156653271316332
0.007630970009845947	0.9158234555774512
0.007619682521924075	0.9159811495318011
0.007608415555727209	0.9161384105454974
0.007597169082519574	0.9162952411598346
0.007585943073469826	0.9164516409557076
0.007574737499651264	0.9166076124244623
0.0075635523320441034	0.9167631570902939
0.007552387541537178	0.9169182764708207
0.0075412430989295195	0.9170729720771126
0.007530118974931893	0.9172272454137272
0.007519015140169194	0.9173810979787412
0.0075079315651807275	0.917534531263782
0.007496868220422847	0.9176875467540616
0.0074858250762706606	0.9178401459284048
0.007474802103018782	0.9179923302592864
0.007463799270883042	0.9181441012128589
0.00745281655000334	0.9182954602489841
0.007441853910443229	0.9184464088212662
0.007430911321906386	0.9185969483770808
0.007419988754895385	0.9187470803576084
0.007409086178958382	0.9188968061978626
0.007398203563872063	0.9190461273267213
0.007387340879345402	0.9191950451669582
0.007376498095022419	0.919343561135272
0.007365675180478657	0.9194916766423165
0.00735487210522924	0.9196393930927308
0.007344088838725434	0.9197867118851694
0.007333325350357304	0.9199336344123302
0.0073225816094561365	0.9200801620609855
0.007311857585541955	0.9202262962120115
0.007301153247324838	0.9203720382404152
0.007290468564223341	0.9205173895153655
0.007279803505343277	0.9206623514002216
0.007269158039737752	0.9208069252525597
0.00725853213640788	0.9209511124242042
0.007247925764304685	0.9210949142612539
0.0072373388923296054	0.9212383321041115
0.007226771489336648	0.9213813672875106
0.007216223524132651	0.9215240211405438
0.007205694965479479	0.9216662949866907
0.007195185782094249	0.9218081901439729
0.0071846959426510775	0.921949707924466
0.007174225415782821	0.9220908496351051
0.007163774170080677	0.9222316165771922
0.007153342174096858	0.9223720100465498
0.007142929396344846	0.9225120313335512
0.00713253580530122	0.9226516817231447
0.007122161369465845	0.9227909624948819
0.007111806057096697	0.9229298749229432
0.0071014698366522406	0.9230684202761655
0.0070911526764708705	0.9232065998180646
0.007080854544858695	0.9233444148068659
0.007070575410212349	0.923481866495526
0.0070603152405687795	0.9236189561317616
0.007050074004233259	0.923755684958072
0.007039851669393873	0.923892054211767
0.007029648204214825	0.9240280651249896
0.0070194635767877565	0.9241637189247449
0.007009297755337904	0.9242990168329203
0.006999150707886316	0.9244339600663134
0.006989022402380039	0.9245685498366565
0.006978912806998314	0.9247027873506392
0.006968821889813585	0.9248366738099345
0.006958749618765045	0.9249702104112245
0.00694869596183654	0.9251033983462206
0.006938660886998258	0.9252362388016891
0.006928644362196751	0.9253687329594785
0.006918646355366976	0.9255008819965211
0.006908666834528251	0.9256326870849374
0.006898705767389918	0.9257641493918998
0.006888763121936794	0.9258952700798566
0.006878838866045276	0.9260260503063812
0.006868932967583545	0.9261564912242503
0.00685904539440341	0.926286593981593
0.006849176114351007	0.926416359721705
0.00683932509526206	0.9265457895831992
0.006829492304963538	0.9266748847000523
0.006819677711274583	0.9268036462014202
0.006809881282007667	0.9269320752119652
0.0068001029849690964	0.927060172851679
0.006790342787959506	0.9271879402359544
0.006780600658775616	0.9273153784756026
0.006770876565209695	0.9274424886768843
0.00676117047505138	0.9275692719415227
0.0067514823560879044	0.9276957293667284
0.00674181217610472	0.9278218620452229
0.006732159902886706	0.927947671065257
0.006722525504218526	0.9280731575106338
0.006712908947885169	0.9281983224607299
0.006703310201673474	0.9283231669905141
0.0066937292333719275	0.9284476921705715
0.006684166010771626	0.9285718990671239
0.006674620501666971	0.9286957887420484
0.006665092673856901	0.9288193622529001
0.00665558249514425	0.9289426206529318
0.006646089933338028	0.9290655649911136
0.006636614956252386	0.9291881963121562
0.006627157531708998	0.929310515656527
0.006617717627536174	0.9294325240604728
0.006608295211570208	0.92955422255604
0.006598890251656173	0.9296756121710927
0.006589502715648204	0.9297966939293338
0.006580132571409777	0.9299174688503242
0.00657077978681515	0.9300379379495027
0.006561444329749552	0.9301581022382045
0.006552126168109145	0.9302779627236824
0.006542825344120726	0.9303975204091235
0.006533541674721524	0.9305167762936708
0.006524275204573778	0.9306357313724408
0.006515025901624411	0.9307543866365425
0.0065057937338345515	0.9308727430730982
0.0064965786691815065	0.9309908016652576
0.006487380675655429	0.9311085633922224
0.00647819972126557	0.9312260292292599
0.006469035774034738	0.931343200147725
0.006459888802005272	0.9314600771150747
0.006450758706591873	0.9315766610948925
0.006441645591250793	0.9316929530468984
0.006432549355286632	0.9318089539269734
0.006423469966814165	0.9319246646871756
0.006414407393967577	0.9320400862757571
0.00640536160490153	0.9321552196371823
0.006396332567790692	0.9322700657121463
0.006387320250830644	0.9323846254375915
0.006378324622238307	0.9324988997467256
0.006369345650252784	0.932612889569039
0.006360383303134861	0.932726595794919
0.006351437549168443	0.9328400194183917
0.006342508356660521	0.9329531613213542
0.00633359569394134	0.9330660224186001
0.006324699529365646	0.9331786036212907
0.006315819831312213	0.9332909058369735
0.006306956568184894	0.9334029299695958
0.006298109708412744	0.9335146769195267
0.006289279220450188	0.9336261475835677
0.006280465072778081	0.9337373428549732
0.006271667233903555	0.9338482636234655
0.006262885672360862	0.9339589107752504
0.006254120356711069	0.9340692851930359
0.006245371255542816	0.9341793877560465
0.006236638337473237	0.9342892193400385
0.006227921571147277	0.9343987808173193
0.006219220925238921	0.9345080730567582
0.006210536368450951	0.9346170969238086
0.006201867869516031	0.9347258532805159
0.006193215397195861	0.9348343429855435
0.006184578920283108	0.9349425668941769
0.006175958407600151	0.9350505258583478
0.00616735382800072	0.9351582207266456
0.006158765150369105	0.935265652344335
0.006150192343621498	0.9353728215533674
0.00614163537670572	0.9354797291924011
0.006133094218601622	0.935586376096812
0.006124568838321507	0.9356927630987115
0.006116059204910062	0.9357988910269618
0.0061075652874455115	0.9359047607071864
0.006099087055038913	0.9360103729617902
0.006090624476835249	0.9361157286099708
0.0060821775220127735	0.9362208284677367
0.006073746159784633	0.9363256733479163
0.006065330359398083	0.9364302640601773
0.006056930090135096	0.9365346014110391
0.0060485453213120445	0.936638686203889
0.006040176021425112	0.9367425192389917
0.006031822161560051	0.9368461013135094
0.006023483711184633	0.9369494332215129
0.006015160638000826	0.937052515753994
0.006006852912375612	0.9371553496988846
0.005998560503841117	0.9372579358410654
0.005990283381966033	0.937360274962383
0.00598202151635639	0.9374623678416616
0.005973774877388669	0.9375642152547171
0.0059655433050555245	0.937665817974373
0.005957327022786361	0.9377671767704714
0.005949125875599542	0.9378682924098872
0.0059409398333003125	0.9379691656565413
0.005932768865732119	0.9380697972714145
0.005924612942957221	0.9381701880125616
0.005916472034542282	0.9382703386354923
0.005908346110628072	0.938370249891711
0.005900235254477325	0.9384699225305513
0.005892139212522139	0.9385693572992504
0.005884058065165088	0.9386685549410472
0.005875991782520875	0.9387675161967083
0.0058679403347448806	0.9388662418041642
0.005859903692032279	0.9389647324985234
0.005851881824619692	0.9390629890120836
0.00584387470263172	0.939161012133003
0.005835882296695185	0.9392588024721298
0.005827904577010418	0.9393563608105887
0.0058199415139822104	0.9394536878695573
0.005811993078053625	0.9395507843674605
0.005804059239708963	0.9396476510199918
0.0057961399694752514	0.9397442885401162
0.005788235237920911	0.93984069763809
0.005780345015657273	0.9399368790214692
0.00577246927333806	0.9400328333951203
0.005764607981659408	0.9401285614611621
0.005756761111360464	0.9402240639192749
0.005748928633223293	0.9403193414662603
0.005741110518073103	0.9404143947963551
0.005733306736778661	0.9405092246011684
0.005725517260251481	0.9406038315696932
0.005717742059447289	0.9406982163883167
0.005709981105365403	0.940792379740833
0.005702234369048336	0.9408863223084556
0.005694501821583726	0.9409800447698249
0.005686783434102302	0.9410735478010247
0.0056790791777798135	0.9411668320755896
0.005671389023835649	0.9412598982645201
0.005663712943534346	0.9413527470362881
0.00565605090818466	0.9414453790568544
0.0056484028891404005	0.9415377949896753
0.005640768857692534	0.9416299954957157
0.005633148785502981	0.9417219812334603
0.005625542643949485	0.9418137528589222
0.005617950404565968	0.9419053110256562
0.0056103720389313085	0.9419966563847708
0.005602807518670255	0.9420877895849346
0.005595256815453005	0.9421787112723901
0.005587719900995171	0.9422694220909646
0.0055801967470582425	0.9423599226820795
0.005572687325449842	0.9424502136847596
0.005565191608112127	0.9425402957356489
0.005557709566763124	0.9426301694690149
0.00555024117344035	0.9427198355167624
0.00554278640013556	0.9428092945084428
0.0055353452188865405	0.9428985470712653
0.005527917601777695	0.9429875938301057
0.005520503520939939	0.943076435407517
0.005513102948550433	0.9431650724237426
0.00550571585683316	0.9432535054967205
0.005498342218058693	0.9433417352421438
0.005490982004544816	0.9434297622732856
0.005483635188655418	0.943517587201287
0.005476301742802216	0.9436052106349763
0.005468981639442986	0.9436926331809342
0.005461674851083298	0.9437798554434959
0.005454381350275538	0.9438668780247643
0.0054471011096428315	0.9439537015246191
0.005439834101782492	0.9440403265407273
0.005432580299414686	0.944126753668552
0.005425339675281204	0.9442129835013605
0.0054181122021712816	0.9442990166302355
0.0054108978529212315	0.9443848536440878
0.005403696600415212	0.944470495129657
0.005396508417584854	0.9445559416715301
0.005389333277409698	0.9446411938521445
0.005382171152896644	0.9447262522518018
0.005375022017162824	0.9448111174486734
0.005367885843308299	0.944895790018812
0.005360762604503432	0.9449802705361596
0.005353652273966883	0.9450645595725559
0.005346554824964555	0.9451486576977502
0.005339470230810671	0.9452325654794075
0.0053323984648673255	0.9453162834831198
0.005325339500544936	0.945399812272411
0.005318293311301439	0.9454831524087426
0.005311259870643484	0.9455663044515555
0.0053042391521255765	0.9456492689582212
0.005297231129350101	0.9457320464840948
0.005290235775968116	0.9458146375825055
0.005283253065678529	0.9458970428047736
0.005276282972228763	0.9459792627002129
0.005269325469414411	0.946061297816143
0.005262380531079321	0.9461431486978954
0.00525544813111571	0.9462248158888246
0.005248528243463879	0.9463062999303142
0.005241620842113121	0.9463876013617857
0.005234725901100068	0.9464687207207093
0.0052278433959658316	0.9465496585426078
0.00522097329647947	0.9466304153610693
0.005214115581187994	0.9467109917077525
0.00520727022286766	0.9467913881123956
0.0052004371957976425	0.9468716051028266
0.0051936164743057265	0.9469516432049683
0.005186808032768039	0.9470315029428478
0.005180011844330339	0.9471111848386049
0.005173227887302834	0.9471906894124981
0.005166456132370058	0.9472700171829171
0.0051596965553811925	0.9473491686663854
0.005152949130954961	0.9474281443775713
0.005146213833792177	0.9475069448292964
0.0051394906385406215	0.9475855705325393
0.005132779519998289	0.9476640219964482
0.0051260804529777325	0.9477422997277205
0.005119393412340007	0.9478204042337387
0.005112718372994386	0.9478983360163229
0.005106055309870214	0.9479760955779942
0.0050994041980010575	0.9480536834188525
0.0050927424080684704	0.9481311000372125
0.005086137728362597	0.9482083459296097
0.0050795223208176974	0.9482854215908084
0.00507291876504007	0.9483623275138067
0.005066327036278179	0.9484390641898491
0.005059747109829283	0.9485156321084143
0.005053198462306196	0.9485920317572827
0.00504662256532665	0.9486682636224582
0.00504007789808257	0.9487443281882297
0.005033544934823624	0.9488202259371666
0.005027023651088586	0.9488959573501264
0.005020514022464794	0.9489715229062599
0.005014016024587619	0.9490469330458546
0.005007529633141151	0.949122158356166
0.005001054823857115	0.9491972291997771
0.004994591572516238	0.9492721360862622
0.0049881398549467245	0.949346879486326
0.004981699647025365	0.9494214598690465
0.004975270924677321	0.9494958777018312
0.0049688536638753285	0.9495701334504403
0.0049624478406406205	0.94964422757899
0.004956053431042621	0.9497181605499595
0.004949670411198346	0.9497919328242022
0.00494329875727345	0.949865544860945
0.004936938445481156	0.9499389971178023
0.004930589452082831	0.950012290050778
0.004924251753387689	0.9500854241142752
0.0049179253257530895	0.9501583997610996
0.0049116101455839	0.9502312174424692
0.0049053061893332365	0.950303877608019
0.0048990134335018375	0.9503763807058089
0.004892731854638203	0.9504487271823283
0.004886461429338664	0.9505209174825048
0.004880202134246977	0.9505929520497096
0.004873953946055097	0.9506648313257632
0.00486771684150229	0.9507365557509426
0.004861490797375384	0.9508081257639883
0.004855275790508894	0.9508795418021091
0.004849071797784804	0.9509508043009895
0.004842878796132506	0.9510219136947974
0.004836696762528914	0.9510928704161852
0.004830525673998333	0.9511636748963027
0.004824365507612505	0.9512343275647978
0.004818216240490458	0.9513048288498257
0.004812077849798252	0.9513751791780553
0.004805950312749358	0.9514453789746729
0.00479983360660453	0.95151542866339
0.004793727708671485	0.9515853286664486
0.004787632596304927	0.9516550794046295
0.004781548246907032	0.9517246812972527
0.0047754746379266785	0.9517941347621898
0.004769411746859449	0.9518634402158673
0.0047633595512481825	0.9519325980732709
0.004757318028682543	0.9520016087479538
0.004751287156798772	0.9520704726520407
0.004745266913280046	0.9521391901962353
0.004739257275856163	0.9522077617898249
0.004733258222303587	0.9522761878406865
0.0047272697304453	0.9523444687552933
0.004721291778150855	0.9524126049387186
0.004715324343336447	0.9524805967946434
0.004709367403964261	0.9525484447253613
0.004703420938043484	0.9526161491317828
0.004697484923629111	0.9526837104134437
0.004691559338822556	0.9527511289685098
0.004685644161771513	0.9528184051937785
0.0046797393706697245	0.9528855394846917
0.004673844943756929	0.9529525322353346
0.0046679608593192656	0.9530193838384454
0.004662087095688449	0.9530860946854172
0.004656223631242435	0.9531526651663076
0.004650370444404605	0.9532190956698416
0.004644527513644524	0.9532853865834161
0.004638694817477404	0.9533515382931067
0.004632872334464027	0.9534175511836742
0.004627060043210878	0.9534834256385671
0.004621257922369901	0.9535491620399292
0.004615465950638653	0.9536147607686029
0.00460968410675989	0.953680222204137
0.004603912369522126	0.9537455467247888
0.004598150717758857	0.9538107347075312
0.004592399077213001	0.9538757865280592
0.004586657531389481	0.9539407025607908
0.004580926007815996	0.9540054831788772
0.004575204485511367	0.9540701287542036
0.004569492943539875	0.954134639657397
0.00456379136101124	0.9541990162578291
0.004558099717886647	0.9542632589236235
0.004552418038489634	0.9543273680216606
0.004546746210845299	0.9543913439175805
0.004541084259525323	0.9544551869757881
0.004535432163860387	0.9545188975594625
0.0045297899032260835	0.9545824760305535
0.004524157457042185	0.9546459227732852
0.0045185348047732665	0.9547092381009247
0.004512921925928492	0.9547724223945391
0.004507318800061179	0.9548354760112311
0.0045017254067690375	0.9548983993069017
0.0044961417256941935	0.9549611926362562
0.004490567736522768	0.9550238563528117
0.0044850034189852644	0.955086390808896
0.004479448752856049	0.9551487963552945
0.004473903717953659	0.955211073343067
0.004468368294140267	0.9552732221199252
0.004462842461322434	0.9553352557542323
0.004457326199450055	0.9553971364313494
0.004451819488517092	0.9554589026576968
0.004446322308560986	0.955520542057062
0.004440834639662782	0.9555820549724537
0.004435356461947108	0.9556434417457371
0.00442988775558208	0.9557047027176356
0.004424428500779327	0.9557658382277384
0.004418978677793426	0.9558268486145041
0.004413538266922759	0.9558877342152632
0.004408107248508349	0.9559484953662261
0.004402685602934918	0.9560091324024828
0.004397273310629524	0.9560696456580147
0.004391870352062922	0.9561300354656893
0.004386476707748384	0.9561903021572721
0.00438109235824218	0.956250446063428
0.0043757172841430575	0.9563104675137274
0.004370351466092971	0.956370366836646
0.004364994884775988	0.9564301443595754
0.004359647520919133	0.9564898004088225
0.004354309355291808	0.956549335309615
0.00434898036870567	0.9566087493861075
0.004343660542014801	0.956668042961383
0.004338349856115788	0.9567272163574597
0.004333048291946935	0.9567862698952919
0.004327755830489353	0.956845203894777
0.0043224724527655654	0.9569040186747593
0.004317198139840464	0.9569627145530318
0.004311932872820721	0.9570212918463434
0.004306676632854845	0.9570797508704018
0.004301429401133273	0.9571380919398751
0.004296191158887764	0.9571963153684002
0.004290961887392156	0.9572544214685839
0.004285741567961703	0.9573124105520066
0.004280530181952976	0.9573702829292289
0.004275327710763954	0.957428038909793
0.004270134135834134	0.9574856788022285
0.0042649494386441805	0.9575432029140537
0.004259773600715815	0.9576006115517837
0.00425460660361227	0.9576579050209291
0.004249448428937317	0.9577150836260048
0.004244299058336077	0.9577721476705299
0.004239158473494374	0.9578290974570348
0.004234026656138643	0.9578859332870644
0.0042289035880366905	0.9579426554611771
0.004223789250996271	0.9579992642789571
0.004218683626866294	0.95805576003901
0.004213586697535711	0.9581121430389735
0.0042084984449344085	0.9581684135755142
0.004203418851032502	0.9582245719443373
0.004198347897839843	0.9582806184401883
0.004193285567407284	0.9583365533568543
0.004188231841825577	0.9583923769871712
0.004183186703225269	0.9584480896230257
0.004178150133777291	0.9585036915553582
0.00417312211569212	0.9585591830741689
0.00416810263122043	0.9586145644685182
0.004163091662652598	0.9586698360265323
0.004158089192318397	0.9587249980354081
0.004153095202587574	0.9587800507814125
0.004148109675869083	0.9588349945498904
0.00414313259461205	0.9588898296252648
0.004138163941303951	0.9589445562910442
0.004133203698472433	0.9589991748298213
0.004128251848684069	0.9590536855232799
0.004123308374544547	0.9591080886521977
0.004118373258698835	0.9591623844964489
0.0041134464838307	0.9592165733350092
0.004108528032663183	0.9592706554459571
0.004103617887957742	0.9593246311064795
0.004098716032514929	0.9593785005928731
0.004093822449173929	0.959432264180549
0.0040889371208128675	0.9594859221440357
0.004084060030347786	0.9595394747569832
0.004079191160733796	0.9595929222921651
0.004074330494964265	0.9596462650214819
0.004069478016070612	0.9596995032159671
0.004064633707123006	0.9597526371457852
0.004059797551229489	0.9598056670802401
0.004054969531536213	0.9598585932877762
0.004050149631227629	0.959911416035981
0.00404533783352584	0.9599641355915896
0.004040534121690911	0.9600167522204879
0.004035738479020768	0.9600692661877144
0.004030950888851221	0.9601216777574644
0.00402617133455531	0.9601739871930945
0.004021399799544204	0.9602261947571225
0.004016636267266193	0.9602783007112337
0.004011880721207148	0.9603303053162815
0.004007133144890084	0.9603822088322944
0.004002393521875752	0.9604340115184731
0.003997661835761586	0.9604857136331991
0.003992938070182599	0.9605373154340351
0.003988222208810415	0.9605888171777297
0.003983514232710715	0.9606402191202176
0.003978814131001723	0.9606915215166256
0.003974121887208223	0.9607427246212741
0.003969437480120599	0.9607938286876815
0.003964760896152406	0.9608448339685643
0.003960092119196003	0.9608957407158436
0.003955431133180626	0.9609465491806463
0.003950777924279545	0.9609972596133068
0.003946132472178959	0.9610478722633741
0.003941494760617929	0.9610983873796093
0.003936864778385484	0.9611488052099928
0.00393224250728484	0.9611991260017246
0.003927627931462466	0.9612493500012308
0.003923021035101251	0.9612994774541134
0.003918421802419617	0.9613495086065557
0.003913830217672249	0.9613994436990455
0.003909246265148948	0.9614492829784611
0.0039046699291758924	0.9614990266862258
0.0039001011941145036	0.9615486750641663
0.0038955400443617867	0.9615982283533524
0.0038909864643503957	0.9616476867941001
0.0038864404385481823	0.9616970506259744
0.003881901951458442	0.9617463200877931
0.0038773781956564835	0.9617954954176281
0.0038728475316050807	0.9618445768528087
0.003868331568024097	0.9618935646299238
0.003863823081520222	0.961942458984827
0.003859325072033231	0.9619912601526364
0.0038548284784934847	0.9620399683677388
0.0038503423314327164	0.962088583863791
0.0038458636003728345	0.9621371068737256
0.003841392270131644	0.9621855376297503
0.0038369283255614587	0.9622338763633523
0.003832471751549295	0.9622821233053003
0.0038280225330161203	0.962330278685648
0.0038235806549177915	0.9623783427337355
0.0038191461022442368	0.9624263156781925
0.0038147188600192615	0.9624741977469422
0.0038102989133014104	0.962521989167201
0.0038058862471828363	0.9625696901654841
0.0038014808467897606	0.9626173009676062
0.0037970826972823475	0.9626648217986845
0.0037926917838547753	0.9627122528831413
0.0037883080917347376	0.9627595944447067
0.003783931606183573	0.962806846706422
0.003779562312496432	0.96285400989064
0.0037752001960020486	0.9629010842190281
0.003770845242062411	0.9629480699125739
0.003766497436072865	0.9629949671915834
0.0037621567634624218	0.9630417762756862
0.003757823209693012	0.963088497383836
0.0037534967602598	0.9631351307343161
0.0037491774006912465	0.9631816765447377
0.003744865116548555	0.963228135032046
0.003740559893426154	0.9632745064125212
0.0037362617169512005	0.9633207909017802
0.0037319705727836567	0.96336698871478
0.003727686446616152	0.9634131000658206
0.003723409324174272	0.963459125168545
0.0037191391912160094	0.9635050642359445
0.003714876033531801	0.9635509174803588
0.0037106198369445485	0.9635966851134808
0.003706370587309641	0.9636423673463561
0.0037021282705148044	0.9636879643893866
0.003697892872479888	0.9637334764523339
0.003693664379156848	0.9637789037443203
0.0036894427765298858	0.9638242464738311
0.003685228050615137	0.9638695048487177
0.0036810201874606812	0.9639146790761988
0.0036768191731465167	0.963959769362864
0.0036726249937843445	0.9640047759146751
0.0036684376355177717	0.9640496989369687
0.00366425708452181	0.9640945386344593
0.0036600833270032567	0.9641392952112382
0.003655916349200446	0.9641839688707812
0.0036517561373831903	0.9642285598159447
0.0036476026778523027	0.9642730682489749
0.0036434559569403714	0.9643174943715024
0.0036393159610108917	0.9643618383845505
0.0036351826764587426	0.9644061004885338
0.0036310560897100325	0.9644502808832617
0.003626936187221204	0.9644943797679415
0.0036228229554805206	0.9645383973411785
0.0036187163810065667	0.9645823338009796
0.0036146164502035612	0.9646261893447546
0.003610523149935419	0.96466996416932
0.0036064364666748504	0.9647136584708977
0.0036023563870634374	0.964757272445122
0.0035982828977732992	0.9648008062870358
0.0035942159855071563	0.9648442601910995
0.0035901556371282423	0.9648876343511866
0.0035861018391451054	0.9649309289605902
0.003582054578475788	0.9649741442120229
0.003578013841943902	0.9650172802976201
0.0035739796164035967	0.9650603374089409
0.003569951888738552	0.9651033157369714
0.003565930645862823	0.9651462154708257
0.0035619158747202694	0.9651890368029106
0.003557907562284488	0.9652317799212395
0.0035539056955588184	0.9652744450145241
0.003549910261576555	0.9653170322709124
0.003545921247400318	0.96535954187799
0.0035419386401226603	0.9654019740227837
0.0035379624268653182	0.965444328891763
0.003533992594779585	0.9654866066708411
0.003530029131046143	0.9655288075453781
0.0035260720228750034	0.9655709317001809
0.0035221212575052645	0.9656129793195094
0.003518176822205233	0.9656549505870735
0.0035142387042725776	0.9656968456860382
0.0035103068910333503	0.9657386647990248
0.0035063813698433975	0.965780408108111
0.0035024621280870757	0.9658220757948359
0.00349854915317717	0.9658636680402007
0.0034946424325561424	0.9659051850246676
0.003490741953694043	0.9659466269281693
0.0034868477040904578	0.9659879939301007
0.003482959671272954	0.9660292862093305
0.0034790778435685823	0.9660705039441941
0.0034752022069795734	0.9661116473125038
0.003471332749930718	0.9661527164915452
0.0034674694600635055	0.9661937116580809
0.0034636123250475037	0.9662346329883518
0.003459761332018424	0.966275480658079
0.0034559164698683485	0.9663162548424673
0.0034520777250950903	0.966356955716203
0.003448245086821207	0.9663975834534605
0.0034444185421678417	0.966438138227902
0.0034405980789729918	0.9664786202126766
0.0034367836856084486	0.9665190295804272
0.003432975348917361	0.9665593665032883
0.003429173057363799	0.9665996311525555
0.0034253767988961766	0.9666398237000413
0.0034215865614900826	0.9666799443160197
0.0034178023331490103	0.966719993170613
0.0034140241015120734	0.9667599704337111
0.0034102518553565738	0.9667998762738997
0.003406485582436483	0.9668397108600966
0.0034027252708632265	0.9668794743604422
0.00339897090877741	0.9669191669425873
0.0033952224846884316	0.9669587887736943
0.003391479986157889	0.9669983400204338
0.00338774340169798	0.9670378208489958
0.0033840127195564882	0.9670772314269854
0.0033802879280074778	0.9671165719157059
0.0033765690153515983	0.9671558424820734
0.0033728559699173926	0.967195043290018
0.003369148781476773	0.9672341745034735
0.0033654474356880244	0.9672732362857414
0.0033617519222668042	0.9673122287996538
0.0033580622296478656	0.9673511522075655
0.0033543783462908513	0.9673900066713604
0.0033507002594478827	0.9674287923524577
0.003347027960003012	0.9674675094118008
0.0033433614353545675	0.9675061580098725
0.0033397006740676304	0.9675447383066886
0.0033360456647331563	0.9675832504618025
0.00333239639596832	0.9676216946343045
0.003328752856416209	0.9676600709834485
0.003325115034745399	0.9676983796664809
0.0033214829196509107	0.9677366208414432
0.0033178564998527955	0.9677747946655986
0.0033142357640974893	0.9678129012957527
0.00331062070115674	0.9678509408882625
0.003307011299827677	0.9678889135990326
0.00330340754893326	0.9679268195835184
0.003299809437321662	0.9679646589967286
0.003296216953866816	0.9680024319932236
0.003292630087467244	0.9680401387271236
0.0032890488271160737	0.9680777793521005
0.0032854731615571866	0.9681153540136977
0.0032819030799703893	0.9681528628793334
0.0032783385712872796	0.9681903060943847
0.0032747796245323453	0.9682276838107705
0.0032712262287555114	0.9682649961799696
0.0032676783730308592	0.9683022433530297
0.003264136046458173	0.9683394254805656
0.0032605992381616743	0.9683765427127852
0.0032570679372902105	0.9684135951993893
0.003253542133017189	0.9684505830897312
0.0032500196119475623	0.9684875065327063
0.003246506971084818	0.9685243656767891
0.0032429975918953483	0.968561160670029
0.003239493666244367	0.9685978916600293
0.0032359951834282064	0.968634558794042
0.0032325021327668266	0.9686711622188322
0.003229014503605257	0.9687077020807673
0.0032255322853121885	0.9687441785257134
0.0032220554672803985	0.9687805916993448
0.0032185840389272868	0.9688169417468872
0.0032151179896937484	0.9688532288127752
0.003211657309044891	0.9688894530414291
0.0032082019864698593	0.9689256145767375
0.003204752011481066	0.9689617135621827
0.0032013073736155886	0.9689977501408379
0.003197868062433204	0.969033724455373
0.0031944340675185193	0.9690696366480517
0.0031910053784789056	0.9691054868607355
0.0031875819849457206	0.9691412752348848
0.003184163876573426	0.9691770019115612
0.003180751043040582	0.9692126670314241
0.0031773434740485487	0.9692482707347388
0.003173941159322515	0.9692838131613715
0.0031705440887259758	0.9693192944507979
0.003167152251800575	0.9693547147420952
0.0031637656384544406	0.9693900741739522
0.0031603842385059863	0.9694253728846657
0.0031570080417965304	0.969460611012143
0.0031536370379702193	0.9694957886939033
0.0031502712173509142	0.9695309060670783
0.0031469105696307845	0.9695659632684147
0.00314355508474237	0.9696009604342746
0.0031402047526408435	0.9696358977006382
0.003136859563304384	0.9696707752031022
0.00313351950683564	0.9697055930768839
0.003130184573052927	0.9697403514568215
0.0031268547521047085	0.9697750504773748
0.0031235300340594517	0.969809690272627
0.0031202104090078415	0.9698442709762867
0.0031168958670634316	0.9698787927216858
0.0031135863983613936	0.9699132556417873
0.00311028199306002	0.9699476598691785
0.003106982641339027	0.9699820055360802
0.003103688333401088	0.9700162927743394
0.0031003990594704873	0.9700505217154389
0.0030971148097937717	0.9700846924904937
0.003093835574639435	0.9701188052302516
0.003090561344298335	0.9701528600650987
0.0030872921090823215	0.9701868571250568
0.003084027859326286	0.9702207965397844
0.003080768585385838	0.9702546784385822
0.00307751427763929	0.9702885029503884
0.003074264926485937	0.9703222702037844
0.003071020522347249	0.9703559803269948
0.0030677810556659136	0.9703896334478871
0.0030645465169063437	0.9704232296939745
0.003061316896554676	0.9704567691924167
0.00305809218511781	0.9704902520700214
0.0030548723731249217	0.970523678453243
0.0030516574511258803	0.970557048468188
0.003048447409691849	0.970590362240615
0.003045242239415868	0.9706236198959296
0.0030420419309114995	0.9706568215591953
0.003038846474813581	0.9706899673551288
0.003035655861778515	0.9707230574081012
0.003032470082598336	0.9707560918421235
0.0030292891277457555	0.9707890707809137
0.003026112988049266	0.970821994347806
0.0030229416542491175	0.970854862665804
0.0030197751171057033	0.9708876758575746
0.0030166133674006403	0.9709204340454486
0.003013456395835888	0.9709531373514176
0.0030103041934297866	0.9709857858971384
0.003007156750930755	0.9710183798039353
0.003004014059203063	0.9710509191927946
0.0030008761091308003	0.9710834041843772
0.0029977428916195294	0.9711158348990069
0.0029946143975946265	0.9711482114566302
0.0029914906180017312	0.9711805339770125
0.0029883715438072094	0.9712128025794453
0.0029852571659975398	0.9712450173829404
0.0029821474755794535	0.9712771785061847
0.0029790424635798376	0.9713092860675392
0.002975942121045521	0.9713413401850449
0.0029728464390440315	0.9713733409764146
0.0029697554086619156	0.9714052885590443
0.0029666690210068077	0.9714371830500061
0.002963587267205556	0.971469024566056
0.0029605101384051736	0.9715008132236276
0.0029574376257722134	0.9715325491388415
0.0029543697204936817	0.9715642324274978
0.00295130641377545	0.9715958632050852
0.0029482476968438003	0.9716274415867744
0.002945193560944147	0.9716589676874261
0.002942143997342022	0.9716904416215857
0.0029390989973220815	0.9717218635034898
0.002936058552188646	0.9717532334470625
0.0029330226532653983	0.9717845515659216
0.0029299912918956243	0.9718158179733744
0.002926964459441759	0.9718470327824208
0.002923942147285978	0.9718781961057554
0.0029209243468287668	0.9719093080558526
0.0029179110494910294	0.9719403687451561
0.002914902246712008	0.9719713782844935
0.0029118979299503737	0.9720023367858542
0.002908898090683819	0.972033244360414
0.0029059027204090043	0.972064101119053
0.0029029118106418525	0.9720949071723469
0.002899925352916972	0.9721256626305744
0.002896943338787745	0.9721563676037196
0.002893965759826817	0.9721870222014668
0.0028909926076251037	0.9722176265332065
0.0028880238736841354	0.9722481807080319
0.002885059549853133	0.9722786848347457
0.0028820996276675915	0.9723091390217836
0.0028791440987933066	0.9723395433775095
0.002876192954915073	0.9723698980098332
0.002873246187735605	0.9724002030298537
0.002870303788976689	0.9724304585342343
0.0028673657503780975	0.9724606646407774
0.002864432063788546	0.9724908214526722
0.0028615027208015315	0.972520929076405
0.002858577713305028	0.9725509876181755
0.002855657033112365	0.9725809971838997
0.0028527406720550343	0.9726109578792085
0.0028498286219827574	0.9726408698094507
0.0028469208747631774	0.9726707330787238
0.002844017422282318	0.9727005477937469
0.002841118256443905	0.9727303140580676
0.002838223369170053	0.9727600319759119
0.0028353327524005094	0.9727897016512299
0.0028324463980929347	0.9728193231876953
0.002829564298268977	0.9728488966887018
0.0028266864448274606	0.972878422257372
0.002823812829828435	0.9729078999965488
0.002820943445300598	0.9729373300088072
0.0028180782832453134	0.9729667123964435
0.0028152173358203534	0.9729960472614867
0.0028123605950591685	0.9730253347056922
0.002809508053061696	0.9730545748305447
0.002806659701944736	0.9730837677372601
0.002803815533842676	0.9731129135267855
0.0028009755409071605	0.9731420122998024
0.002798139715307584	0.9731710641567218
0.0027953080492307165	0.9732000691976898
0.002792480534866749	0.9732290275225882
0.0027896571644770185	0.9732579392310357
0.0027868379302599475	0.9732868044223656
0.0027840228244843455	0.9733156231957052
0.002781211839422816	0.9733443956498651
0.0027784049673652894	0.9733731218834117
0.0027756022006183486	0.9734018019946533
0.00277280353150594	0.9734304360816375
0.0027700089523689255	0.9734590242421529
0.002767218455565005	0.9734875665737315
0.0027644320334684856	0.9735160631736477
0.0027616496784713287	0.9735445141389182
0.002758871382981395	0.9735729195663074
0.002756097139424025	0.9736012795523218
0.002753326940240534	0.9736295941932182
0.002750560777889635	0.9736578635849948
0.002747798644846392	0.9736860878234015
0.002745040533602121	0.973714267003938
0.002742286436665483	0.9737424012218486
0.002739536346560957	0.9737704905721317
0.0027367902558296645	0.9737985351495336
0.0027340481570293776	0.9738265350485558
0.002731310042734156	0.9738544903634502
0.0027285759055342817	0.9738824011882218
0.0027258457380366966	0.9739102676166297
0.002723119532864048	0.9739380897421893
0.0027203972826558764	0.9739658676581687
0.002717678980067423	0.9739936014575952
0.00271496461777033	0.9740212912332508
0.002712254188452223	0.9740489370776776
0.002709547684816943	0.9740765390831746
0.0027068450995841884	0.9741040973418004
0.002704146425489954	0.974131611945381
0.0027014516552861033	0.9741590829854812
0.0026987607817401675	0.9741865105534504
0.002696073797635633	0.9742138947403925
0.002693390695772131	0.9742412356371725
0.0026907114689648623	0.9742685333344213
0.0026880361100448482	0.974295787922534
0.002685364611858763	0.97432299949167
0.0026826969672690023	0.9743501681317556
0.002680033169153946	0.9743772939324828
0.002677373210406884	0.9744043769833133
0.0026747170839373606	0.9744314173734735
0.002672064782670117	0.9744584151919605
0.0026694162995455294	0.974485370527542
0.002666771627519288	0.9745122834687534
0.0026641307595625346	0.9745391541039042
0.0026614936886620788	0.9745659825210721
0.002658860407819686	0.9745927688081094
0.0026562309100528073	0.974619513052641
0.0026536051883937237	0.9746462153420656
0.002650983235890449	0.9746728757635563
0.002648365045605817	0.9746994944040611
0.002645750610618025	0.9747260713503036
0.0026431399240203334	0.9747526066887862
0.002640532978921015	0.9747791005057846
0.002637929768443531	0.974805552887356
0.0026353302857264325	0.9748319639193346
0.0026327345239230996	0.9748583336873322
0.0026301424762016352	0.9748846622767453
0.002627554135745645	0.9749109497727453
0.002624969495753099	0.9749371962602897
0.002622388549436962	0.9749634018241145
0.0026198112900249803	0.974989566548741
0.0026172377107597125	0.9750156905184714
0.0026146678048984307	0.9750417738173941
0.0026121015657131924	0.9750678165293795
0.00260953898649036	0.9750938187380821
0.0026069800605313565	0.9751197805269519
0.0026044247811520082	0.9751457019792159
0.002601873141682445	0.9751715831778909
0.002599325135467697	0.9751974242057805
0.00259678075586732	0.975223225145478
0.0025942399962547396	0.9752489860793668
0.0025917028500183586	0.9752747070896186
0.0025891693105607443	0.9753003882581959
0.0025866393712986402	0.9753260296668532
0.0025841130256636087	0.975351631397135
0.0025815902671008383	0.9753771935303797
0.0025790710890698705	0.9754027161390076
0.0025765554850451485	0.9754281993300756
0.002574043448514655	0.9754536431581683
0.0025715349729801378	0.9754790477125124
0.002569030051958236	0.9755044130734154
0.0025665286789794232	0.975529739320982
0.002564030847587814	0.9755550265351154
0.002561536551342022	0.9755802747955136
0.0025590457838142984	0.9756054841816739
0.0025565585385909414	0.975630654772892
0.0025540748092720642	0.9756557866482627
0.002551594589471677	0.9756808798866806
0.0025491178728176134	0.9757059345668404
0.0025466446529517745	0.9757309507672376
0.0025441749235292598	0.975755928566171
0.0025417086782192305	0.9757808680417385
0.002539245910704616	0.9758057692718434
0.002536786614681757	0.9758306323341913
0.0025343307838608226	0.9758554573062921
0.0025318784119653637	0.9758802442654594
0.0025294294927327003	0.9759049932888129
0.0025269840199136973	0.975929704453278
0.0025245419872724794	0.9759543778355848
0.0025221033885867374	0.9759790135122733
0.002519668217647759	0.9760036115596874
0.002517236468259963	0.9760281720539816
0.00251480813424123	0.9760526950711184
0.0025123832094227703	0.976077180686869
0.0025099616876492997	0.9761016289768149
0.002507543562778317	0.9761260400163477
0.0025051288286810523	0.9761504138806695
0.002502717492110606	0.9761747506447935
0.0025003095209466175	0.9761990503835468
0.00249790490994162	0.9762233131715682
0.0024955036899460352	0.9762475390833082
0.0024931058179691523	0.9762717281930322
0.0024907112886712736	0.9762958805748205
0.002488320119463145	0.976319996302567
0.002485932292469789	0.9763440754499813
0.0024835478125375464	0.9763681180905899
0.0024811666410969276	0.9763921242977335
0.0024787888047344813	0.976416094144573
0.002476414286619879	0.9764400277040834
0.0024740430807930406	0.9764639250490602
0.0024716751813067934	0.9764877862521166
0.002469310582226933	0.9765116113856854
0.0024669492776317873	0.9765354005166872
0.0024645912616125757	0.9765591537279785
0.00246223652827274	0.9765828710860002
0.0024598850717290994	0.9766065526624642
0.0024575368861102717	0.9766301985289092
0.0024551919655580916	0.9766538087566918
0.0024528503042265974	0.9766773834169948
0.002450511896282523	0.9767009225808226
0.00244817673590488	0.9767244263190046
0.0024458448172852846	0.9767478947021943
0.002443516134627904	0.9767713278008691
0.0024411906821489577	0.9767947256853334
0.002438868454077375	0.9768180884257168
0.0024365494446541877	0.9768414160919762
0.0024342336481331605	0.9768647087538946
0.0024319210587797667	0.9768879664810833
0.0024296116708715605	0.9769111893429812
0.0024273057824170355	0.9769343774088555
0.0024250027665273562	0.9769575307478029
0.002422702935571796	0.9769806494287491
0.0024204062838552977	0.9770037335204518
0.0024181128056944626	0.9770267830914965
0.0024158222133131087	0.9770497982103011
0.0024135350780171675	0.977072778945116
0.0024112510987662292	0.9770957253640216
0.002408970269948897	0.9771186375349318
0.0024066925859657457	0.9771415155255947
0.002404418041229348	0.9771643594035906
0.002402146630164329	0.9771871690942243
0.0023998783472066352	0.9772099449553995
0.0023976131868045604	0.977232686905382
0.0023953511434177768	0.9772553950111029
0.002393092211517881	0.9772780693393278
0.002390836385588025	0.9773007099566585
0.002388583660123263	0.9773233169295328
0.0023863340296301845	0.9773458903242268
0.0023840874886271327	0.9773684302068525
0.002381844031643716	0.9773909366433617
0.0023796036532215937	0.9774134096995429
0.002377366347913571	0.9774358494410256
0.002375132110284312	0.9774582559332763
0.002372900934909615	0.9774806292416046
0.002370672816377003	0.9775029694311564
0.002368447749285558	0.9775252765669208
0.002366225728245203	0.9775475507137297
0.0023640067478778825	0.9775697919362548
0.0023617908028166195	0.9775920002990094
0.0023595778877056844	0.9776141758663527
0.0023573679972009667	0.9776363187024827
0.0023551611259692634	0.977658428871445
0.0023529572686896414	0.9776805064371278
0.002350756420050071	0.9777025514632631
0.002348558574750939	0.9777245640134287
0.0023463637275057073	0.9777465441510488
0.0023441718730366585	0.9777684919393921
0.0023419830060769763	0.9777904074415732
0.0023397971213736622	0.9778122907205562
0.0023376142136828787	0.9778341418391506
0.002335434277770227	0.9778559608600129
0.0023332573084148163	0.9778777478456497
0.00233108330040603	0.9778995028584139
0.002328912248543992	0.9779212259605112
0.0023267441476400447	0.9779429172139933
0.002324578992516232	0.9779645766807623
0.0023224167780057227	0.9779862044225719
0.002320257498952084	0.978007800501028
0.0023181011502103567	0.9780293649775835
0.002315947726645881	0.9780508979135463
0.0023137972231349487	0.9780723993700757
0.0023116496345647847	0.9780938694081831
0.002309504955833138	0.9781153080887328
0.0023073631818483595	0.978136715472444
0.0023052243075299583	0.9781580916198874
0.002303088327807471	0.9781794365914898
0.002300955237621649	0.978200750447532
0.002298825031923508	0.9782220332481495
0.0022966977056747655	0.9782432850533336
0.0022945732538477703	0.978264505922932
0.0022924516714252986	0.9782856959166474
0.0022903329534003994	0.978306855094042
0.0022882170947771544	0.978327983514532
0.0022861040905698842	0.9783490812373928
0.0022839939358030416	0.9783701483217568
0.002281886625503261	0.978391184826617
0.002279782154732809	0.9784121908108236
0.002277680518539851	0.9784331663330837
0.0022755817119899766	0.9784541114519694
0.0022734857301675215	0.9784750262259083
0.0022713925681441486	0.9784959107131909
0.002269302221024652	0.9785167649719656
0.002267214683915952	0.9785375890602457
0.00226512995194339	0.978558383035904
0.002263048020219581	0.9785791469566775
0.0022609688838908515	0.9785998808801596
0.0022588925381030554	0.9786205848638128
0.0022568189780089215	0.9786412589649601
0.0022547481987916177	0.97866190324079
0.002252680195620336	0.9786825177483522
0.0022506149636846513	0.9787031025445625
0.002248552498182856	0.978723657686201
0.0022464927943232627	0.9787441832299135
0.002244435847324668	0.9787646792322096
0.002242381652415208	0.9787851457494667
0.002240330204833137	0.9788055828379276
0.002238281499826986	0.9788259905537011
0.002236235532654528	0.9788463689527647
0.0022341922985794453	0.9788667180909618
0.002232151792887635	0.9788870380240048
0.002230114010863765	0.9789073288074724
0.0022280789478041738	0.9789275904968134
0.002226046599020425	0.9789478231473453
0.0022240169598222084	0.9789680268142545
0.0022219900255395263	0.9789882015525974
0.0022199657915088337	0.9790083474172999
0.002217944253076273	0.9790284644631578
0.002215925405596317	0.9790485527448416
0.0022139092444370552	0.9790686123168846
0.0022118957649714054	0.9790886432336993
0.0022098849625837727	0.9791086455495669
0.0022078768326703703	0.9791286193186414
0.00220587137063245	0.979148564594949
0.002203868571884053	0.9791684814323889
0.0022018684318479914	0.9791883698847337
0.0021998709459564707	0.9792082300056292
0.0021978761096508115	0.9792280618485958
0.002195883918382494	0.979247865467027
0.0021938943676116794	0.979267640914193
0.002191907452808307	0.9792873882432375
0.002189923169451563	0.9793071075071799
0.002187941513030035	0.9793267987589154
0.0021859624790415196	0.9793464620512151
0.0021839860629932735	0.9793660974367268
0.002182012260401875	0.9793857049679737
0.002180041066792842	0.9794052846973598
0.002178072477701042	0.9794248366771625
0.0021761064886708834	0.9794443609595387
0.0021741430952556097	0.9794638575965234
0.0021721822930176934	0.9794833266400297
0.002170224077528859	0.9795027681418503
0.002168268444369917	0.9795221821536564
0.002166315389130553	0.9795415687269989
0.002164364907410025	0.9795609279133081
0.0021624169948161243	0.9795802597638954
0.0021604716469661167	0.979599564329952
0.002158528859486049	0.9796188416625492
0.0021565886280110066	0.9796380918126408
0.002154650948185027	0.9796573148310622
0.00215271581566108	0.979676510768529
0.002150783226101399	0.97969567967564
0.002148853175176498	0.9797148216028774
0.0021469256585663955	0.9797339366006044
0.0021450006719596483	0.9797530247190676
0.0021430782110535866	0.9797720860083992
0.0021411582715548287	0.9797911205186118
0.0021392408491783294	0.9798101282996047
0.002137325939648005	0.9798291094011606
0.002135413538696629	0.9798480638729462
0.0021335036420655207	0.9798669917645154
0.0021315962455049032	0.9798858931253052
0.0021296913447735565	0.9799047680046403
0.00212778893563915	0.9799236164517289
0.002125889013877898	0.9799424385156676
0.002123991575273862	0.9799612342454393
0.002122096615621903	0.979980003689913
0.0021202041307233277	0.979998746897846
0.0021183141163893704	0.9800174639178824
0.002116426568438502	0.9800361547985528
0.0021145414826996105	0.9800548195882803
0.0021126588550077425	0.9800734583353714
0.002110778681208145	0.9800920710880247
0.0021089009571541796	0.980110657894327
0.002107025678707582	0.9801292188022545
0.0021051528417386184	0.9801477538596731
0.0021032824421258907	0.980166263114338
0.0021014144757565065	0.9801847466138951
0.0020995489385256865	0.9802032044058822
0.0020976858263373884	0.9802216365503329
0.0020958251351036274	0.9802400430567464
0.002093966860745028	0.9802584240101526
0.0020921109991902235	0.9802767794450473
0.002090257546376324	0.9802951094084248
0.002088406498248555	0.9803134139471718
0.002086557850760699	0.980331693108067
0.002084711599874255	0.980349946937784
0.002082867741559433	0.9803681754828873
0.002081026271794463	0.9803863787898363
0.0020791871865656255	0.9804045569049841
0.0020773504818675246	0.9804227098745779
0.00207551615370276	0.9804408377447593
0.0020736841980821064	0.9804589405615645
0.002071854611024424	0.980477018370925
0.002070027388556718	0.9804950712186673
0.002068202526714091	0.9805130991505131
0.0020663800215394096	0.9805311022120815
0.0020645598690838306	0.9805490804488857
0.0020627420654064604	0.9805670339063366
0.0020609266065743414	0.9805849626297417
0.0020591134886623888	0.9806028666643054
0.0020573027077245604	0.980620746055129
0.002055494259908834	0.9806386008472119
0.002053688141286216	0.9806564310854506
0.0020518843479630363	0.9806742368146404
0.002050082876053757	0.9806920180794746
0.002048283721708126	0.9807097749245461
0.0020464868810039774	0.9807275073943447
0.002044692350141956	0.9807452155332611
0.002042900125194422	0.9807628993855851
0.0020411102023515986	0.9807805589955191
0.002039322577774573	0.9807981944071265
0.0020375372476000696	0.9808158056644105
0.0020357542080693446	0.9808333928112606
0.002033973455335156	0.9808509558914686
0.0020321949855899735	0.9808684949487256
0.0020304187950337437	0.9808860100266099
0.0020286448798740118	0.9809035011686481
0.002026873236326154	0.9809209684182222
0.002025103860612913	0.9809384118186307
0.0020233367489648417	0.9809558314130752
0.0020215718976202474	0.9809732272446602
0.0020198093028243385	0.9809905993563934
0.002018048960830989	0.9810079477911846
0.002016290867900267	0.9810252725918477
0.002014535020329316	0.9810425738011007
0.002012781414338352	0.9810598514615652
0.0020110300462374085	0.9810771056157667
0.0020092809123172244	0.9810943363061357
0.0020075340088513407	0.9811115435750072
0.002005789332193163	0.9811287274646219
0.0020040468786325294	0.9811458880171238
0.0020023066444896775	0.9811630252745649
0.0020005686260923705	0.9811801392788893
0.001998832819775801	0.9811972300719832
0.0019970992218823263	0.9812142976956041
0.0019953678287619155	0.981231342191427
0.0019936386367713174	0.9812483636010351
0.001991911642275215	0.9812653619659166
0.0019901868416451257	0.9812823373274682
0.0019884642312599774	0.9812992897269947
0.0019867438075059523	0.9813162192057066
0.0019850255667764756	0.9813331258047242
0.0019833095054720344	0.9813500095650757
0.001981595620000499	0.9813668705276972
0.0019798839067767834	0.9813837087334345
0.0019781743622231153	0.981400524223041
0.0019764669827685463	0.981417317037181
0.001974761764849693	0.9814340872164266
0.001973058704909927	0.981450834801261
0.001971357799399699	0.9814675598320772
0.0019696590447770136	0.9814842623491767
0.001967962437506355	0.9815009423927732
0.0019662679740596	0.981517600002991
0.0019645756509156036	0.9815342352198636
0.0019628854645599905	0.9815508480833384
0.001961197411485764	0.9815674386332714
0.0019595114881924697	0.9815840069094329
0.0019578276911872087	0.9816005529515016
0.0019561460169834955	0.9816170767990716
0.0019544664621019177	0.9816335784916477
0.0019527890230700738	0.981650058068647
0.001951113696422416	0.9816665155694009
0.0019494404787003248	0.9816829510331516
0.0019477693664520215	0.9816993644990559
0.0019461003562324358	0.9817157560061847
0.0019444334446035692	0.9817321255935207
0.0019427686281341774	0.9817484732999617
0.0019411059033997138	0.9817647991643201
0.0019394452669824799	0.9817811032253215
0.0019377867154715337	0.9817973855216068
0.0019361302454627806	0.9818136460917316
0.001934475853558752	0.9818298849741665
0.0019328235363689794	0.9818461022072965
0.0019311732905092109	0.9818622978294245
0.0019295251126023548	0.9818784718787665
0.001927878999277832	0.9818946243934552
0.0019262349471715781	0.9819107554115406
0.0019245929529264289	0.9819268649709879
0.001922953013015321	0.9819429531096789
0.0019213151244385114	0.9819590198654129
0.0019196792836917236	0.9819750652759055
0.001918045487442404	0.9819910893787902
0.0019164137323670052	0.9820070922116173
0.001914784015311489	0.9820230738118549
0.0019131563326437297	0.9820390342168904
0.0019115306812165422	0.982054973464027
0.0019099070577317094	0.9820708915904875
0.0019082854588978273	0.9820867886334128
0.0019066658814295518	0.9821026646298636
0.0019050483220484158	0.9821185196168187
0.0019034327774823093	0.9821343536311757
0.0019018192444653326	0.9821501667097519
0.0019002077197382578	0.9821659588892852
0.0018985982000482274	0.9821817302064318
0.0018969906821487996	0.9821974806977686
0.0018953851627997894	0.9822132103997926
0.0018937816387675588	0.9822289193489211
0.0018921801068245306	0.9822446075814933
0.0018905805637498881	0.9822602751337671
0.0018889830063287948	0.9822759220377522
0.0018873874313528078	0.9822915483420626
0.0018857938356199966	0.982307154070208
0.0018842022159343192	0.9823227392623037
0.0018826125691064587	0.9823383039542164
0.001881024891952883	0.9823538481817344
0.0018794391812967414	0.982369371980568
0.00187785543396713	0.9823848753863501
0.001876273646799255	0.9824003584346371
0.0018746938166350991	0.9824158211609075
0.0018731159403218738	0.9824312636005629
0.0018715400147139704	0.982446685788928
0.0018699660373112591	0.9824620877612517
0.0018683940030600964	0.9824774695527061
0.001866823910752956	0.9824928311983862
0.00186525575662775	0.9825081727332826
0.0018636895375695923	0.9825234941924013
0.001862125250468966	0.9825387956105797
0.0018605628922226966	0.9825540770226409
0.0018590024597332925	0.9825693384632439
0.001857443949909842	0.9825845799670612
0.0018558873605280719	0.9825998015686619
0.0018543326868149634	0.9826150033025398
0.0018527799265303136	0.9826301852031141
0.0018512290766081062	0.982645347304731
0.0018496801332172803	0.9826604896416622
0.0018481330948166602	0.9826756122481036
0.0018465879576116345	0.9826907151581814
0.0018450447185592931	0.9827057984059446
0.0018435033746220357	0.9827208620253712
0.0018419639227685047	0.982735906050365
0.0018404263603088403	0.9827509305147565
0.0018388906835578745	0.9827659354523067
0.0018373568898310737	0.9827809208966997
0.0018358249757681666	0.9827958868815512
0.001834294938770339	0.9828108334404013
0.0018327667760818232	0.9828257606067212
0.0018312404844218954	0.982840668413908
0.001829716061116592	0.9828555568952884
0.0018281935025684342	0.9828704260839698
0.0018266728061113794	0.9828852760134303
0.0018251539687782635	0.9829001067166357
0.0018236369876069034	0.982914918226631
0.0018221218596421987	0.9829297105765424
0.0018206085819332477	0.9829444837989597
0.0018190971515363414	0.9829592379268666
0.0018175875655123085	0.9829739729930256
0.0018160798209280445	0.9829886890301276
0.001814573914856581	0.9830033860707919
0.0018130698443760214	0.9830180641475703
0.0018115676065701735	0.9830327232929458
0.00181006719852886	0.9830473635393293
0.0018085686173471129	0.9830619849190656
0.0018070718601258687	0.983076587464429
0.0018055769239714034	0.983091171207626
0.0018040838059959078	0.983105736180793
0.0018025925033169205	0.9831202824159994
0.0018011030130573133	0.9831348099452473
0.001799615332346114	0.9831493188004683
0.0017981294583172033	0.9831638090135287
0.0017966453881105686	0.9831782806162243
0.0017951631188712312	0.9831927336402874
0.0017936826477501521	0.9832071681173797
0.0017922039719033315	0.9832215840790957
0.0017907270884927366	0.9832359815569646
0.0017892519946853926	0.9832503605824492
0.0017877786876538619	0.9832647211869455
0.0017863071645762701	0.9832790634017737
0.0017848374226358786	0.9832933872582149
0.0017833694590218432	0.9833076927874416
0.001781903270928155	0.9833219800205945
0.0017804388555547192	0.9833362489887368
0.0017789762101063538	0.9833504997228674
0.0017775153317937263	0.9833647322539778
0.0017760562178324784	0.9833789466128354
0.0017745988654436387	0.983393142830288
0.0017731432718536386	0.983407320937074
0.0017716894342942123	0.9834214809638662
0.0017702373500024355	0.9834356229412728
0.0017687870162204733	0.9834497468998387
0.0017673384301961517	0.9834638528700428
0.0017658915891823955	0.9834779408823004
0.0017644464904370879	0.9834920109669639
0.0017630031312235817	0.9835060631543214
0.0017615615088106982	0.9835200974745957
0.0017601216204722657	0.9835341139579479
0.0017586834634872434	0.9835481126344753
0.0017572470351398073	0.9835620935342119
0.0017558123327196136	0.9835760566871281
0.0017543793535209355	0.9835900021231332
0.0017529480948437	0.983603929872072
0.001751518553992723	0.9836178399637275
0.001750090728278274	0.9836317324278193
0.0017486646150153282	0.9836456072940067
0.0017472402115243453	0.9836594645918848
0.0017458175151305831	0.983673304350989
0.001744396523164682	0.98368712660079
0.0017429772329620248	0.9837009313707008
0.0017415596418635414	0.9837147186900685
0.0017401437472150184	0.9837284885881812
0.0017387295498862035	0.9837422410942674
0.0017373170406287878	0.9837559762374926
0.0017359062199133178	0.9837696940469598
0.0017344970851061413	0.9837833945517152
0.0017330896303451157	0.983797077780741
0.001731683859083224	0.9838107437629622
0.0017302797658383558	0.9838243925272405
0.001728877347996427	0.9838380241023791
0.0017274766029485799	0.9838516385151517
0.0017260775280903272	0.98386523579796
0.0017246801208069542	0.9838788159776665
0.0017232843785391528	0.9838923790828279
0.0017218902986790516	0.9839059251419676
0.0017204978786411129	0.9839194541834995
0.001719107115848976	0.9839329662358341
0.0017177180077315088	0.9839464613273115
0.001716330551699506	0.9839599394861507
0.0017149447452001686	0.983973400740582
0.0017135605856724635	0.9839868451188316
0.0017121780705695777	0.9840002726488983
0.0017107971973356088	0.9840136833588233
0.0017094179634246649	0.9840270772765994
0.0017080403662963577	0.9840404544300348
0.001706664403414611	0.98405381484742
0.0017052900722482767	0.9840671585557702
0.0017039173702712799	0.9840804855834745
0.0017025462949620746	0.9840937959580942
0.0017011768438036866	0.9841070897078726
0.0016998090142842993	0.9841203668593019
0.0016984428054982582	0.9841336274404957
0.0016970782117673932	0.9841468714785114
0.0016957152321646575	0.9841600989998438
0.0016943538641970566	0.9841733100343785
0.001692994105376251	0.9841865046047944
0.0016916359500729237	0.9841996827499384
0.0016902794020625914	0.9842128444848038
0.001688924455767234	0.9842259898296474
0.0016875711087173035	0.9842391188378163
0.001686219358447407	0.9842522315022567
0.0016848692040222519	0.9842653278997632
0.0016835206399463914	0.9842784079966679
0.001682173665280821	0.9842914718448593
0.0016808282775788164	0.9843045194696391
0.0016794844743981735	0.9843175508964952
0.0016781422525342792	0.9843305663053785
0.001676801611856328	0.9843435654599488
0.0016754625476339217	0.9843565485035537
0.001674125058210618	0.9843695154627228
0.0016727891418448736	0.9843824663639309
0.0016714547940893986	0.9843954012336014
0.0016701220145667658	0.9844083200981013
0.0016687908001937837	0.984421222983747
0.0016674611485692381	0.9844341099171394
0.0016661330572964508	0.984446980923477
0.0016648065239838145	0.9844598360299268
0.001663481546242931	0.9844726752622603
0.0016621581216914182	0.9844854986465269
0.001660836247950052	0.9844983062087296
0.0016595159226445323	0.9845110979748184
0.001658197143405267	0.9845238739706899
0.0016568799078666746	0.9845366342221907
0.0016555642136680526	0.9845493787551142
0.0016542500584523926	0.9845621075952056
0.0016529374398680336	0.9845748207681606
0.0016516263555665302	0.9845875182996175
0.0016503168032051946	0.9846002002151714
0.0016490087804445245	0.9846128665403592
0.0016477022849498957	0.9846255173006784
0.0016463973143910726	0.9846381525215757
0.001645093866442245	0.9846507722284393
0.0016437919387814212	0.9846633764465893
0.0016424915290913537	0.9846759652013772
0.001641192635059257	0.9846885385179743
0.0016398952543761284	0.984701096421659
0.001638599384737896	0.984713638937481
0.0016373050238442095	0.9847261660906358
0.0016360121693990658	0.9847386779061494
0.0016347208191112251	0.9847511744090538
0.0016334309706932555	0.9847636556242843
0.0016321426218619693	0.9847761215767089
0.0016308557703386582	0.9847885722912167
0.001629570413848645	0.9848010077923516
0.001628286550121571	0.9848134281056643
0.0016270041768912174	0.9848258332553342
0.0016257232918956875	0.9848382232660664
0.0016244438928772371	0.9848505981627451
0.0016231659775821476	0.9848629579678695
0.001621889543760959	0.9848753027104512
0.0016206145891686534	0.9848876324094271
0.0016193411115640705	0.9848999470976141
0.001618069108710149	0.9849122467854915
0.0016167985783742019	0.9849245315097505
0.0016155295183277755	0.9849368013022634
0.0016142619263458695	0.9849490561637999
0.001612995800208143	0.9849612961382421
0.001611731137698493	0.9849735212454603
0.0016104679366047163	0.984985731468293
0.0016092061947183458	0.9849979269337135
0.0016079459098356024	0.9850101075620863
0.0016066870797562032	0.985022273436349
0.001605429702284574	0.9850344244598442
0.0016041737752284404	0.9850465608373045
0.0016029192964002595	0.9850586827192797
0.0016016662636161888	0.9850707897860852
0.0016004146746963275	0.9850828819563133
0.0015991645274648987	0.9850949594304553
0.0015979158197501554	0.9851070231376469
0.0015966685493844068	0.9851190715031469
0.0015954227142037614	0.9851311059652469
0.0015941783120485386	0.9851431235488887
0.0015929353407627773	0.9851551301717925
0.001591693798194812	0.9851671199592631
0.001590453682196703	0.9851790942794123
0.0015892149906244495	0.9851910586737884
0.0015879777213380958	0.9852030061576339
0.001586741872201486	0.9852149314280456
0.0015855074410825105	0.9852268624735366
0.0015842744258529001	0.9852387771946852
0.0015830428243361512	0.9852506377430926
0.0015818126345153807	0.9852625281543552
0.0015805838542223124	0.9852744067264863
0.0015793564813447766	0.9852862634255077
0.0015781305138199808	0.9852980638754908
0.0015769059495094689	0.9853099191602411
0.0015756827862430042	0.9853217260109856
0.0015744610219798631	0.9853335167653416
0.001573240654626555	0.9853452896256799
0.0015720216820432611	0.9853570615542502
0.0015708041022444315	0.9853688120009797
0.0015695879130983995	0.9853805343649298
0.001568373112526976	0.9853922478668894
0.00156715969845607	0.9854039962453707
0.0015659476688148124	0.9854156909333602
0.001564737021536975	0.985427373185782
0.0015635277545589933	0.985439046882542
0.0015623198658222303	0.9854506909487123
0.0015611133532709382	0.985462351633397
0.0015599082148533214	0.9854739635671885
0.001558704448521774	0.9854855606943489
0.001557502052231878	0.9854971463327316
0.0015563010239431254	0.9855087069525775
0.001555101361618808	0.9855203917634145
0.0015539030636453706	0.985531950287653
0.0015527061271609329	0.9855435016575865
0.0015515105505523649	0.9855550480918103
0.001550316331797687	0.9855665463129762
0.0015491234685042446	0.9855780958536686
0.0015479319594003374	0.9855895680280352
0.0015467418021067984	0.9856010183792714
0.0015455529946161168	0.9856124547993582
0.0015443655349248724	0.9856238313903355
0.0015431794210327076	0.9856355414071521
0.001541994650943612	0.985646966900512
0.0015408112226644735	0.9856583941531106
0.001539629134206362	0.9856698290808434
0.0015384483835837405	0.9856811810643469
0.0015372689688144914	0.9856926446075082
0.0015360908879203368	0.98570396558806
0.0015349141389266702	0.9857152727224944
0.00153373871986193	0.9857265384561795