0.04939237228891805	0.5984974304440538
0.04948528436467297	0.6021210931979928
0.049574793079524504	0.6057051606411663
0.049660922651443666	0.6092499758901683
0.04974369788679286	0.6127558830130657
0.04982314415741831	0.6162232268999475
0.04989928737795554	0.6196523531362033
0.049972153983360024	0.6230436078785353
0.050041770906672216	0.626397337733696
0.05010816555703141	0.6297138896399526
0.050171365797942034	0.6329936107512639
0.05023139992580708	0.6362368483241698
0.050288296648734035	0.6394439496073792
0.0503420850651205	0.6426152617340453
0.050392794645040574	0.6457511316167209
0.05044045520690542	0.6488519058449767
0.05048509689952224	0.6519179305856654
0.05052675018158825	0.6549495514858249
0.05056544580272471	0.657947113578192
0.05060121478411275	0.6609109611893191
0.05063408839981396	0.6638414378502642
0.05066409815834468	0.6667388862098456
0.05069127578459069	0.6696036479504279
0.05071565320205288	0.6724360637062285
0.0507372625154378	0.6752364729841084
0.050756135993589746	0.6780052140868373
0.0507723060527678	0.6807426240387964
0.05078580524027214	0.6834490385141
0.05079666621841904	0.6861247917967738
0.05080492174886398	0.6887702165988017
0.05081060467728104	0.6913856441620332
0.05081374791838899	0.6939714040881111
0.05081438444133446	0.6965278243043016
0.05081254725542429	0.699055231005532
0.050808269396209305	0.7015539485986423
0.05080158391192358	0.7040242996488184
0.050792523850268986	0.7064666048281845
0.050781122245553166	0.708881182866512
0.05076741210617177	0.7112683505040209
0.050751426402439945	0.7136284224462344
0.050733198054766386	0.7159617113208596
0.05071275984268136	0.7182685276366583
0.050690144712345085	0.7205491797442705
0.050665385364794605	0.7228039737989658
0.050638514252489775	0.7250332137252788
0.05060956395959046	0.7272372011835019
0.05057856687770291	0.7294162355379941
0.0505455552751788	0.7315706138272793
0.0505105612879475	0.733700630735892
0.050473616910668526	0.7358065785679405
0.05043475398819616	0.7378887472223503
0.050394004207356444	0.7399474241697532
0.050351399089028075	0.7419828944309896
0.05030696998052765	0.7439954405571858
0.05026074804829143	0.7459853426113736
0.05021276427084913	0.7479528781516185
0.05016304943209126	0.7498983222156189
0.05011163411475065	0.7518219473064862
0.05005854869449927	0.7537240233812224
0.05000382333364595	0.7556048178379764
0.04994748797578536	0.7574645955072328
0.04988957234037116	0.7593036186429992
0.04983010591761598	0.7611221469155292
0.04976911796364943	0.7629204374052729
0.04970663749592858	0.7646987445980368
0.04964269328889167	0.7664573203813078
0.04957731386985491	0.7681964140417192
0.04951052751514659	0.769916272263615
0.049442362246469064	0.7716171391286938
0.049372845827491456	0.773299256116688
0.049302005760659885	0.7749628621070582
0.0492298693181335	0.7766081933816615
0.04915646336754074	0.7782354836283721
0.049081814716231284	0.7798449639456169
0.0490059497583238	0.7814368628478024
0.04892889464972039	0.783011406271598
0.048850675270337346	0.7845688175830496
0.048771317222325423	0.7861093175854954
0.048690845828473016	0.7876331245282525
0.04860928613078384	0.7891404541160499
0.048526662889229494	0.7906315195191793
0.048443000580561404	0.7921065313843341
0.048358323397802355	0.7935656978461142
0.048272655248883065	0.7950092245391686
0.04818601975655676	0.796437314610949
0.04809844025731928	0.7978501687350505
0.048009939801870065	0.7992479851251145
0.04792054115442311	0.8006309595492689
0.047830266792790226	0.8019992853450824
0.04773913890847054	0.8033531534350085
0.04764717940686469	0.8046927523422966
0.047554409907610604	0.8060182682073493
0.04746085174606777	0.8073298848044994
0.04736652596979095	0.8086277835591915
0.04727145334531854	0.8099121435655403
0.04717565435490234	0.8111831416042496
0.047079149198401206	0.8124409521608706
0.046981957794263854	0.8136857474443776
0.04688409978060505	0.8149176974225855
0.04678559451637415	0.8161369697748623
0.04668646108260699	0.8173437299956662
0.04658671828376439	0.8185381414113805
0.04648638464914815	0.819720365120332
0.04638547843439198	0.8208905600776386
0.046284017623109824	0.8220488830992483
0.04618201992821054	0.8231954888824087
0.04607950279406807	0.8243305300263009
0.04597648339795842	0.8254541574579378
0.04587297865203292	0.826566518427477
0.04576900520509339	0.8276677605804406
0.045664579444591576	0.8287580279276505
0.04555971749860103	0.8298374628920441
0.0454544352378485	0.8309062059248467
0.045348748277794615	0.8319643955269287
0.04524267198075537	0.8330121682707408
0.04513622145806365	0.8340496588196468
0.04502941157227026	0.8350769999525569
0.04492225693937749	0.8360943225833113
0.044814771931109214	0.837101755782695
0.04470697067720617	0.8380994267999238
0.04459886706775527	0.8390874610841128
0.0444904747555412	0.8400659823057193
0.04438180715842149	0.8410351123779503
0.04427287746172691	0.8419949714781252
0.04416369862067843	0.8429456780689847
0.04405428336282264	0.8438873489194911
0.04394464419048417	0.844820099128321
0.043834793383231395	0.8457440421401868
0.04372474300035365	0.84665928977178
0.04361450488335163	0.8475659522301544
0.043504090658433754	0.8484641381340754
0.04339351173902216	0.8493539545347357
0.0432827793282619	0.8502355069363652
0.04317190442153847	0.8511088993167176
0.04306089780899362	0.8519742341474379
0.042949770078046276	0.8528316124142986
0.042838531615911335	0.8536811336373037
0.04272719261211799	0.8545228958906523
0.04261576306102669	0.855356995822561
0.042504252764340764	0.8561835286749356
0.04239267133361435	0.8570025883028943
0.04228102819275462	0.8578142671941338
0.04216933258051623	0.858618656488134
0.042057593552988735	0.8594158459952046
0.0419458199860752	0.8602059242153606
0.04183402057796042	0.860988978357033
0.04172220385156858	0.8617650943556054
0.04161037815701001	0.8625343568917767
0.04149855167401517	0.8632968494097479
0.04138673241435526	0.8640526541352291
0.041274928224249476	0.8648018520932669
0.04116314678675866	0.8655445231258863
0.04105139562416185	0.8662807459095521
0.040939682100318196	0.8670105979724407
0.04082801342301257	0.8677341557115281
0.04071639664628415	0.8684514944094862
0.04060483867273753	0.8691626882513916
0.040493346255835845	0.8698678103412453
0.04038192600217556	0.8705669327182972
0.040270584373741806	0.8712601263731845
0.04015932769014648	0.8719474612638732
0.04004816213084366	0.8726290063314102
0.03993709373732783	0.8733048295154814
0.03982612841531009	0.8739749977697786
0.039715271936874845	0.8746395770771703
0.03960452994261413	0.8752986324646848
0.03949390794374309	0.875952228018297
0.039383411324191715	0.8766004268975248
0.03927304534267587	0.8772432913498348
0.039162815134747626	0.8778808827248543
0.03905272571482189	0.8785132614883961
0.03894278197818171	0.8791404872362912
0.03883298867825414	0.8797626187080334
0.03872335052721492	0.8803797138002363
0.03861387205027861	0.880991829579902
0.0385045576858097	0.8815990222975043
0.03839541178793261	0.8822013473998875
0.038286438527610364	0.8827988595429798
0.038177642045612255	0.8833916126043241
0.03806902635297304	0.883979659695429
0.03796059536068051	0.8845630531739372
0.03785235287739062	0.885141844655616
0.037744302613859686	0.8857160850261715
0.03763644818401872	0.8862858244528844
0.03752879310754089	0.8868511123960728
0.03742134082057021	0.8874119976203818
0.03731409463280405	0.8879685282059004
0.03720705780006463	0.8885207515591107
0.03710023347737463	0.8890687144236661
0.036993624732861816	0.8896124628910056
0.036887234549337365	0.8901520424108007
0.03678106581308492	0.8906875214604507
0.0366751213664829	0.8912188732591557
0.036569403932866805	0.8917462123699798
0.03646391616911108	0.8922695581175573
0.03635866065469598	0.8927889528937906
0.03625363989170954	0.893304438508136
0.036148856308411643	0.8938160561969455
0.03604431226830015	0.8943238466326577
0.03594001003448744	0.8948278499384595
0.03583595182872354	0.8953281056747443
0.035732139786864556	0.8958246528814489
0.035628575996729854	0.8963175300643202
0.03552526245829071	0.8968067752089504
0.03542220111340054	0.8972924257891026
0.03531939383968194	0.8977745187691988
0.035216842451768565	0.8982530906351943
0.03511454870252616	0.8987281773682334
0.0350125142842565	0.8991998144752844
0.03491074082988043	0.8996680369910813
0.03480922991410298	0.9001328794856495
0.034707983054558966	0.9005943760718786
0.03460700171294116	0.9010525604121078
0.034506287296108766	0.9015074657262981
0.034405841157179665	0.9019591247983888
0.03430566459660246	0.9024075699833736
0.03420575886321307	0.9028528332140933
0.03410612515527249	0.903294946007912
0.034006764621486954	0.903733939473052
0.033907678362013416	0.9041698443159458
0.03380886742944452	0.9046026908462331
0.03371033282978073	0.9050325089838779
0.03361207552338278	0.9054593282650724
0.03351409642251084	0.9058831778482536
0.03341639640641144	0.9063040865200178
0.03331897630011677	0.9067220827009322
0.03322183689236999	0.9071371944512445
0.0331249789251002	0.9075494494764974
0.033028403106246135	0.9079588751330414
0.03293211010207028	0.9083654984334557
0.03283610054026184	0.9087693460518728
0.032740375010751645	0.9091704443292115
0.03264493406651408	0.9095688192783189
0.032549778224353974	0.9099644965890233
0.032454907965680166	0.9103575016330985
0.032360323737264385	0.9107478594691423
0.032266025951987715	0.9111355948473701
0.032172014989572985	0.9115207322143253
0.03207829119730456	0.911903295717507
0.03198485489073461	0.9122833092099178
0.03189170635437707	0.9126607962545327
0.03179884584238928	0.9130357801286889
0.03170627357924032	0.9134082838284012
0.0316139897603688	0.9137783300726003
0.03152199455282632	0.9141459413072996
0.03143028809591212	0.9145111397096873
0.03133887050179289	0.9148739471910369
0.031247741856114283	0.9152343854053696
0.031156902218598473	0.9155924757458773
0.03106635162363326	0.9159482393539778
0.030976090080847243	0.9163016971217811
0.03088611757567721	0.9166528696951641
0.030796434069923554	0.9170017774786781
0.03070703950229497	0.9173484406379999
0.030617933788944215	0.91769287910377
0.03052911682399251	0.918035112575029
0.0304405884800449	0.918375160522597
0.030352348608696317	0.9187130421923916
0.03026439704102648	0.919048776608692
0.03017673358808699	0.9193823825773455
0.030089358041379053	0.9197138786889186
0.030002270173320633	0.920043283321796
0.029915469737706927	0.9203706146452242
0.029828956470160466	0.9206958906223048
0.029742730088573182	0.9210191290129365
0.029656790293539632	0.9213403473767068
0.029571136768782563	0.9216595630757343
0.029485769181569834	0.9219767932774632
0.029400687183123365	0.9222920549574102
0.02931589040902	0.9226053649018658
0.029231378479585304	0.9229167397105479
0.029147151000279092	0.923226195799213
0.02906320756207304	0.9235337494022228
0.028979547741822806	0.9238394165750662
0.028896171102630274	0.9241432131968422
0.028813077194200898	0.9244451549726976
0.028730265553193333	0.9247452574362266
0.028647735703561623	0.9250435359518298
0.028565487156891303	0.9253400057170335
0.028483519412729138	0.9256346817647712
0.028401831958905017	0.9259275789656273
0.028320424271849935	0.9262187120300422
0.02823929581690531	0.9265080955104842
0.028158446048626044	0.9267957438035828
0.028077874411081165	0.9270816711522281
0.02799758033814304	0.9273658916476364
0.02791756325377589	0.9276484192313813
0.027837822572315114	0.9279292676973914
0.02775835769874247	0.9282084506939176
0.02767916802895579	0.9284859817254649
0.02760025295003284	0.9287618741546975
0.02752161184049003	0.929036141204309
0.027443244070535742	0.9293087959588652
0.027365149002319306	0.9295798513666159
0.027287325992901942	0.9298493202412792
0.027209774383580746	0.9301172152637953
0.027132493513770374	0.930383548984054
0.027055482721220565	0.9306483338225945
0.02697874132860852	0.9309115820722775
0.02690226865466794	0.9311733058999319
0.026826064011675702	0.931433517347974
0.026750126705663225	0.9316922283360041
0.02667445603662239	0.9319494506623751
0.026599051298708414	0.9322051960057375
0.02652391178043674	0.932459475926562
0.026449036764877747	0.9327123018686356
0.026374425529846295	0.9329636851605372
0.026300077348087755	0.9332136370170883
0.02622599148745982	0.9334621685407823
0.026152167209605028	0.9337092907231928
0.02607860377615078	0.9339550144463576
0.026005300439842168	0.9341993504841447
0.025932256452229345	0.9344423095035952
0.025859471056332805	0.9346839020662467
0.025786943495803488	0.9349241386294367
0.02571467300907483	0.9351630295475862
0.025642658831018985	0.9354005850734637
0.025570900193096498	0.9356368153594306
0.025499396323504342	0.9358717304586677
0.025428146447319482	0.9361053403263828
0.025357149786640096	0.9363376548210024
0.02528640556072316	0.936568683705343
0.025215912986120546	0.9367984366477662
0.02514567127680663	0.9370269232233183
0.025075679644322037	0.9372541529141594
0.025005937297878245	0.9374801351134322
0.024936443444497226	0.9377048791222055
0.02486719728912791	0.9379283941539923
0.024798198034764345	0.938150689332383
0.02472944520781855	0.9383717736961935
0.024660937031951782	0.9385916561977512
0.024592673680749504	0.9388103457045924
0.024524654025265182	0.9390278510004609
0.024456877260409488	0.9392441807862894
0.024389342579796	0.9394593436811698
0.024322049175844362	0.9396733482233074
0.024254996239878035	0.9398862028709637
0.02418818296222194	0.9400979160033834
0.024121608532297212	0.9403084959217101
0.02405527213871348	0.9405179508498885
0.023989172969359922	0.9407262889355538
0.02392331021149294	0.9409335182509088
0.02385768305182366	0.9411396467935881
0.023792290676602237	0.9413446824875116
0.023727132271700476	0.9415486331837246
0.023662207022691357	0.9417515066612281
0.02359751411493007	0.9419533106277947
0.023533052733629253	0.9421540527207766
0.02346882206393526	0.9423537405078999
0.023404821291001503	0.9425523814880493
0.023341049600059914	0.9427499830920423
0.023277506176491464	0.9429465526833917
0.023214190205894325	0.9431420975590585
0.023151100874151377	0.943336624950194
0.023088237367494567	0.9435301420228732
0.02302559887256988	0.9437226558788164
0.022963184576498184	0.9439141735561033
0.022900993666936795	0.9441047020298744
0.02283902533213897	0.9442942482130263
0.022777278761010863	0.9444828189568957
0.022715753143168715	0.9446704210519373
0.022654447668993494	0.9448570612283858
0.022593361529684997	0.9450427461569164
0.02253249391731382	0.945227482449294
0.022471844024872588	0.9454112766590128
0.022411411046325772	0.9455941352819284
0.022351194176658488	0.9457760647568819
0.022291192611923326	0.9459570714663155
0.02223140554928667	0.9461371617368799
0.022171832187074417	0.9463163418400335
0.02211247172481424	0.9464946179926358
0.02205332336328016	0.9466719963575295
0.021994386304532078	0.9468484830441196
0.021935659751958218	0.9470240841089402
0.021877142910313455	0.9471988055562185
0.021818834985758043	0.9473726533384281
0.02176073518589434	0.9475456333568382
0.021702842719804355	0.9477177514620526
0.021645156798084222	0.9478890134545449
0.021587676632879256	0.9480594250851847
0.021530401437916628	0.9482289920557587
0.02147333042853922	0.9483977200194832
0.02141646282161698	0.9485656145815134
0.021359797836055155	0.9487326812994433
0.02130333469210783	0.9488989256837995
0.021247072611884736	0.949064353198532
0.021191010819260798	0.949228969261494
0.021135148539902233	0.9493927792449209
0.021079485001366326	0.9495557884758989
0.021024019432836508	0.9497180022368301
0.02096875106558617	0.9498794257658926
0.020913679132708727	0.9500400642574922
0.020858802869214235	0.9501999228627113
0.02080412151205388	0.9503590066897504
0.02074963430020669	0.9505173208043655
0.02069534047439464	0.9506748702302992
0.0206412392776757	0.950831659949707
0.020587329954929033	0.9509876949035788
0.020533611753084168	0.951142979992154
0.020480083921258926	0.9512975200753334
0.020426745710525544	0.9514513199730842
0.02037359637409713	0.9516043844658421
0.020320635167314808	0.9517567182949065
0.020267861347607267	0.951908326162833
0.020215274174605193	0.9520592127338197
0.020162872910081547	0.9522093826340888
0.02011065681798698	0.9523588404522956
0.020058625164464543	0.9525075907397808
0.020006777217877157	0.9526556380111006
0.019955112248760367	0.9528029867443482
0.01990362952807987	0.9529496413814259
0.019852328334810498	0.9530956063284814
0.019801207945562452	0.953240885956238
0.019750267636885775	0.9533854846003433
0.019699506692247785	0.9535294065617118
0.019648924395776618	0.9536726561068655
0.01959852003389647	0.9538152374682671
0.019548292895339908	0.9539571548446552
0.019498242271155302	0.9540984124013681
0.01944836745471502	0.9542390142706706
0.019398667741723215	0.9543789645520732
0.01934914243022409	0.9545182673126482
0.01929979082060884	0.9546569265873417
0.01925061221562269	0.9547949463792865
0.019201605921320614	0.9549323306601052
0.01915277124328354	0.9550690833702121
0.019104107491335936	0.9552052084191203
0.019055613979619853	0.9553407096857098
0.01900729002178544	0.9554755910185558
0.01895913493674784	0.9556098562361952
0.018911148040018987	0.9557435091274183
0.018863328655335812	0.9558765534515503
0.01881567610688224	0.9560089929387295
0.018768189721245592	0.9561408312901847
0.018720868827420464	0.9562720721785065
0.018673712756811758	0.956402719247918
0.01862672084323659	0.9565327761145413
0.018579892422927364	0.9566622463666608
0.018533226834533637	0.9567911335649846
0.01848672341912403	0.9569194412433162
0.01844038152018709	0.9570471729067371
0.018394200483633622	0.9571743320360055
0.01834817965725073	0.9573009220836582
0.018302318392931206	0.9574269464763314
0.01825661604326675	0.95755240861459
0.018211071963863096	0.957677311873168
0.018165685512750225	0.9578016596012078
0.018120456050382792	0.957925455122496
0.01807538293963923	0.9580487017356973
0.018030465545822022	0.9581714027145842
0.017985703236655538	0.958293561308266
0.0179410953833677	0.9584151807414152
0.017896641356344164	0.9585362642144895
0.01785234053019929	0.958656814903954
0.017808192285287232	0.9587768359624995
0.017764195999950307	0.9588963305186133
0.0177203510564222	0.9590153016793825
0.017676656839349138	0.9591337525268082
0.017633112735786223	0.9592516861212407
0.017589718135196115	0.9593691054984499
0.017546472429445625	0.959486013673567
0.017503375012804027	0.9596024136387868
0.01746042528193891	0.9597183083641964
0.017417622635913746	0.9598337007979724
0.017374966476184656	0.9599485938665778
0.01733245620659734	0.9600629904749559
0.01729009123338251	0.9601768935059558
0.017247870965153397	0.9602903058235935
0.017205794812901354	0.9604032302686285
0.01716386218999245	0.9605156696618271
0.01712207251216246	0.9606276268033769
0.017080425197513707	0.9607391044730685
0.0170389196665108	0.9608501054304762
0.016997555341975435	0.960960632415136
0.016956331649082276	0.9610706881467227
0.01691524801535458	0.9611802753252244
0.016874303870659094	0.9612893966311152
0.016833498647201784	0.9613980547255265
0.016792831779522017	0.9615062522504164
0.016752302704488617	0.961613991828737
0.016711910861293346	0.9617212760646002
0.016671655691447126	0.9618281075434431
0.016631536638774088	0.9619344888321878
0.01659155314940575	0.9620404224794054
0.01655170467177616	0.9621459110154722
0.01651199065661624	0.9622509569527296
0.016472410556947703	0.9623555627856377
0.01643296382807784	0.9624597309909317
0.016393649927593196	0.9625634640277736
0.016354468315354316	0.962666764337903
0.016315418453489085	0.9627696343457877
0.01627649980638745	0.9628720764587706
0.016237711840694544	0.9629740930672179
0.01619905402530506	0.9630756865446626
0.016160525831357044	0.9631768592479492
0.016122126732223012	0.9632776135173757
0.016083856203506944	0.9633779516768342
0.016045713723041945	0.9634778760339499
0.01600769877087485	0.9635773888802205
0.015969810829264134	0.963676492491151
0.01593204938267309	0.9637751891263899
0.015894413917762525	0.9638734810298633
0.01585690392338504	0.9639713704299065
0.015819518890577696	0.9640688595393964
0.01578225831260965	0.9641659505558802
0.015745121684764284	0.964262645661705
0.015708108504640522	0.9643589470241447
0.01567121827195051	0.964454856795526
0.01563445048854653	0.9645503771133539
0.0155978046584317	0.964645510100434
0.01556128028774428	0.9647402578649971
0.015524876884752344	0.9648346225008174
0.015488593959845733	0.9649286060873357
0.01545243102553021	0.9650222106897758
0.015416387596419957	0.9651154383592633
0.015380463189197417	0.965208291132942
0.01534465732273302	0.9653007710340893
0.015308969517893548	0.9653928800722305
0.015273399297654474	0.9654846202432537
0.015237946187063567	0.9655759935295146
0.015202609713233426	0.9656670018999574
0.015167389405334663	0.9657576473102188
0.015132284794588268	0.9658479317027386
0.015097295414258097	0.9659378570068671
0.015062420799644401	0.9660274251389713
0.01502766048807508	0.9661166380025421
0.014993014018899941	0.9662054974882974
0.014958480933481786	0.9662940054742697
0.014924060775190125	0.9663821638259756
0.01488975308939323	0.9664699743964189
0.014855557423450816	0.966557439026256
0.014821473326706457	0.96664455954388
0.014787500350480643	0.9667313377655185
0.01475363804643391	0.966817775495333
0.014719885972998429	0.9669038745255152
0.014686243685830035	0.9669896366363826
0.014652710745929757	0.9670750635964745
0.014619286710758737	0.967160157162646
0.014585971145118047	0.9672449190801614
0.014552763613955477	0.9673293510827858
0.014519663684134768	0.967413454892879
0.01448667092442981	0.9674972322214831
0.014453784905515627	0.9675806847684152
0.014421005199962093	0.9676638142223549
0.014388331382225271	0.9677466222609339
0.014355763028641458	0.9678291105508211
0.014323299718412518	0.9679112807478119
0.014290941029667588	0.9679931344969122
0.01425868654528261	0.9680746734324239
0.014226535847910395	0.9681558991780297
0.014194488525382574	0.9682368133468753
0.014162544164070362	0.9683174175416536
0.014130702353255848	0.9683977133546848
0.014098962684040683	0.9684777023679991
0.014067324749338006	0.9685573861534172
0.014035788143866825	0.9686367662726277
0.014004352464142241	0.9687158442772692
0.01397301730847016	0.9687946217090054
0.013941782276937808	0.9688731000996057
0.013910646971408513	0.9689512809715023
0.013879610995512746	0.9690291658359566
0.01384867395464057	0.9691067561959686
0.013817835455935942	0.969184053544484
0.013787095108287562	0.9692610593643672
0.01375645253269408	0.9693377751307073
0.013725907310398062	0.9694142023075684
0.013695459086596163	0.9694903423502581
0.013665107466713395	0.969566196704855
0.013634852068256485	0.9696417668082774
0.013604692510432568	0.9697170540883568
0.013574628414143489	0.9697920599639045
0.013544659401978146	0.9698667858447814
0.013514785098204933	0.9699412331319665
0.013485005122465072	0.9700154032176238
0.013455319114961721	0.9700892974851707
0.0134257267049667	0.9701629173093428
0.013396227510788119	0.9702362640562601
0.01336682117128708	0.9703093390834927
0.013337507320658925	0.9703821437401258
0.013308285594728112	0.9704546793668231
0.013279155630942006	0.9705269472958894
0.013250117068362743	0.9705989488513357
0.013221169547660483	0.9706706853489397
0.013192312711106402	0.9707421580933053
0.013163546202565962	0.9708133683899399
0.013134869667491233	0.9708843175302859
0.013106282752914297	0.970955006791803
0.013077785107440176	0.9710254374530246
0.013049376381239822	0.9710956107816124
0.013021056226043229	0.9711655280374183
0.012992824295132415	0.9712351904725396
0.012964680243334324	0.9713045993313796
0.012936623727014596	0.9713737558507028
0.012908654404069781	0.9714426612596926
0.012880771933921072	0.9715113167800065
0.01285297597750758	0.9715797236258323
0.01282526619727911	0.9716478830039429
0.012797642257189136	0.9717157961137519
0.012770103822689272	0.9717834641473664
0.01274265056072076	0.9718508882896418
0.012715282139709091	0.9719180697182346
0.012687998229556914	0.9719850096036552
0.012660798501637089	0.9720517091093204
0.012633682628786403	0.9721181693916053
0.012606650285298414	0.9721843915998946
0.012579701146917572	0.9722503768766336
0.012552834891095219	0.9723161263573794
0.012526051195936062	0.97238164117085
0.012499349741753455	0.9724469224389745
0.012472730210027264	0.9725119712769426
0.012446192283368535	0.9725767887932535
0.012419735646655442	0.9726413760897639
0.012393359985320346	0.9727057342617361
0.012367064986475534	0.9727698643978858
0.012340850338624764	0.97283376758043
0.012314715731657624	0.9728974448851326
0.01228866085668527	0.9729608973813513
0.012262685406659934	0.9730241261320839
0.01223678907543648	0.9730871321940138
0.01221097155838268	0.9731499166175552
0.012185232552219781	0.9732124804468982
0.012159571755192763	0.973274824720053
0.012133988866364116	0.9733369504688939
0.012108483586652044	0.973398858719204
0.012083055618131099	0.9734605504907168
0.012057704664198575	0.9735220267971616
0.012032430429568473	0.9735832886463043
0.012007232620265148	0.9736443370399147
0.011982110943617843	0.9737051729741097
0.011957065108253567	0.9737657974389455
0.01193209482409178	0.9738262114187568
0.011907199802338507	0.9738864158921235
0.011882379755479518	0.9739464118319956
0.011857634397275526	0.974006200205398
0.011832963442754727	0.9740657819739719
0.011808366608208646	0.9741251580936808
0.011783843611184652	0.9741843295149338
0.011759394170481016	0.9742432971826234
0.01173501800614067	0.9743020620361647
0.011710714839445479	0.9743606250095337
0.011686484392910597	0.9744189870313051
0.011662326390278357	0.9744771490246902
0.011638240556512632	0.9745351119075741
0.011614226617793147	0.9745928765925531
0.011590284301509941	0.9746504439869703
0.011566413336257369	0.9747078149929536
0.011542613451828124	0.9747649905074515
0.011518884379208937	0.9748219714222678
0.011495225850573235	0.9748787586240986
0.011471637599276522	0.974935352994567
0.011448119359850874	0.974991755410258
0.011424670867999195	0.9750479667427531
0.011401291860589004	0.9751039878586658
0.011377982075648493	0.975159819619674
0.011354741252359508	0.9752154628825551
0.011331569131052845	0.9752709184992199
0.011308465453202883	0.9753261873167447
0.011285429961421593	0.9753812701774055
0.011262462399454002	0.9754361679187102
0.011239562512172152	0.9754908813734312
0.011216730045570002	0.9755454113696379
0.011193964746758111	0.9755997587307288
0.01117126636395861	0.9756539242754626
0.011148634646498902	0.9757079088179911
0.01112606934480834	0.9757617131678884
0.011103570210410588	0.9758153381301842
0.011081136995920771	0.9758687845053929
0.011058769455038598	0.9759220530895445
0.01103646734254399	0.9759751446742155
0.011014230414291889	0.9760280600465584
0.010992058427206885	0.9760807999893317
0.010969951140206166	0.9761333652809293
0.01094790831046748	0.9761857566954097
0.010925929699037643	0.9762379750025257
0.010904015067069879	0.976290020967753
0.010882164176762256	0.9763418953523183
0.010860376791352638	0.9763935989132286
0.010838652675113403	0.9764451324032986
0.010816991593346531	0.9764964965711798
0.010795393312379631	0.9765476921613865
0.010773857599559336	0.9765987199143255
0.010752384222499923	0.9766495805663211
0.010730972952090728	0.9767002748496451
0.010709623557373435	0.9767508034925401
0.010688335810873606	0.9768011672192495
0.010667109458782568	0.9768513667500419
0.010645944351283333	0.9769014028012386
0.010624840185911515	0.976951276085239
0.01060379676360709	0.9770009873105466
0.010582813860681725	0.9770505371817947
0.01056189125441938	0.9770999263997717
0.010541028723071607	0.9771491556614474
0.010520226045853823	0.9771982256599963
0.010499483003397104	0.9772471370848239
0.01047879937590137	0.9772958906215915
0.01045817494591405	0.9773444869522391
0.0104376094964571	0.9773929267547464
0.010417102811493368	0.9774412107042216
0.010396654675921437	0.9774893394713201
0.010376264875571565	0.977537313723343
0.010355933197201158	0.9775851341239905
0.010335659428490112	0.9776328013333867
0.010315443358036776	0.9776803160081011
0.01029528477535316	0.9777276788011731
0.010275183470860969	0.9777748903621337
0.010255139235886909	0.9778219513372455
0.01023515186265904	0.9778688623686529
0.010215221144301291	0.9779156240957216
0.010195346874830574	0.9779622371541765
0.010175528849151358	0.9780087021763466
0.010155766863052267	0.9780550197911866
0.010136060713201195	0.978101190624299
0.010116410197141754	0.9781472152979548
0.010096815113288544	0.9781930944311159
0.010077275260923465	0.9782388286394555
0.010057790440191033	0.9782844185353795
0.010038360452095092	0.9783298647280472
0.010018985098493574	0.9783751678233926
0.00999966418179207	0.9784203284241441
0.009980397506159939	0.9784653471298452
0.009961184875975446	0.9785102245368754
0.009942026095887875	0.9785549612384699
0.009922920972265433	0.978599557824739
0.00990386931201006	0.9786440148826886
0.00988487092285002	0.9786883329962403
0.009865925613336723	0.9787325127462493
0.009847033192839876	0.9787765547105258
0.009828193471544424	0.9788204594638528
0.009809406260632977	0.9788642275780055
0.00979067137153016	0.9789078596217708
0.009771988617033652	0.9789513561609657
0.009753357810375313	0.9789947177584555
0.009734778766108211	0.9790379449741736
0.00971625129904742	0.9790810383651385
0.009697775224974317	0.9791239984854732
0.009679350360454623	0.9791668258864222
0.00966097652283438	0.979209521116371
0.009642653530236796	0.9792520847208627
0.009624381201558315	0.9792945172426157
0.009606159356464852	0.9793368192216293
0.009587987815387463	0.979378991194851
0.009569866399521319	0.9794210336966381
0.009551794930818775	0.9794629472587546
0.00953377323198729	0.9795047324099749
0.009515801126486057	0.9795463896764377
0.00949787843852179	0.979587919581578
0.009480004993045564	0.9796293226461437
0.009462180615749242	0.9796705993882128
0.009444405133062009	0.979711750323209
0.00942667837214732	0.9797527759639187
0.009409000160897085	0.9797936768205076
0.009391370327931975	0.9798344534005352
0.009373788702594804	0.979875106208973
0.009356255114948989	0.9799156357482187
0.00933876939577404	0.979956042518113
0.009321331376562499	0.9799963270159547
0.009303940889517057	0.9800364897365164
0.009286597767546057	0.9800765311720603
0.00926930184426119	0.9801164518123532
0.00925205295397373	0.9801562521446812
0.009234850931691409	0.9801959326538658
0.009217695613114515	0.980235493822279
0.009200586834633581	0.980274936129857
0.00918352443332524	0.9803142600541163
0.009166508246949515	0.9803534660701672
0.00914953811394624	0.9803925546507294
0.009132613873431849	0.9804315262661463
0.009115735365196814	0.9804703813843983
0.009098902429701364	0.980509120471119
0.009082114908072926	0.9805477439896081
0.009065371983552334	0.980586252400845
0.009048674790717111	0.9806246461635042
0.009032022538297773	0.9806629257339683
0.009015415070040068	0.9807010915663421
0.008998852230341319	0.9807391441124659
0.008982333864247155	0.9807770838219296
0.008965859817448617	0.9808149111420857
0.008949429936278633	0.9808526265180635
0.008933044496091919	0.980890230392781
0.008916702504005298	0.9809277232069599
0.008900404220895	0.9809651053991372
0.008884149495645503	0.9810023774056791
0.008867938177768672	0.9810395396607934
0.008851770117400501	0.9810765925965432
0.008835645165298684	0.9811135366428586
0.008819563172839658	0.9811503722275501
0.008803523992015045	0.981187099991801
0.008787527475429739	0.9812237199364415
0.008771573476298103	0.9812602326905592
0.008755661848441787	0.9812966386736158
0.008739792446286337	0.9813329383030163
0.008723965124858847	0.9813691319941193
0.008708179739784744	0.9814052201602503
0.00869243614728529	0.9814412032127131
0.008676734204174539	0.981477081560802
0.008661073767856603	0.9815128556118136
0.008645454696323206	0.9815485257710577
0.008629876848150416	0.9815840924418707
0.008614340082496227	0.9816195560256255
0.00859884425909771	0.981654916921744
0.008583389238268522	0.981690175527708
0.008567974880895952	0.9817253322390708
0.00855260104843836	0.9817603874494679
0.008537267602922324	0.9817953415506298
0.008521974406940488	0.9818301949323907
0.008506721323648032	0.9818649479827017
0.00849150821676121	0.9818996010876404
0.008476334950553513	0.9819341546314226
0.00846120138985409	0.9819686089964126
0.008446107400044438	0.982002964563134
0.008431052847056354	0.9820372217102804
0.008416037597290621	0.9820713808147266
0.008401061517930965	0.9821054422515377
0.008386124476462604	0.9821394063939812
0.008371226340991718	0.9821732736135366
0.008356366980161989	0.9822070442799048
0.008341546263152234	0.9822407187610201
0.00832676405967298	0.9822742974230595
0.008312020239965372	0.9823077806304527
0.0082973146747975	0.9823411687458916
0.00828264723546278	0.9823744621303421
0.008268017793828013	0.9824076611430517
0.008253426222124636	0.9824407661415612
0.008238872393259544	0.9824737774817136
0.008224356180601848	0.9825066955176633
0.008209877458033272	0.9825395206018871
0.008195436099946073	0.9825722530851927
0.00818103198124091	0.9826048933167286
0.008166664977323915	0.9826374416439935
0.008152334964104986	0.9826698984128455
0.008138041817995172	0.9827022639675115
0.008123785415904057	0.9827345386505969
0.008109565635238097	0.9827667228031187
0.008095382353897795	0.9827988167644158
0.008081235450289404	0.9828308208723083
0.008067124803269387	0.9828627354630051
0.008053050292218937	0.982894560871139
0.008039011796992125	0.9829262974297748
0.008025009197921104	0.9829579454704187
0.00801104237583053	0.9829895053230269
0.007997111211989415	0.9830209773160142
0.007983215588281365	0.9830523617762632
0.007969355386780126	0.9830836590291323
0.007955530490332836	0.983114869398464
0.007941740782090336	0.9831459932065942
0.00792798614570904	0.9831770307743608
0.007914266465309178	0.9832079824211105
0.007900581625482643	0.9832388484647092
0.007886931511270288	0.9832696292215485
0.007873316008196442	0.9833003250065551
0.007859735002185958	0.9833309361331937
0.007846188379673635	0.9833614629134932
0.00783267602750553	0.9833919056580295
0.007819197833045285	0.9834222646759485
0.0078057536840425365	0.983452540274972
0.007792343468712459	0.983482732761404
0.007778967075715249	0.983512842440135
0.007765624394153082	0.983542869614685
0.00775231531356929	0.9835728145871176
0.007739039723944907	0.9836026776581612
0.0077257975156980255	0.983632459127151
0.007712588579680782	0.9836621592920518
0.007699412807177958	0.9836917784494523
0.007686270089904801	0.9837213168946218
0.007673160320004855	0.9837507749214474
0.00766008339004865	0.9837801528224851
0.0076470391930309	0.9838094508889585
0.0076340276223693946	0.9838386694107645
0.007621048571902329	0.9838678086764813
0.007608101935887231	0.9838968689733748
0.007595187608997908	0.9839258505874077
0.007582305486323873	0.9839547538032438
0.007569455463367535	0.9839835789042575
0.007556637436042433	0.9840123261725398
0.007543851300671744	0.984040995888905
0.00753109695398627	0.9840695883328987
0.0075183742931222985	0.9840981037828035
0.007505683215620168	0.9841265425156467
0.007493023619422129	0.9841549048072068
0.007480395402870849	0.9841831909320202
0.007467798464707301	0.9842114011633882
0.00745523270406901	0.9842395357733835
0.007442698020488441	0.9842675950328567
0.007430194313891006	0.9842955792114431
0.007417721484593417	0.9843234885775693
0.007405279433301839	0.9843513233984599
0.007392868061110448	0.984379083940143
0.0073804872694988805	0.984406770467458
0.007368136960331303	0.9844343832440613
0.0073558170358544814	0.9844619225324326
0.0073435273986957985	0.9844893885938811
0.007331267951861962	0.9845167816885521
0.007319038598736847	0.9845441020754333
0.007306839243079777	0.9845713500123612
0.007294669789024743	0.9845985257560256
0.007282530141077042	0.9846256295619786
0.007270420226807921	0.984652661684638
0.0072583399053625436	0.984679622377295
0.007246289105777862	0.984706511892119
0.007234267734031551	0.9847333304801653
0.007222275696466054	0.9847600783913786
0.007210312899786065	0.9847867558746016
0.0071983792510564425	0.9848133631775783
0.007186474657701642	0.9848399005469619
0.007174599027503918	0.9848663682283192
0.007162752268601081	0.9848927664661371
0.00715093427461483	0.9849190955038278
0.007139144984595351	0.984945355583735
0.007127384292392201	0.9849715469471396
0.007115652107551721	0.9849976698342642
0.007103948339967816	0.98502372448428
0.007092272899881162	0.9850497111353115
0.00708062569787705	0.9850756300244431
0.007069006644884739	0.9851014813877228
0.00705741565217498	0.985127265460169
0.0070458526313591325	0.9851529824757759
0.007034317494386924	0.9851786326600696
0.007022810153546247	0.9852042162601399
0.007011330521460131	0.9852297334992529
0.0069998785110862655	0.9852551846073577
0.006988454035715445	0.9852805698134052
0.006977057008969314	0.985305889345354
0.006965687344799807	0.9853311434301746
0.006954344957487143	0.9853563322938552
0.0069430297616386635	0.9853814561614066
0.006931741672187459	0.985406515256867
0.0069204806043903205	0.9854315098033077
0.0069092464738267825	0.9854564400228382
0.006898039196397861	0.9854813061366097
0.006886858688324289	0.985506108364822
0.006875704866145119	0.9855308469267271
0.006864577646716453	0.9855555220406349
0.006853476947209916	0.9855801339239175
0.006842402685111763	0.9856046827930143
0.006831354778220319	0.9856291688634369
0.006820333144645851	0.9856535923497739
0.006809337702808517	0.9856779534656952
0.006798368371437241	0.9857022524239574
0.0067874250695684184	0.9857264894364077
0.006776507716543967	0.9857506647139894
0.0067656162320107955	0.9857747784667464
0.00675475053591915	0.9857988309038268
0.0067439105485207484	0.9858228222334893
0.006733096190368463	0.9858467526631057
0.006722307382084674	0.9858706223991673
0.006711544045274592	0.9858944316472881
0.006700806101395603	0.98591818061221
0.006690093471720024	0.9859418694978068
0.006679406078516649	0.9859654985070891
0.006668743844114322	0.9859890678422082
0.006658106691133468	0.9860125777044606
0.006647494542484222	0.9860360282942928
0.006636907284297192	0.9860594198113052
0.006626344933806116	0.9860827524542563
0.006615807317037879	0.9861060264210673
0.006605294419761765	0.9861292419088259
0.006594806145706602	0.986152399113791
0.00658434241950275	0.9861754982313972
0.006573903166061368	0.9861985394562575
0.006563488334417595	0.9862215229822394
0.006553097802887571	0.9862444490021883
0.0065427315205176554	0.9862673177082775
0.006532389413331725	0.9862901292920223
0.0065220714076283685	0.9863128839439244
0.006511777430028279	0.9863355818537591
0.006501507407284526	0.9863582232105107
0.006491261266562136	0.9863808082023751
0.006481038935250467	0.9864033370287061
0.006470840341008316	0.98642580985249
0.00646066541176316	0.9864482268712743
0.006450514075709663	0.9864705882701403
0.006440386261308289	0.9864928942334008
0.006430281897284843	0.9865151449446031
0.006420200912599263	0.9865373405865339
0.0064101432365627565	0.9865594813412225
0.006400108798659547	0.9865815673899452
0.006390097528664159	0.9866035989132276
0.006380109356609648	0.9866255760908504
0.006370144212787795	0.9866474991018516
0.00636020202774727	0.9866693681245305
0.006350282732292896	0.9866911833364517
0.006340386257483963	0.9867129449144341
0.006330512534634018	0.9867346530346116
0.006320661495309117	0.9867563078723515
0.006310833071326509	0.9867779096023152
0.0063010271947545795	0.9867994583984464
0.00629124379791068	0.986820954433976
0.006281482813360944	0.9868423978814247
0.006271744173918218	0.9868637889126074
0.006262027812642548	0.986885127698635
0.006252333662838109	0.9869064144099202
0.006242661658053866	0.986927649216179
0.006233011732081787	0.986948832286435
0.006223383818955848	0.9869699637890226
0.006213777852951032	0.9869910438915902
0.0062041937685822154	0.9870120727611044
0.006194631500603557	0.9870330505638518
0.006185090984007147	0.9870539774654438
0.0061755721540214	0.9870748536308194
0.006166074946111665	0.9870956792242478
0.006156599295977389	0.9871164544093329
0.006147145139525974	0.9871371793490155
0.006137712412977923	0.9871578542055771
0.006128301052704387	0.9871784791406429
0.006118910995334838	0.9871990543151853
0.006109542177728777	0.9872195798895265
0.00610019453697502	0.9872400560233417
0.006090868010389904	0.9872604828756631
0.006081562535517205	0.9872808606048821
0.0060722780501264294	0.9873011893687529
0.006063014492229678	0.9873214693243949
0.006053771800011477	0.9873417006282971
0.0060445499119319065	0.9873618834363194
0.0060353487666557	0.9873820179036968
0.006026168303068386	0.9874021041850432
0.00601700846027695	0.9874221424343517
0.006007869177607088	0.9874421328050004
0.005998750394603407	0.9874620754497537
0.0059896520510282075	0.987481970520766
0.005980574086860465	0.9875018181695921
0.005971516442294861	0.9875216185471585
0.005962479057741084	0.9875413718038143
0.005953461873823097	0.9875610780893017
0.005944464831377326	0.987580737552768
0.005935487871453156	0.9876003503427663
0.005926530935316449	0.9876199166072607
0.005917593964426036	0.9876394364936273
0.005908676900468942	0.9876589101486579
0.005899779685333926	0.9876783377185632
0.005890902261118038	0.9876977193489742
0.005882044570124955	0.9877170551849462
0.005873206554864688	0.9877363453709611
0.005864388158052478	0.9877555900509295
0.005855589322607553	0.9877747893681951
0.005846809991649536	0.9877939434655354
0.005838050108511503	0.9878130524851656
0.005829309616716567	0.9878321165687413
0.005820588459993453	0.9878511358573601
0.005811886582270562	0.9878701104915656
0.005803203927675825	0.9878890406113489
0.005794540440535138	0.9879079263561521
0.005785896065372673	0.9879267678648702
0.005777270746909015	0.987945565275854
0.005768664430060906	0.9879643187269108
0.0057600770599402756	0.9879830283553142
0.005751508581853263	0.9880016942977955
0.005742958941299509	0.9880203166905543
0.005734428083972044	0.9880388956692578
0.005725915955754965	0.9880574313690451
0.005717422502724213	0.9880759239245278
0.005708947671524362	0.9880943734697937
0.005700491407475222	0.9881127801384093
0.005692053658357049	0.9881311440634213
0.005683634370623896	0.9881494653773596
0.005675233491295353	0.9881677442122401
0.005666850967577615	0.9881859806995662
0.005658486746862475	0.9882041749703324
0.005650140776485869	0.9882223271550249
0.005641813004940556	0.9882404373836262
0.005633503379430848	0.9882585057856149
0.005625211848333018	0.9882765324899709
0.005616938359956123	0.9882945176251752
0.005608682862790579	0.9883124613192131
0.005600445305506686	0.9883303636995775
0.005592225636949501	0.9883482248931509
0.005584023806158721	0.988366045026802
0.00557583328933236	0.9883838242262014
0.005567673454867214	0.9884015626170093
0.005559524833313167	0.988419260324286
0.005551393847411698	0.9884369174726116
0.005543280447075531	0.9884545341860869
0.005535184582383996	0.9884721105883436
0.005527110354368105	0.9884896468025338
0.005519045261194828	0.9885071429513409
0.005511001705730386	0.9885245991569792
0.005502975488000308	0.9885420155411966
0.005494966558954389	0.9885593922252764
0.005486974869712504	0.9885767293300398
0.005479000371569898	0.9885940290088121
0.005471043015974584	0.9886112852826008
0.005463102754558721	0.9886285043697475
0.005455179539116955	0.9886456843562795
0.0054472733216107015	0.9886628253607374
0.005439384054167451	0.988679927501212
0.005431511689080591	0.988696990895346
0.005423656178808054	0.9887140156603369
0.005415817475972273	0.9887310019129403
0.0054079955333591325	0.9887479497694629
0.0054001903039171606	0.9887648593457794
0.005392401740757312	0.988781730757324
0.005384629797152078	0.9887985641190954
0.005376874426534938	0.9888153595456585
0.005369135582499309	0.9888321171511465
0.005361413218798656	0.9888488370492624
0.005353707289345265	0.9888655193532817
0.005346017748209343	0.9888821641760542
0.00533834454961932	0.9888987716300052
0.0053306876479603605	0.988915341827138
0.005323046997774181	0.988931874879036
0.005315422553758081	0.988948370896864
0.005307814270764866	0.9889648299913705
0.005300222103801537	0.9889812522728892
0.005292646008029073	0.988997637851342
0.0052850859387617985	0.9890139868362388
0.005277541851466767	0.9890302993366814
0.005270013701762764	0.9890465754613641
0.005262501445420575	0.9890628153185758
0.005255005038361423	0.989079019016202
0.005247524436656611	0.989095186661727
0.005240059596527635	0.9891113183622343
0.005232610474344451	0.9891274142244101
0.0052251770266257295	0.9891434743545438
0.005217759210037896	0.9891594988585304
0.005210356981394836	0.9891754878418718
0.005202970297656761	0.9891914414096796
0.005195599115930058	0.9892073596666756
0.00518824339346667	0.9892232427171939
0.005180903087663525	0.9892390906651828
0.005173578156061671	0.9892549036142068
0.005166268556345953	0.9892706816674477
0.005158974246344459	0.9892864249277068
0.005151695184027942	0.9893021334974059
0.00514443132750884	0.9893178074785902
0.005137182635041614	0.9893334469729284
0.00512994906502138	0.9893490520817154
0.00512273057598329	0.9893646229058741
0.005115527126602745	0.9893801595459564
0.005108338675694038	0.9893956621021451
0.005101165182210367	0.9894111306742557
0.005094006605242944	0.9894265653617376
0.005086862904020697	0.989441966263676
0.005079734037909432	0.9894573334787935
0.005072619966411398	0.9894726671054521
0.0050655206491648916	0.9894879672416539
0.00505843604594378	0.9895032339850429
0.005051366116656254	0.9895184674329076
0.005044310821345752	0.9895336676821808
0.005037270120188602	0.9895488348294429
0.005030243973494779	0.9895639689709224
0.005023232341707222	0.9895790702024976
0.0050162351854006835	0.9895941386196984
0.00500925246528191	0.9896091743177076
0.005002284142188817	0.9896241773913622
0.004995330177089639	0.989639147935156
0.004988390531083266	0.9896540860432393
0.004981465165397921	0.989668991809422
0.004974554041391003	0.9896838653271742
0.004967657105279899	0.9896987066896283
0.004960774348768787	0.9897135159895796
0.004953905718782488	0.9897282933194885
0.0049470511771913936	0.989743038771482
0.004940210685992835	0.9897577524373542
0.0049333842073100405	0.9897724344085692
0.004926571713216021	0.9897870847762614
0.004919773146720105	0.9898017036312373
0.00491298847985916	0.9898162910639767
0.004906217675501232	0.9898308471646347
0.004899460695654693	0.9898453720230423
0.004892717503926545	0.9898598657287088
0.004885988063063086	0.9898743283756376
0.004879272336178129	0.9898887600432021
0.004872570286508184	0.9899031608246303
0.004865881877410572	0.9899175308081551
0.0048592070722028	0.9899318700816944
0.0048525458349656875	0.9899461787328517
0.0048458981289356915	0.9899604568489179
0.004839263918111449	0.9899747045168723
0.004832643166450034	0.9899889218233846
0.004826035838027051	0.9900031088548149
0.004819441897036015	0.990017265697217
0.004812861307788142	0.9900313924362575
0.004806294034711689	0.9900454891576196
0.004799740042351835	0.9900595559462014
0.004793199295369912	0.9900735928869198
0.004786671758542929	0.9900876000643106
0.004780157396763424	0.99010157756261
0.004773656175038719	0.9901155254657558
0.004767168058490491	0.9901294438573888
0.004760693012354813	0.9901433328208538
0.004754231001980952	0.9901571924392012
0.004747781992831457	0.9901710227951883
0.004741345950481798	0.9901848239712797
0.004734922840619328	0.99019859604965
0.004728512629043447	0.9902123391121835
0.004722115281664892	0.9902260532404769
0.004715730764505674	0.9902397385158387
0.004709359043697762	0.9902533950192925
0.00470300008548397	0.9902670228315765
0.004696653856216241	0.9902806220331459
0.0046903203223562905	0.990294192704173
0.0046839994504742615	0.9903077349245494
0.004677691207248721	0.9903212487738869
0.004671395559467014	0.9903347343315179
0.004665112474023129	0.9903481916764978
0.0046588419179190285	0.9903616208876052
0.0046525838582628844	0.9903750220433437
0.004646338262269857	0.9903883952219424
0.004640105097260745	0.9904017405013579
0.0046338843306617345	0.9904150579592749
0.004627675930004678	0.990428347673107
0.00462147986292593	0.9904416097199986
0.004615296097166175	0.9904548441768258
0.004609124600570374	0.9904680511201971
0.004602965341086577	0.9904812306264551
0.0045968182867666	0.990494382771677
0.004590683405764809	0.9905075076316762
0.004584560666337649	0.9905206052820034
0.004578450036844226	0.9905336757979473
0.0045723514857447444	0.9905467192545361
0.004566264981601148	0.990559735726538
0.00456019049307563	0.9905727252884635
0.0045541279889314236	0.9905856880145648
0.004548077438031642	0.990598623978838
0.004542038809339167	0.9906115332550243
0.004536012071916207	0.9906244159166099
0.0045299971949237655	0.9906372720368285
0.004523994147621861	0.9906501016886613
0.004518002899368297	0.9906629049448386
0.004512023419618931	0.9906756818778402
0.004506055677927224	0.9906884325598974
0.004500099643943692	0.9907011570629929
0.004494155287415424	0.9907138554588631
0.004488222578185989	0.9907265278189981
0.004482301486195247	0.9907391742146426
0.004476391981478137	0.9907517947167984
0.004470494034165568	0.9907643893962232
0.0044646076144829955	0.9907769583234335
0.004458732692750498	0.9907895015687048
0.004452869239382638	0.9908020192020721
0.004447017224887463	0.9908145112933322
0.004441176619866831	0.9908269779120433
0.00443534739501569	0.9908394191275268
0.004429529521121997	0.990851835008868
0.004423722969065747	0.9908642256249173
0.004417927709819629	0.9908765910442906
0.0044121437144477435	0.9908889313353711
0.004406370954105839	0.9909012465663092
0.004400609400040441	0.9909135368050248
0.004394859023589405	0.9909258021192066
0.004389119796180574	0.9909380425763143
0.004383391689332028	0.9909502582435795
0.004377674674651467	0.990962449188006
0.004371968723836291	0.9909746154763708
0.004366273808672742	0.9909867571752252
0.004360589901036038	0.9909988743508961
0.004354916972889454	0.9910109670694864
0.004349254996284852	0.991023035396876
0.0043436039433615	0.9910350793987226
0.004337963786346211	0.9910470991404631
0.004332334497553068	0.9910590946873138
0.0043267160493826486	0.9910710661042721
0.004321108414322372	0.9910830134561164
0.004315511564945499	0.9910949368074078
0.004309925473911414	0.9911068362224905
0.004304350113964607	0.9911187117654935
0.004298785457935285	0.9911305635003298
0.004293231478738075	0.9911423914906993
0.004287688149372669	0.9911541958000876
0.00428215544292242	0.9911659764917692
0.004276633332555195	0.9911777336288058
0.004271121791522179	0.9911894672740493
0.004265620793157983	0.9912011774901415
0.004260130310880308	0.9912128643395149
0.004254650318189425	0.9912245278843944
0.004249180788668137	0.9912361681867972
0.0042437216959812524	0.9912477853085341
0.004238273013142521	0.9912593793112102
0.0042328347154434	0.9912709502562258
0.004227406776801889	0.9912824982047771
0.004221989169733613	0.9912940232178573
0.004216581869045343	0.9913055253562569
0.004211184848888528	0.991317004680565
0.004205798083494401	0.9913284612511699
0.004200421547646061	0.9913398951282598
0.004195055214791416	0.9913513063718239
0.004189699059395163	0.9913626950416423
0.004184353056954922	0.9913740611973394
0.004179017181624109	0.99138540489828
0.0041736914081080935	0.9913967262036748
0.004168375711189999	0.9914080251725288
0.00416307006573116	0.9914193018638832
0.004157774446669895	0.9914305563356616
0.004152488829021887	0.991441788646981
0.004147212266480749	0.9914529988558417
0.004141947498412493	0.9914641870202836
0.004136691735865616	0.9914753531981563
0.00413144587556047	0.9914864974471191
0.0041262098928943345	0.9914976198246425
0.004120983763340021	0.9915087203880079
0.004115767462445322	0.9915197991943097
0.0041105609658330135	0.9915308563004549
0.004105364249200662	0.9915418917631645
0.0041001772883202435	0.991552905638974
0.004095000059037554	0.9915638979842342
0.004089832537272724	0.9915748691360645
0.0040846746990191455	0.991585818307589
0.004079526520343465	0.9915967463974679
0.0040743879773856885	0.9916076531803668
0.004069259046358364	0.9916185387117236
0.004064139703546614	0.9916294030467954
0.004059029925307884	0.9916402462406596
0.00405392968807174	0.9916510683482147
0.0040488389683392325	0.9916618694241807
0.004043757742683043	0.9916726495231001
0.0040386859877470606	0.9916834086993382
0.004033623680246247	0.9916941470070844
0.004028570796966162	0.991704864500352
0.004023527314762815	0.99171556123298
0.004018493210562504	0.9917262372586325
0.0040134684613614205	0.9917368926308008
0.004008453044225648	0.9917475274028025
0.004003446936290483	0.9917581416277838
0.003998450114760535	0.9917687353587187
0.003993462556909429	0.9917793086484107
0.003988484240079297	0.9917898615494933
0.003983515141681038	0.9918003941144299
0.003978555239193597	0.9918109063955154
0.003973604510164031	0.991821398444876
0.003968662932206759	0.9918318703144713
0.003963730483004228	0.9918423220560927
0.003958807140305699	0.9918527537213663
0.003953892881927678	0.991863165361752
0.003948987685753538	0.9918735570285447
0.003944091529732801	0.9918839287728753
0.0039392043918816694	0.9918942806457106
0.003934326250282209	0.9919046126978545
0.003929457083082447	0.9919149249799482
0.003924596868495714	0.9919252175424711
0.00391974558480114	0.9919354904357414
0.003914903210342644	0.9919457437099167
0.003910069723529291	0.9919559774149943
0.0039052451028344245	0.9919661916008128
0.0039004293267962506	0.9919763863170511
0.003895622374017003	0.9919865616132306
0.0038908242231629046	0.9919967175387148
0.003886034852963765	0.9920068541427104
0.0038812542422132835	0.9920169714742676
0.003876482369768135	0.9920270695822808
0.0038717192145482147	0.9920371485154895
0.0038669647555363853	0.9920472083224781
0.0038622189717779022	0.9920572490516774
0.0038574818423805068	0.9920672707513647
0.003852753346514229	0.9920772734696646
0.003848033463411043	0.9920872572545488
0.0038433221723646266	0.9920972221538383
0.0038386194527302775	0.9921071682152023
0.003833925283924465	0.9921170954861596
0.0038292396453797964	0.9921270040140793
0.0038245625167232723	0.9921368938461809
0.0038198938775106306	0.9921467650295349
0.003815233707401757	0.9921566176110642
0.003810581986116711	0.9921664516375431
0.0038059386934350867	0.9921762671555999
0.003801303809226959	0.9921860642117151
0.0037966773133331706	0.9921958428522237
0.003792059185741046	0.9922056031233156
0.0037874494064689943	0.9922153450710349
0.003782847955593531	0.9922250687412826
0.003778254813250923	0.9922347741798144
0.0037736699596352162	0.9922444614319547
0.003769093374999506	0.992254130543744
0.00376452503965461	0.9922637815602293
0.003759964933969473	0.9922734145265971
0.00375541303837074	0.9922830294878925
0.003750869333342707	0.9922926264890203
0.003746333799426899	0.9923022055747449
0.0037418064172222254	0.9923117667896915
0.0037372871673846324	0.9923213101783458
0.0037327760306263835	0.9923308357850553
0.003728272987716364	0.9923403436540298
0.003723778019480532	0.9923498338293407
0.0037192911068002306	0.9923593063549232
0.0037148122306131155	0.9923687612745756
0.00371034137191261	0.9923781986319606
0.0037058785117479137	0.992387618470605
0.003701423631223113	0.9923970208339011
0.0036969767114980972	0.9924064057651065
0.0036925377337872056	0.9924157733073452
0.003688106679360223	0.9924251235036068
0.0036836835295410734	0.9924344563967492
0.0036792682657084312	0.992443772029497
0.0036748608692949627	0.9924530704444429
0.003670461321787614	0.9924623516840488
0.003666069604936591	0.9924716157906445
0.0036616856999058525	0.9924808628064304
0.003657309588564582	0.9924900927734762
0.003652941252613906	0.9924993057337224
0.003648580673808124	0.9925085017289802
0.0036442278338045062	0.9925176808009323
0.003639882714637999	0.9925268429911331
0.0036355452983429094	0.9925359883410098
0.003631215566738411	0.9925451168918622
0.003626893501842226	0.9925542286848634
0.0036225790857240888	0.9925633237610603
0.0036182723004999653	0.9925724021613739
0.0036139731283288713	0.9925814639266001
0.003609681551453564	0.9925905090973446
0.0036053975521502892	0.9925995377142881
0.0036011211127459698	0.9926085498177847
0.003596852215687727	0.992617545448133
0.0035925908432777923	0.9926265246455599
0.003588336978054123	0.9926354874500148
0.0035840906025471084	0.9926444339014829
0.00357985169933674	0.9926533640401448
0.0035756202510540008	0.9926622779049588
0.0035713962403793186	0.9926711755358206
0.003567179650042668	0.9926800569722075
0.0035629704628242355	0.9926889222534465
0.003558768661995082	0.9926977714187459
0.0035545742295829737	0.9927066045071942
0.0035503871489257774	0.9927154215577624
0.003546207403000527	0.9927242226093023
0.003542034974832319	0.9927330077005484
0.0035378698472096756	0.9927417768701181
0.003533712003805721	0.9927505301565114
0.003529561427525614	0.9927592675981122
0.0035254181015885997	0.992767989233188
0.00352128200926106	0.9927766950998917
0.003517153133858013	0.9927853852364447
0.0035130314587418815	0.992794059680469
0.0035089169673223073	0.992802718469893
0.00350480964305622	0.992811361642411
0.0035007094694482544	0.9928199892356034
0.0034966164300494268	0.9928286012869377
0.0034925305084579123	0.9928371978337689
0.0034884516883183472	0.9928457789133395
0.003484379953322329	0.9928543445627799
0.003480315287206964	0.9928628948191097
0.0034762576737565653	0.9928714297192366
0.0034722070968007763	0.9928799492999582
0.003468163540215249	0.9928884535979617
0.003464126987921809	0.9928969426479591
0.003460097423887314	0.9929054164899762
0.0034560748321243793	0.9929138751586682
0.0034520591966909642	0.9929223186902868
0.0034480505016896363	0.9929307471209724
0.0034440487312686037	0.992939160486758
0.0034400538696202285	0.9929475588235698
0.0034360659009822986	0.9929559421672318
0.0034320848096365264	0.9929643105534447
0.0034281105799092255	0.9929726640178194
0.0034241431961707924	0.9929810025958552
0.003420182642836024	0.992989326322946
0.0034162289043632283	0.9929976352343802
0.003412281965254973	0.9930059293653339
0.0034083418100568376	0.9930142087509013
0.0034044084233584844	0.9930224734260518
0.0034004817897926227	0.9930307234256524
0.0033965618940351642	0.9930389587844535
0.003392648720805036	0.9930471795371522
0.0033887422548643216	0.993055385718332
0.003384842481017574	0.9930635773623916
0.0033809493841122085	0.9930717545037161
0.003377062949038054	0.9930799171765615
0.003373183160727062	0.9930880654150832
0.00336931000415387	0.9930961992533354
0.0033654434643346372	0.9931043187252716
0.003361583526327772	0.9931124238647457
0.0033577301752332903	0.9931205147055115
0.0033538833961930465	0.9931285912812234
0.0033500431743902167	0.9931366536254368
0.0033462094950496156	0.993144701771608
0.003342382343436677	0.9931527357530957
0.0033385617048587806	0.9931607556031595
0.0033347475646960476	0.9931687613549627
0.0033309399082725255	0.9931767530415697
0.0033271387210496487	0.993184730695949
0.0033233439884973503	0.9931926943509722
0.0033195556961265983	0.9932006440394143
0.003315773829487222	0.9932085797939547
0.003311998374116765	0.993216501647177
0.0033082293157539982	0.9932244096315692
0.0033044666400150508	0.993232303779525
0.0033007103326111813	0.9932401841233428
0.0032969603792916196	0.9932480506952269
0.003293216765867785	0.993255903527288
0.0032894794781259287	0.9932637426515427
0.0032857485019554718	0.9932715680999143
0.0032820238232640093	0.9932793799042335
0.003278305427997233	0.993287178096238
0.003274593302140725	0.9932949627075731
0.003270887431718137	0.9933027337697923
0.003267187802791699	0.9933104913143578
0.003263494401462659	0.9933182353726392
0.003259807213870103	0.993325965975916
0.003256126226191357	0.9933336831553772
0.0032524514246422983	0.9933413869421203
0.0032487827954759637	0.9933490773671539
0.003245120324984083	0.9933567544613958
0.003241463999495333	0.9933644182556752
0.0032378138053767713	0.9933720687807311
0.003234169729032255	0.9933797060672147
0.00323053175690338	0.9933873301456879
0.0032268998754687093	0.9933949410466247
0.003223274071244182	0.9934025388004112
0.0032196543307824767	0.9934101234373455
0.0032160406406735184	0.9934176949876385
0.003212432987543255	0.9934252534814146
0.003208831358055093	0.9934327989487107
0.003205235738908478	0.9934403314194776
0.003201646116839148	0.9934478509235801
0.003198062478619331	0.9934553574907972
0.003194484811057464	0.9934628511508219
0.0031909131009978096	0.9934703319332625
0.0031873473353208536	0.993477799867642
0.0031837875009422794	0.9934852549833934
0.0031802335848143013	0.9934926973098802
0.0031766855739237443	0.9935001268763687
0.0031731434553253393	0.9935075437120446
0.003169607216015561	0.9935149478460111
0.003166076843117706	0.9935223393072874
0.003162552350149225	0.9935297181248103
0.003159033645106183	0.9935370843274335
0.0031555207943542636	0.9935444379439291
0.0031520137587173085	0.9935517790029861
0.003148512525502378	0.9935591075332126
0.0031450170649314703	0.9935664235631346
0.0031415274155252907	0.9935737271211973
0.0031380435134707708	0.9935810182357644
0.0031345653632345286	0.9935882969351199
0.003131092952255993	0.9935955632474561
0.0031276262680085113	0.9936028171925491
0.003124165297999519	0.9936100588235315
0.0031207100297695697	0.9936172881432679
0.003117260450893875	0.9936245051880083
0.003113816548980415	0.9936317099855578
0.003110378311670881	0.9936389025636428
0.0031069457266403597	0.9936460829499113
0.0031035187815970566	0.9936532511719323
0.003100097464282491	0.9936604072571975
0.003096681762471134	0.9936675512331207
0.0030932716639700984	0.9936746831270384
0.0030898671566197415	0.9936818029662097
0.0030864682282927196	0.993688910777817
0.0030830748668948024	0.9936960065889657
0.0030796870603637255	0.9937030904266853
0.0030763047966699715	0.9937101623179283
0.003072928063816022	0.9937172222896654
0.0030695568498370247	0.9937242703685162
0.003066191142799512	0.9937313065812958
0.0030628309308026883	0.9937383309546552
0.003059476201977075	0.9937453435151709
0.003056126944485487	0.993752344289344
0.003052783146522102	0.9937593333036021
0.0030494447963126197	0.9937663105843155
0.0030461118821144737	0.9937732761577289
0.0030427843922162683	0.993780230050065
0.003039462314938087	0.9937871722874415
0.0030361456386308484	0.9937941028959474
0.0030328343516769054	0.9938010219015536
0.003029528442489306	0.9938079293301885
0.0030262278995122935	0.9938148252076644
0.003022932711220693	0.993821709559765
0.0030196428661198997	0.9938285824121879
0.0030163583527462036	0.9938354437905579
0.0030130791596661433	0.99384229372043
0.003009805275476872	0.9938491322272711
0.0030065366888054573	0.9938559593365375
0.003003273388309727	0.9938627750735287
0.0030000153626771227	0.993869579463529
0.002996762600625078	0.993876372531739
0.002993515090901577	0.9938831543032891
0.0029902728222839393	0.9938899248032402
0.0029870357835792296	0.9938966840565837
0.002983803963624008	0.9939034320882418
0.0029805773512847525	0.9939101689230675
0.002977355935457361	0.9939168945856326
0.0029741397050667222	0.9939236091010852
0.0029709286490670708	0.9939303124938424
0.0029677227564423635	0.993937004788493
0.00296452201620502	0.9939436860095481
0.0029613264173966466	0.9939503561814513
0.0029581359490879525	0.993957015328578
0.002954950600377927	0.9939636634752376
0.00295177036039487	0.9939703006456713
0.0029485952182954677	0.9939769268640536
0.002945425163264921	0.9939835421544929
0.0029422601845166137	0.9939901465410315
0.0029391002712930766	0.9939967400476444
0.0029359454128642525	0.9940033226982417
0.002932795598528955	0.9940098945166671
0.002929650817613323	0.9940164555266996
0.0029265110594722307	0.9940230057520524
0.0029233763134882767	0.9940295452163732
0.0029202465690714038	0.994036073943246
0.002917121815654255	0.9940425919561889
0.002914002042720116	0.9940490992786566
0.0029108872397444765	0.9940555959340388
0.0029077773962541778	0.994062081945658
0.0029046725017974496	0.9940685573367843
0.0029015725459497423	0.9940750221306126
0.002898477518314058	0.9940814763502774
0.0028953874085199008	0.9940879200188517
0.0028923022062246327	0.9940943531593441
0.002889221901112024	0.9941007757947015
0.0028861464828929544	0.9941071879478074
0.0028830759413050275	0.9941135896414834
0.0028800102661127366	0.9941199808984891
0.002876949447106925	0.9941263617415219
0.0028738934741053754	0.9941327321932174
0.002870842336952354	0.9941390922761497
0.0028677960255181103	0.994145442012832
0.002864754529699227	0.9941517814257158
0.0028617178394191455	0.9941581105371919
0.002858685944626843	0.9941644293695913
0.002855658835297645	0.9941707379451818
0.0028526365014327794	0.9941770362861735
0.0028496189330593975	0.9941833244147155
0.002846606120230745	0.9941896023528967
0.0028435980530251963	0.9941958701227468
0.002840594721547474	0.9942021277462354
0.002837596115927505	0.9942083752452728
0.0028346022263208807	0.9942146126417105
0.0028316130429085194	0.9942208399573408
0.0028286285558967697	0.9942270572138971
0.0028256487555173705	0.9942332644330544
0.002822673632027031	0.9942394616364292
0.0028197031757079094	0.9942456488455805
0.002816737376866741	0.9942518260820069
0.0028137762258357603	0.9942579933671514
0.0028108197129717164	0.9942641507223992
0.002807867828656383	0.9942702981690772
0.0028049205632961803	0.9942764357284555
0.002801977907322128	0.994282563421747
0.0027990398511900413	0.9942886812701077
0.002796106385380155	0.9942947892946368
0.0027931775003972384	0.9943008875163768
0.0027902531867700334	0.9943069759563146
0.002787333435052192	0.9943130546353794
0.002784418297199415	0.9943191235744461
0.00278150757967851	0.9943251827943328
0.002778601457250114	0.9943312323158018
0.0027756998591857126	0.9943372721595608
0.0027728027761590485	0.9943433023462613
0.002769910198867755	0.9943493228965002
0.002767022118032864	0.9943553338308195
0.0027641385243997035	0.994361335169706
0.002761259408736904	0.9943673269335923
0.0027583847618364546	0.9943733091428566
0.002755514574514319	0.9943792818178224
0.002752648837609759	0.9943852449787598
0.002749787541984965	0.9943911986458845
0.0027469306785258543	0.9943971428393589
0.002744078238141473	0.9944030775792913
0.0027412302117637384	0.9944090028857373
0.002738386590348182	0.9944149187786985
0.0027355473648727085	0.9944208252781241
0.002732712526338233	0.9944267224039106
0.0027298820657693165	0.9944326101759008
0.0027270559742125625	0.9944384886138857
0.0027242342427370413	0.9944443577376042
0.0027214168624351857	0.9944502175667425
0.002718603824421885	0.9944560681209345
0.0027157951198340186	0.9944619094197631
0.0027129907398315044	0.9944677414827578
0.002710190675596388	0.9944735643293998
0.0027073949183329957	0.994479377979116
0.002704603459267974	0.9944851824512828
0.0027018162896500454	0.9944909777652259
0.0026990334007501635	0.9944967639402199
0.0026962547838614843	0.9945025409954885
0.002693480430298714	0.9945083089502055
0.002690710331398745	0.9945140678234934
0.0026879444785203586	0.994519817634425
0.002685182863043951	0.994525558402023
0.002682425476371763	0.99453129014526
0.002679672309927555	0.9945370128830587
0.0026769233551568157	0.9945427266342927
0.002674178603526555	0.9945484314177855
0.0026714380465251756	0.9945541272523116
0.002668701675662336	0.9945598141565967
0.0026659694824694097	0.9945654921493166
0.002663241458498575	0.9945711612490991
0.0026605175953235043	0.9945768214745229
0.0026577978845388765	0.9945824728441183
0.0026550823177606767	0.9945881153763673
0.0026523708866254656	0.9945937490897032
0.0026496635827912025	0.9945993740025117
0.002646960397936668	0.9946049901331305
0.0026442613237611223	0.9946105974998495
0.0026415663519846165	0.9946161961209108
0.002638875474348546	0.994621786014509
0.0026361886826142605	0.9946273671987916
0.0026335059685638927	0.9946329396918588
0.002630827324000072	0.9946385035117639
0.0026281527407462815	0.9946440586765126
0.002625482210645537	0.9946496052040652
0.0026228157255621114	0.9946551431123339
0.002620153277379772	0.9946606724191858
0.002617494858003248	0.9946661931424403
0.002614840459356764	0.994671705299872
0.002612190073384996	0.9946772089092085
0.002609543692052533	0.994682703988132
0.002606901307343949	0.9946881905542788
0.0026042629112640325	0.9946936686252394
0.002601628495836724	0.9946991382185596
0.0025989980570428886	0.9947045993517387
0.0025963715789915813	0.9947100520422321
0.0025937490540128482	0.9947154963074489
0.002591130481835532	0.9947209321647547
0.002588515850728921	0.9947263596314688
0.0025859051528348575	0.9947317787248673
0.0025832983811977703	0.994737189462181
0.0025806955262084124	0.99474259186368
0.0025780965834368967	0.994747985937256
0.002575501540127309	0.9947533717092584
0.002572910391033275	0.9947587491936578
0.0025703231284129944	0.9947641184074649
0.0025677397422923963	0.9947694793676468
0.002565160229522059	0.994774832091127
0.002562584580113904	0.9947801765947856
0.0025600127864021023	0.9947855128954592
0.002557444840739967	0.9947908410099414
0.002554880735499102	0.9947961609549834
0.0025523204630704837	0.9948014727461828
0.0025497640158634585	0.9948067764024499
0.0025472113863059	0.9948120719392717
0.002544662566844802	0.9948173593732282
0.002542117549945473	0.9948226387208569
0.0025395763280913054	0.9948279099986536
0.0025370388937846398	0.9948331732230716
0.002534505239546365	0.9948384284105221
0.0025319753579149066	0.9948436755773751
0.0025294492414479315	0.9948489147399582
0.002526926882720734	0.994854145914558
0.002524408274326727	0.9948593691174193
0.0025218934088778035	0.9948645843647459
0.0025193823855084547	0.9948697916727
0.0025168749790711476	0.9948749910574031
0.0025143712937231526	0.9948801825349355
0.0025118713221400617	0.9948853661213369
0.0025093750570165654	0.9948905418326065
0.002506882418028763	0.9948957096847024
0.002504393547254589	0.9949008696935424
0.002501908360993382	0.9949060218750044
0.0024994268520165215	0.9949111662449259
0.002496949013113124	0.9949163028191039
0.0024944748370893813	0.9949214316132963
0.0024920043167696465	0.9949265526432203
0.002489537444995503	0.9949316659245538
0.002487074214625834	0.9949367714399882
0.0024846146185373463	0.9949418692725057
0.002482158649623597	0.9949469594031668
0.002479706300795786	0.9949520418474939
0.002477257564982033	0.9949571166209705
0.0024748124351281348	0.9949621837390409
0.00247237090419632	0.9949672432171109
0.0024699329651665354	0.994972295070547
0.002467498611035657	0.9949773393146768
0.0024650678348171976	0.9949823759647901
0.0024626406295417285	0.9949874050361376
0.002460216988257142	0.9949924265439316
0.002457796904027619	0.9949974405033467
0.0024553803699344135	0.9950024469295184
0.0024529673790752824	0.9950074458375455
0.0024505579245649575	0.995012437242488
0.0024481519995346165	0.9950174211593682
0.0024457495971321867	0.9950223976031709
0.0024433507105217733	0.9950273665888438
0.0024409553328845163	0.9950323281312963
0.002438563457417847	0.9950372822454009
0.002436175077334949	0.9950422289459931
0.002433790185865857	0.9950471682478711
0.0024314087762575456	0.9950521001657959
0.0024290308417721307	0.9950570247144923
0.0024266563756886483	0.9950619419086475
0.002424285371301749	0.9950668517629127
0.0024219178219231836	0.9950717542919023
0.002419553720879413	0.9950766495101944
0.002417193061513843	0.9950815374323304
0.0024148358371856664	0.9950864180728163
0.002412482041270009	0.9950912914461209
0.00241013166715746	0.9950961575666784
0.002407784708255129	0.9951010164488857
0.0024054411579856297	0.995105868107105
0.002403101009787082	0.9951107125556621
0.0024007642571135888	0.995115549808848
0.0023984308934347017	0.9951203798809177
0.00239610091223599	0.9951252027860906
0.002393774307017975	0.9951300185385518
0.0023914510712971407	0.9951348271524505
0.0023891311986052734	0.9951396286419013
0.0023868146824898716	0.9951444230209833
0.0023845015165133276	0.9951492103037415
0.0023821916942536616	0.995153990504186
0.0023798852093042918	0.995158763636292
0.0023775820552736273	0.9951635297140001
0.002375282225785578	0.9951682887512173
0.0023729857144790195	0.9951730407618153
0.002370692515007843	0.9951777857596327
0.0023684026210412782	0.9951825237584728
0.0023661160262612876	0.9951872547721056
0.002363832724371612	0.9951919788142674
0.002361552709083789	0.9951966958986602
0.002359275974127219	0.9952014060389526
0.0023570025132472715	0.9952061092487795
0.0023547323201995435	0.9952108055417425
0.0023524653887591093	0.9952154949314093
0.002350201712714044	0.9952201774313152
0.002347941285869849	0.9952248530549613
0.002345684102039294	0.9952295218158165
0.0023434301550567587	0.9952341837273164
0.0023411794387697554	0.9952388388028628
0.002338931947039007	0.995243487055826
0.0023366876737389557	0.995248128499543
0.002334446612763065	0.9952527631473184
0.00233220875801435	0.9952573910124242
0.0023299741034119186	0.9952620121080995
0.002327742642888992	0.995266626447552
0.0023255143703935378	0.9952712340439566
0.002323289279887326	0.9952758349104559
0.0023210673653466084	0.995280429060161
0.002318848620761565	0.9952850165061508
0.002316633040136758	0.9952895972614721
0.002314420617490648	0.9952941713391404
0.002312211346854546	0.9952987387521391
0.0023100052222775887	0.9953032995134202
0.002307802237819023	0.9953078536359047
0.002305602387553615	0.9953124011324812
0.0023034056655695527	0.9953169420160078
0.002301212065970079	0.9953214762993112
0.0022990215828694455	0.9953260039951871
0.002296834210398196	0.9953305251163997
0.0022946499427002895	0.9953350396756829
0.0022924687739328967	0.9953395476857398
0.0022902906982671146	0.9953440491592415
0.002288115709887244	0.9953485441088297
0.0022859438029913725	0.9953530325471155
0.0022837749717914183	0.9953575144866788
0.002281609210512542	0.9953619899400697
0.002279446418400363	0.9953664589198078
0.0022772868746863237	0.9953709214383824
0.0022751302886567346	0.9953753775082527
0.0022729767495832938	0.995379827141848
0.002270826251758562	0.9953842703515674
0.0022686787894877795	0.9953887071497804
0.002266534357089839	0.9953931375488266
0.0022643929488967546	0.9953975615610158
0.002262254559253537	0.9954019791986282
0.0022601191825185308	0.9954063904739148
0.002257986813063099	0.9954107953990966
0.002255857445271871	0.9954151939863657
0.0022537310735420047	0.9954195862478848
0.002251607692284253	0.9954239721957875
0.002249487295921941	0.9954283518421778
0.0022473698788913117	0.9954327251991316
0.002245255435641875	0.995437092278695
0.0022431439606355815	0.9954414530928857
0.0022410354483473737	0.9954458076536924
0.0022389298932650225	0.9954501559730752
0.0022368272898888224	0.9954544980629659
0.002234727632732066	0.9954588339352672
0.002232630916320427	0.995463163601854
0.0022305371351925333	0.9954674870745722
0.002228446283899443	0.9954718043652399
0.0022263583570047048	0.9954761154856467
0.002224273349084632	0.9954804204475544
0.0022221912547277594	0.9954847192626964
0.0022201120685352953	0.9954890119427786
0.002218035785121048	0.9954932984994783
0.0022159623991106206	0.995497578944446
0.0022138919051427315	0.9955018532893036
0.0022118242978678214	0.9955061215456458
0.0022097595719489205	0.9955103837250396
0.0022076977220613168	0.9955146398390248
0.00220563874289242	0.9955188898991133
0.0022035826291419824	0.9955231339167903
0.0022015293755218873	0.9955273719035129
0.0021994789767558823	0.995531603870712
0.002197431427580201	0.9955358298297908
0.00219538672274282	0.995540049792126
0.0021933448570041238	0.9955442637690662
0.002191305825136137	0.9955484717719346
0.0021892696219227136	0.9955526738120268
0.0021872362421603603	0.9955568699006119
0.0021852056806568538	0.9955610600489322
0.002183177932231968	0.9955652442682038
0.002181152991717431	0.995569422569616
0.002179130853956824	0.9955735949643317
0.0021771115138050096	0.9955777614634878
0.002175094966129135	0.9955819220781944
0.002173081211172399	0.995586076819536
0.0021710702277315044	0.9955902256985706
0.0021690620268020443	0.9955943687263304
0.0021670565979331406	0.9955985059138215
0.0021650539360500358	0.9956026372720239
0.0021630540360892477	0.9956067628118924
0.0021610568929992173	0.9956108825443555
0.0021590625017395997	0.9956149964803163
0.0021570708572815666	0.9956191046306522
0.0021550819546077	0.9956232070062151
0.0021530957887120504	0.9956273036178315
0.0021511123545998856	0.9956313944763024
0.002149131647288032	0.9956354795924037
0.0021471536618044595	0.9956395589768858
0.002145178393188394	0.9956436326404743
0.002143205836490194	0.9956477005938693
0.002141235986771842	0.9956517628477459
0.0021392688391060513	0.9956558194127547
0.002137304388576881	0.995659870299521
0.002135342630279499	0.9956639155186454
0.0021333835593202485	0.9956679550807036
0.0021314271708162066	0.9956719889962471
0.0021294734598959393	0.9956760172758021
0.0021275224216985036	0.9956800399298711
0.002125574051374478	0.9956840569689311
0.00212362834408499	0.9956880684034357
0.0021216852949935824	0.9956920742438137
0.0021197448993000036	0.9956960745004695
0.0021178071521901574	0.9957000691837835
0.0021158720488684392	0.995704058304112
0.0021139395845562506	0.9957080418717872
0.002112009754468584	0.9957120198971172
0.002110082553858718	0.9957159923903863
0.0021081579779533973	0.995719959361855
0.002106236022020866	0.9957239208217598
0.002104316681330584	0.9957278767803164
0.0021023999511621348	0.9957318272477085
0.002100485826798647	0.9957357722341045
0.0020985743035549526	0.9957397117496463
0.002096665376735303	0.9957436458044527
0.0020947590416617976	0.9957475744086189
0.0020928552936666043	0.9957514975722133
0.0020909541280924957	0.9957554153052914
0.0020890555402928172	0.9957593276178752
0.002087159525631036	0.9957632345199668
0.00208526607948127	0.9957671360215457
0.0020833751972276398	0.9957710321325678
0.002081486874264882	0.9957749228629665
0.002079601105997988	0.9957788082226521
0.002077717887850244	0.9957826882215123
0.0020758372152309577	0.9957865628694115
0.0020739590835836272	0.9957904321761919
0.0020720834883539226	0.995794296151673
0.002070210424992367	0.9957981548056516
0.0020683398889756073	0.9958020081479021
0.0020664718757747273	0.9958058561881763
0.00206460638087569	0.9958096989362039
0.0020627433997750244	0.9958135364016891
0.0020608829279788344	0.9958173685943223
0.002059024961003251	0.9958211955237638
0.0020571694943747883	0.9958250171996538
0.0020553165236294048	0.995828833631611
0.002053466044313187	0.9958326448292321
0.0020516180519822035	0.995836450802091
0.0020497725422020177	0.995840251559741
0.0020479295105484624	0.9958440471117126
0.0020460889526067137	0.995847837467515
0.0020442508639723286	0.9958516226366352
0.0020424152402500973	0.995855402628539
0.0020405820770546504	0.9958591774526705
0.0020387513700104616	0.995862947118452
0.002036923114751527	0.9958667116352848
0.0020350973069216305	0.9958704710125484
0.0020332739421742253	0.9958742252596008
0.0020314530161720116	0.9958779743857792
0.0020296345245876934	0.9958817184003992
0.0020278184631032986	0.9958854573127552
0.002026004827410356	0.9958891911321207
0.0020241936132099968	0.995892919867748
0.002022384816212721	0.9958966435288682
0.002020578432138622	0.9959003621246918
0.00201877445671702	0.9959040756644081
0.0020169728856870178	0.9959077841571855
0.002015173714796485	0.9959114876121722
0.002013376939803206	0.9959151860384949
0.002011582556474021	0.9959188794452601
0.0020097905605850606	0.9959225678415536
0.0020080009479217773	0.9959262512364406
0.0020062137142789044	0.9959299296389655
0.002004428855460429	0.995933603058153
0.0020026463672794597	0.9959372715030066
0.0020008662455582673	0.9959409349825099
0.001999088486128424	0.995944593505626
0.0019973130848305433	0.995948247081298
0.0019955400375141637	0.9959518957184489
0.0019937693400382964	0.995955539425981
0.0019920009882707394	0.9959591782127771
0.0019902349780884783	0.9959628120876998
0.001988471305377219	0.9959664410595918
0.0019867099660319304	0.9959700651372758
0.0019849509559566373	0.9959736843295547
0.0019831942710640577	0.9959772986452116
0.001981439907275742	0.9959809080930099
0.001979687860522563	0.9959845126816932
0.001977938126686701	0.9959881124199855
0.0019761907018285008	0.9959917073165914
0.0019744455818502737	0.9959952973801955
0.001972702762718003	0.9959988826194637
0.0019709622404443846	0.9960024630430416
0.0019692240109386943	0.9960060386595562
0.0019674880702295282	0.9960096094776144
0.001965754414317934	0.9960131755058046
0.001964023039213439	0.9960167367526954
0.0019622939409345086	0.9960202932268366
0.001960567115507929	0.9960238449367588
0.0019588425589694785	0.9960273918909733
0.0019571202673633083	0.9960309340979726
0.0019554002367419823	0.9960344715662304
0.0019536824631672303	0.9960380043042012
0.0019519669427084337	0.9960415323203207
0.001950253671444319	0.9960450556230057
0.0019485426454616329	0.9960485742206546
0.0019468338608556533	0.9960520881216469
0.0019451273137304566	0.996055597334343
0.0019434230001976747	0.9960591018670857
0.001941720916378325	0.9960626017281982
0.001940021058401348	0.9960660969259856
0.0019383234224040705	0.9960695874687349
0.0019366280045319652	0.9960730733647141
0.0019349348009392582	0.9960765546221731
0.0019332438077882485	0.9960800312493436
0.0019315550212492733	0.9960835032544388
0.0019298684375015343	0.9960869706456538
0.001928184052731687	0.9960904334311657
0.0019265018631350504	0.9960938916191332
0.0019248218649152726	0.9960973452176969
0.0019231440542837638	0.9961007942349799
0.0019214684274603845	0.9961042386790866
0.001919794980672887	0.996107678558104
0.0019181237101574147	0.9961111138800943
0.001916454612158169	0.996114544653122
0.0019147876829269388	0.9961179708852137
0.0019131229187241148	0.9961213925843913
0.0019114603158178099	0.99612480975864
0.001909799870484353	0.9961282224159465
0.0019081415790076909	0.9961316305642735
0.0019064854379525784	0.9961350342115658
0.0019048314430828463	0.9961384333657513
0.0019031795909699644	0.99614182803474
0.0019015298779306473	0.9961452182264249
0.0018998823001080318	0.9961486039486809
0.0018982368541884244	0.9961519852093667
0.0018965935363371546	0.9961553620163224
0.0018949523429008265	0.996158734377372
0.0018933132703317212	0.9961621023003215
0.0018916763148009341	0.9961654657929605
0.001890041472773738	0.9961688248630611
0.0018884087406287912	0.9961721795183781
0.0018867781145861775	0.9961755297666498
0.0018851495913689512	0.9961788756155974
0.0018835231672155364	0.9961822170729249
0.0018818988385348506	0.9961855541463197
0.001880276601811095	0.9961888868434212
0.0018786564533346947	0.9961922151719451
0.0018770383896043027	0.9961955391394977
0.0018754224070594708	0.996198858753699
0.0018738085021470406	0.9962021740221865
0.0018721966713220518	0.9962054849524807
0.0018705869110464252	0.9962087915521852
0.0018689792177901442	0.9962120938288539
0.0018673735880301134	0.9962153917900244
0.001865770018251325	0.9962186854432176
0.0018641685049456398	0.9962219747959382
0.0018625690446128264	0.9962252598556748
0.001860971633759812	0.9962285406298991
0.001859376268900856	0.996231817126067
0.0018577829465578138	0.9962350893516182
0.0018561916632595546	0.9962383573139763
0.0018546024155427592	0.9962416210205479
0.0018530151999509366	0.9962448804787248
0.001851430013035341	0.996248135695882
0.0018498468513540624	0.9962513866793785
0.0018482657114729996	0.9962546334365573
0.0018466865899648417	0.9962578759747458
0.0018451094834096328	0.9962611143012553
0.0018435343883945984	0.9962643484233814
0.0018419613015141928	0.996267578348404
0.0018403902193701203	0.9962708040835865
0.0018388211385710167	0.9962740256361777
0.0018372540557330052	0.9962772430134099
0.001835688967479119	0.9962804562224998
0.001834125870439306	0.9962836652706494
0.001832564761250718	0.9962868701650439
0.001831005636557929	0.9962900709128532
0.0018294484930121472	0.9962932675212326
0.0018278933272717398	0.9962964599973216
0.0018263401360020044	0.9962996483482445
0.0018247889158754685	0.9963028325811092
0.0018232396635711984	0.9963060127030089
0.0018216923757756122	0.9963091887210221
0.0018201470491819168	0.9963123606422114
0.0018186036804904468	0.996315528473624
0.0018170622664080245	0.9963186922222932
0.0018155228036488007	0.9963218518952357
0.0018139852889334136	0.9963250074994534
0.0018124497189897424	0.9963281590419342
0.0018109160905520017	0.9963313065296497
0.0018093844003618583	0.9963344499695581
0.0018078546451674982	0.9963375893686023
0.0018063268217234113	0.9963407247337069
0.0018048009267914813	0.9963438560717873
0.00180327695714044	0.9963469833897345
0.0018017549095450326	0.9963501066944451
0.0018002347807876133	0.9963532259927701
0.00179871656765631	0.9963563412915883
0.0017972002669467174	0.9963594525977076
0.0017956858754607122	0.9963625599179651
0.001794173390007032	0.9963656632591696
0.0017926628074005902	0.9963687626281155
0.0017911541244633822	0.9963718580316656
0.0017896473380239657	0.9963749494764462
0.0017881424449176107	0.9963780369692709
0.0017866394419856673	0.9963811205168769
0.0017851383272339243	0.996384200125988
0.001783639095336207	0.996387275803312
0.0017821417441844214	0.9963903475555437
0.0017806462706466475	0.9963934153893632
0.0017791526708088976	0.9963964793114368
0.0017776609430391443	0.9963995393284161
0.0017761710835216596	0.9964025954469383
0.0017746830891497074	0.9964056476736277
0.0017731969568238024	0.996408696014621
0.0017717126834502423	0.9964117404774083
0.0017702302659419213	0.9964147810681461
0.0017687497012139587	0.9964178177934017
0.0017672709862020795	0.9964208506597285
0.0017657941178322982	0.9964238796736659
0.001764319093043436	0.9964269048417403
0.0017628459087832753	0.9964299261704631
0.0017613745619948539	0.9964329436663322
0.0017599050496397454	0.9964359573358326
0.001758437368682068	0.9964389671854343
0.0017569715160912936	0.9964419732215948
0.0017555074888445904	0.9964449754507583
0.0017540452839233842	0.9964479738793517
0.001752584898315944	0.9964509685137931
0.0017511263290171388	0.9964539593604841
0.0017496695730275583	0.9964569464258154
0.0017482146273544396	0.996459929716162
0.0017467614890107177	0.9964629092378849
0.0017453101550159542	0.996465884997335
0.001743860622395493	0.9964688570008453
0.0017424128881806155	0.9964718252547402
0.0017409669494092	0.9964747897653267
0.0017395228035926979	0.9964777505388986
0.0017380804468527745	0.9964807075817459
0.0017366398767043965	0.9964836609001253
0.0017352010902095714	0.996486610500301
0.0017337640844357935	0.9964895563885212
0.0017323288556480782	0.9964924985710036
0.0017308954025359723	0.996495437053959
0.0017294637213857926	0.9964983718436354
0.0017280338092892276	0.9965013029461344
0.0017266056633443883	0.9965042303675962
0.0017251792809832858	0.9965071541144002
0.0017237546586599969	0.9965100741925695
0.0017223317938158964	0.9965129906082514
0.0017209106833537859	0.9965159033676736
0.0017194913250564655	0.9965188124769112
0.0017180737154012967	0.9965217179416277
0.0017166578517459712	0.9965246197684623
0.0017152437313771559	0.9965275179633876
0.0017138313510183093	0.9965304125321564
0.0017124207082526224	0.9965333034813085
0.0017110118001003394	0.9965361908167678
0.001709604623728827	0.9965390745442678
0.0017081991763117008	0.9965419546687921
0.001706795455028413	0.9965448311988301
0.0017053934570641178	0.9965477041414141
0.001703993179609305	0.9965505734971718
0.0017025946198604878	0.9965534392768971
0.001701197775020071	0.9965563014751025
0.001699802642295518	0.9965591601213517
0.0016984092189007566	0.9965620151915785
0.001697017502054537	0.9965648667352487
0.0016956274889816103	0.996567714704409
0.0016942391769125824	0.996570559127469
0.0016928525630833867	0.9965734000089614
0.0016914676447354704	0.9965762374580633
0.0016900844191160508	0.9965790713046286
0.0016887028834778124	0.9965819016324251
0.0016873230350790479	0.9965847284472895
0.0016859448711834598	0.9965875517550468
0.0016845683890604783	0.9965903715615104
0.0016831935859849534	0.9965931878724814
0.0016818204592370476	0.9965960006937516
0.0016804490061025372	0.9965988100310998
0.001679079223872958	0.9966016158902938
0.001677711109844955	0.9966044182770905
0.0016763446613205382	0.9966072171972353
0.0016749798756074883	0.9966100126564627
0.0016736167500190132	0.996612804660496
0.0016722552818730701	0.9966155932150477
0.001670895468493646	0.99661837832582
0.0016695373072100827	0.996621159998503
0.001668180795357046	0.9966239382387758
0.0016668259302741152	0.9966267130523098
0.0016654727093068158	0.9966294844447622
0.001664121129805481	0.9966322524217822
0.0016627711891263473	0.9966350169890053
0.0016614228846302602	0.9966377781520586
0.0016600762136839886	0.9966405359165643
0.0016587311736593112	0.9966432902881281
0.001657387761933079	0.996646041272345
0.0016560459758876915	0.9966487888747908
0.0016547058129104898	0.9966515331010567
0.0016533672703944958	0.9966542739567056
0.0016520303457374134	0.9966570114473077
0.0016506950363425923	0.9966597455783995
0.0016493613396181754	0.9966624763554914
0.0016480292529779293	0.9966652037841817
0.001646698773840507	0.9966679278699246
0.0016453698996295987	0.9966706486181526
0.001644042627774346	0.9966733660347372
0.0016427169557087081	0.9966760801247357
0.0016413928808720203	0.9966787908938534
0.0016400704007085106	0.9966814983474103
0.0016387495126676962	0.9966842024906909
0.0016374302142039342	0.9966869033296145
0.0016361125027769651	0.9966896008694565
0.0016347963758513912	0.9966922951155625
0.0016334818308967043	0.9966949860741541
0.0016321688653878302	0.9966976737488202
0.0016308574768041618	0.9967003581471275
0.0016295476626306859	0.9967030392750535
0.0016282394203569132	0.9967057171335271
0.0016269327474777522	0.9967083917301368
0.0016256276414927022	0.9967110630797243
0.0016243240999064335	0.9967137311644292
0.001623022120228398	0.99671639602186
0.0016217216999733798	0.9967190576159822
0.0016204228366603767	0.996721716011359
0.0016191255277990344	0.9967243711110045
0.001617829770948061	0.9967270230951342
0.001616535563627454	0.9967296717693634
0.0016152429033757575	0.9967323172830443
0.0016139517877468469	0.9967349594901029
0.0016126622142866838	0.9967375986546443
0.0016113741805250333	0.9967402343366306
0.001610087684036946	0.9967428673045109
0.00160880272238571	0.9967454968390352
0.0016075192931281532	0.9967481226483779
0.0016062373938591154	0.9967507465749549
0.0016049570221452862	0.9967533665054167
0.001603678175569136	0.9967559856126157
0.0016024008517179055	0.9967585975051708
0.0016011250481832867	0.9967612070019907
0.0015998507625621077	0.9967638159581907
0.0015985779924555371	0.9967664203201813
0.0015973067354699423	0.9967690288948222
0.0015960369892157684	0.9967716222235958
0.0015947687513089101	0.9967742233575456
0.0015935020193692216	0.99677681401141
0.0015922367910217647	0.9967793950500882
0.0015909730640184996	0.9967819909575042
0.0015897108357505383	0.9967845729910138
0.001588450103977092	0.9967871504657917
0.0015871908663418178	0.996789737597473
0.0015859331204114671	0.9967923132103809