0.025485249807161256	0.4884808222637014
0.025600459432343143	0.4913982021935738
0.025714233672357662	0.4942979463896374
0.025826568569958578	0.4971800915893072
0.025937460550282124	0.5000446763604873
0.026046906415867863	0.5028917410576257
0.02615490334160264	0.5057213277822112
0.026261448723140818	0.508533480335431
0.026366540758045943	0.5113282441793846
0.026470177705405513	0.5141056663945771
0.026572357886285463	0.5168657956386065
0.026673080404753424	0.5196086821052417
0.026772344559553074	0.5223343774838951
0.026870149984470102	0.5250429349194952
0.02696649664278795	0.5277344089727701
0.02706138482170212	0.5304088555809452
0.027154815126632134	0.5330663320188597
0.02724678847585207	0.5357068968605108
0.02733730609438907	0.538330609941031
0.027426369508601545	0.5409375323190972
0.027513980540388568	0.5435277262397858
0.027600141301450082	0.5461012550978703
0.027684854187539337	0.5486581834015687
0.027768121872705904	0.551198576736744
0.0278499473035316	0.5537225017315613
0.027930333693366585	0.5562300260216048
0.02800928451657101	0.5587212182154541
0.028086803502756132	0.5611961478607301
0.02816289463103753	0.5636548854106043
0.028237562124300796	0.5660975021907775
0.028310810443480317	0.5685240703669305
0.02838264428185572	0.5709346629126459
0.028453068559370222	0.5733293535778033
0.028522088416971948	0.5757082168574474
0.028589709210976894	0.5780713279611365
0.028655936507471516	0.5804187627827557
0.028720776076730497	0.5827505978708174
0.028784233887682396	0.5850669103992296
0.02884631610240211	0.5873677781385422
0.028907029068558934	0.589653279427667
0.028966379322251618	0.5919234931460733
0.029024373650523693	0.5941784986864572
0.029081018772804328	0.5964183759278785
0.0291363217375595	0.598643205209375
0.029190289913317773	0.6008530673040424
0.029242930579195064	0.6030480433935828
0.02929425125152593	0.6052282150433184
0.029344259589872367	0.6073936641776723
0.029392963394290646	0.6095444730561073
0.029440370597485045	0.6116807242495275
0.029486489271221435	0.6138025006171349
0.029531327604575903	0.6159098852837424
0.029574893910279353	0.6180029616175362
0.029617196617196286	0.6200818132082901
0.029658244265629578	0.6221465238460238
0.029698045502689306	0.6241971775001032
0.029736609077722333	0.6262338582987832
0.02977394383814437	0.6282566505091829
0.0298100587236294	0.6302656385176978
0.029844962763806167	0.6322609068108345
0.0298786650725489	0.6342425399564786
0.0299111748440841	0.6362106225855761
0.029942501348811833	0.638165239374241
0.029972653929191215	0.6401064750262667
0.030001641995694692	0.6420344142560557
0.03002947502283105	0.6439491417719473
0.03005616254523366	0.6458507422599544
0.030081714153819116	0.6477393003678884
0.030106139492011796	0.6496149006898835
0.030129448252039226	0.6514776277994232
0.030151650171292867	0.6533275659940356
0.03017275503073799	0.655164799762167
0.03019277264355268	0.6569894132880234
0.030211712863405824	0.6588014906785895
0.030229585573337707	0.6606011159022906
0.030246400684389555	0.6623883727761313
0.030262168132374725	0.664163344953194
0.0302768978747176	0.6659261159104873
0.0302905998873591	0.6676767689371378
0.030303284161729747	0.6694153871229265
0.03031496070179272	0.6711420533471592
0.0303256395212563	0.6728568502678697
0.030335330640316675	0.674559860311347
0.030344044083528428	0.6762511656619885
0.030351789876554826	0.6779308482524657
0.030358578044192105	0.6795989897542031
0.030364418606977108	0.6812556715681651
0.030369321579224454	0.6829009748159434
0.03037329696645267	0.6845349803311422
0.030376354763004012	0.6861577686510556
0.030378504949726565	0.6877694200086306
0.03037975749172117	0.6893700143260157
0.030380122336143317	0.6909596312019042
0.030379609410069286	0.6925383499120674
0.030378228618421415	0.6941062493972834
0.03037598984195	0.6956634082579443
0.030372902935274046	0.69720990474764
0.030368977724980893	0.698745816766997
0.03036422400778027	0.7002712218577669
0.030358651548715625	0.701786197197156
0.03035227007942987	0.7032908195923964
0.030345089296486133	0.7047851654755501
0.030337118859742555	0.7062693108986369
0.030328368390777734	0.7077433315285278
0.030318847471371126	0.7092073026429662
0.030308565642034036	0.7106612991259076
0.030297532400587968	0.7121053954635185
0.030285757200799988	0.7135396657402484
0.030273249451058002	0.7149641836353021
0.03026001851310283	0.7163790224189348
0.03024607370080053	0.7177842549493033
0.030231424278967276	0.7191799536693323
0.030216079462234965	0.720566190603799
0.030200048413966025	0.7219430373566003
0.030183340245210025	0.7233105651081954
0.030165964013703573	0.7246688446132232
0.030147928722915048	0.726017946198288
0.030129243321128898	0.7273579397599073
0.030109916700571327	0.728688894762626
0.03008995769657782	0.7300108802372833
0.03006937508679856	0.731323964779433
0.030048177590442027	0.7326282165479159
0.030026373867559308	0.7339237032635746
0.030003972518361687	0.7352104922081124
0.02998098208257774	0.7364886502230885
0.029957411038844375	0.73775824370905
0.029933267804132472	0.7390193386247914
0.029908560733208914	0.7402720004867458
0.02988329811812671	0.7415162943684971
0.029857488187755875	0.742752284900414
0.029831139107336445	0.7439800362694013
0.029804258978071464	0.745199612218763
0.029776855836742753	0.7464110760481817
0.02974893765536245	0.747614490613798
0.029720512340850436	0.7488099183284005
0.02969158773473816	0.7499974211617138
0.029662171612905106	0.7511770606407859
0.029632271685337514	0.7523488978504712
0.029601895595914855	0.7535129934340042
0.029571050922222362	0.7546694075936649
0.029539745175387405	0.7558182000915279
0.029507985799939716	0.7569594302503017
0.029475780173698243	0.7580931569542381
0.029443135607674094	0.7592194386501329
0.02941005934600444	0.7603383333483922
0.029376558565901125	0.7614498986241776
0.029342640377622766	0.762554191618621
0.029308311824468372	0.7636512690401055
0.029273579882788697	0.7647411871656169
0.02923845146201758	0.7658240018421525
0.029202933404723144	0.7668997684881975
0.02916703248667478	0.7679685420952547
0.029130755416929503	0.7690303772294349
0.029094108837935517	0.7700853280330994
0.02905709932564894	0.7711334482265573
0.029019733389671398	0.7721747911098096
0.028982017473399384	0.7732094095643446
0.02894395790841161	0.7742373560549786
0.028905561097325397	0.7752586826317402
0.028866833240696152	0.7762734409317986
0.028827780518898727	0.77728168218143
0.028788409092989572	0.778283457198025
0.028748724921331834	0.779278816392132
0.028708734035052506	0.7802678097695368
0.02866844235500748	0.7812504869333722
0.028627855737813263	0.7822268970862648
0.02858697997759685	0.7831970890325082
0.028545820800456163	0.7841611111802653
0.028504383873410366	0.7851190115438005
0.028462674798999395	0.7860708377457328
0.028420699117012085	0.7870166370193186
0.028378462327149998	0.7879564562107523
0.028335969826175835	0.7888903417814913
0.028293226935889877	0.7898183398106017
0.028250238959809933	0.790740495997118
0.028207011163868655	0.7916568556624272
0.028163548671275598	0.7925675162412783
0.028119856649635955	0.7934723648411199
0.028075940120409752	0.794371603130676
0.028031804074990653	0.795265222456234
0.02798745344326519	0.7961532662871702
0.027942893098652617	0.7970357777297938
0.027898127855444977	0.7979127995298206
0.027853162469964766	0.7987843740748476
0.027808001639989754	0.7996505433968414
0.027762650009058365	0.8005113491889477
0.027717112161100045	0.8013668327508263
0.0276713926246738	0.8022170350767162
0.027625495872446365	0.8030619968010375
0.027579426321616796	0.8039017582150911
0.027533188334345978	0.8047363592549682
0.027486786218187932	0.805565839562493
0.02744022422652407	0.8063902384000894
0.027393506558998665	0.8072095947117119
0.027346637361957422	0.8080239471107631
0.02729962072888839	0.8088333338830312
0.027252460700862218	0.8096377929875165
0.027205161266976394	0.8104373620614341
0.027157726354303767	0.8112320784210743
0.027110159871563445	0.8120219790647074
0.027062465642850933	0.8128071006750792
0.027014647460628333	0.813587479621362
0.026966709045996233	0.8143631519637788
0.026918654093597155	0.8151341534528974
0.026870486241204212	0.8159005195342076
0.0268222090781937	0.8166622853500629
0.026773826145991574	0.8174194857421373
0.0267253409385222	0.818172155253875
0.02667675690265632	0.8189203281329289
0.02662807743865677	0.8196640383335945
0.0265793059006282	0.820403319519229
0.02653044559695947	0.8211382050646665
0.026481499790770812	0.8218687280586184
0.026432471700357587	0.8225949213060672
0.02638336449963275	0.8233168173306465
0.02633418131856955	0.8240344483770127
0.02628492524364117	0.8247478464132036
0.026235599318260458	0.8254570431329851
0.026186206543217683	0.8261620699581903
0.026136749877116623	0.8268629580410389
0.026087232236808523	0.8275597382664529
0.026037656497825686	0.8282524412543523
0.02598802549481164	0.8289410973580669
0.025938342021951444	0.8296257366827506
0.02588860883339732	0.830306389062464
0.02583882864369374	0.8309830840818466
0.02578900412820252	0.8316558510652522
0.02573913792352044	0.8323247190927565
0.025689232627900592	0.8329897169925472
0.02563929080166631	0.8336508733457275
0.025589314967627615	0.8343082164884937
0.025539307611490116	0.8349617745142975
0.02548927118226613	0.8356115752759958
0.025439208092679803	0.8362576463879848
0.025389120719572257	0.8369000152283199
0.025339011404302406	0.8375387089408213
0.025288882453146217	0.8381737544371639
0.025238736137692643	0.8388051783989536
0.02518857469523672	0.8394330072797888
0.025138400329170935	0.8400572673073048
0.025088215209373127	0.8406779844852058
0.025038021472591626	0.8412951845952812
0.024987821222827247	0.8419088931994061
0.024937616531713093	0.8425191356415256
0.02488740943889154	0.8431259370496296
0.024837201952387436	0.8437293223377036
0.024786996048979614	0.8443293162076727
0.02473679367456768	0.8449259431513246
0.024686596744538762	0.8455192274522219
0.024636407144127948	0.8461091931875937
0.024586226728778027	0.84669586423022
0.024536057324495472	0.847279264250292
0.024485900728203693	0.8478594167172642
0.02443575870809244	0.8484363449016881
0.02438563300396585	0.8490100718770313
0.024335525327585716	0.8495806205214821
0.024285437363012384	0.8501480135197387
0.02423537076694389	0.8507122733647827
0.024185327169049437	0.8512734223596402
0.024135308172301934	0.8518314826191243
0.024085315353307307	0.8523864760715646
0.024035350262629606	0.8529384244605243
0.023985414425114017	0.8534873493464974
0.02393550934020701	0.8540332721085947
0.02388563648227291	0.8545762139462152
0.023835797300906993	0.8551161958807014
0.023785993221247564	0.8556532387569806
0.023736225644281652	0.8561873632451924
0.023686495947152414	0.8567185898423001
0.02363680548345782	0.8572469388736916
0.0235871555835519	0.8577724304947594
0.023537547554839097	0.8582950846924736
0.023487982682067005	0.8588149212869369
0.02343846222761725	0.8593319599329244
0.023388987431790957	0.8598462201214144
0.023339559513093643	0.8603577211810994
0.023290179668516084	0.8608664822798873
0.023240849078776552	0.8613725224263873
0.023191568888749535	0.8618758604713833
0.023142340237484856	0.8623765151092921
0.02309316423368605	0.8628745048796101
0.023044041980849396	0.8633698481683436
0.022994974547634908	0.8638625632094292
0.022945962988053487	0.8643526680861409
0.02289700833674711	0.864840180732479
0.02284811160924165	0.865325118934554
0.02279927380220064	0.8658075003319501
0.02275049589367502	0.8662873424190803
0.02270177884335005	0.8667646625465285
0.022653123592789485	0.8672394779223757
0.02260453106567764	0.8677118056135182
0.022556002168057795	0.86818166254697
0.02250753778856936	0.8686490655111543
0.02245913879868041	0.8691140311571811
0.022410806049622395	0.8695765760001166
0.02236254038580704	0.8700367164202347
0.022314342628565607	0.8704944686642619
0.022266213576374073	0.8709498488466065
0.022218154021557354	0.871402872950579
0.022170164737320208	0.8718535568295981
0.022122246481259853	0.8723019162083863
0.022074399995578836	0.8727479666841554
0.022026626007295855	0.8731917237277782
0.0219789252284547	0.8736332026849492
0.021931298356328892	0.874072418777337
0.021883746073626278	0.8745093871037212
0.02183626904867987	0.8749441226411212
0.021788867935684623	0.8753766402459142
0.0217415433748368	0.8758069546549401
0.021694295992565726	0.8762350804849699
0.021647126401717058	0.876661032240305
0.021600035201741034	0.8770848243056977
0.021553022978879906	0.877506470947444
0.021506090306353354	0.8779259863225473
0.02145923774454104	0.8783433844732648
0.021412465841162187	0.878758679329766
0.02136577513145554	0.8791718847111555
0.021319166138353548	0.8795830143264856
0.021272639372658483	0.8799920817757603
0.02122619533321303	0.8803991005509264
0.02117983450707026	0.8808040840368606
0.02113355736966143	0.881207045512341
0.021087364384962046	0.8816079981510117
0.021041256005658305	0.8820069550223391
0.020995232673295484	0.8824039290925554
0.020949294818458006	0.8827989332255978
0.02090344286091346	0.8831919801840333
0.02085767720977231	0.8835830826299771
0.02081199826364004	0.8839722531260036
0.020766406410770367	0.8843595041360438
0.020720902029214786	0.884744848026279
0.020675485486971373	0.8851282970660213
0.02063015714212944	0.8855098634285901
0.020584917343015475	0.8858895591921747
0.020539766428335198	0.8862673963406931
0.020494704727314055	0.8866433867646386
0.020449732559836387	0.8870175422619226
0.020404850236583266	0.887389874538704
0.020360058059167185	0.8877603952102132
0.02031535632026622	0.8881291158015694
0.020270745303756714	0.8884960477485859
0.02022622528484185	0.8888612023985714
0.02018179653018312	0.8892245910111211
0.020137459298025188	0.8895862247589009
0.02009321383832244	0.8899461147284236
0.020049060392862153	0.8903042719208181
0.020004999195387726	0.89066070725259
0.019961030471718853	0.8910154315563749
0.019917154439870136	0.8913684555816861
0.019873371310170355	0.8917197899956518
0.019829681285376596	0.8920694453837488
0.01978608456078976	0.8924174322505257
0.019742581324367837	0.8927637610203212
0.019699171756837587	0.8931084420379729
0.01965585603180442	0.8934514855695237
0.0196126343158609	0.8937929018029149
0.019569506768694518	0.8941327008486799
0.019526473543193677	0.8944708927406236
0.01948353478555195	0.8948074874365002
0.019440690635371537	0.8951424948186846
0.019397941225764926	0.8954759246948327
0.019355286683454848	0.8958077867985401
0.01931272712887472	0.896138090789992
0.019270262676265474	0.8964668462566063
0.019227893433772562	0.896794062713673
0.01918561950354052	0.8971197496049842
0.01914344098180831	0.8974439163034597
0.0191013579590014	0.8977665721117668
0.019059370519822545	0.8980877262629339
0.019017478743343533	0.8984073879209553
0.018975682702875654	0.8987255661813962
0.01893398246693215	0.8990422700719847
0.01889237809799955	0.8993575085532048
0.018850869653503296	0.8996712905188773
0.018809457185670113	0.8999836247967398
0.018768140741613894	0.9002945201490192
0.01872692036341485	0.9006039852729998
0.018685796088335767	0.9009120288015827
0.018644767948365688	0.9012186593038441
0.01860383597110948	0.9015238852855851
0.018563000179320263	0.9018277151898779
0.01852226059100825	0.9021301573976047
0.018481617220096284	0.9024312202279954
0.018441070075243385	0.9027309119391552
0.01840061916125413	0.9030292407285891
0.01836026447844433	0.9033262147337247
0.018320006022862153	0.9036218420324224
0.018279843786358108	0.9039161306434899
0.018239777756566527	0.9042090885271832
0.018199807917395602	0.9045007235857084
0.018159934248288254	0.9047910436637182
0.01812015672507178	0.9050800565487992
0.018080475319639924	0.9053677699719603
0.01804089000009429	0.9056541916081127
0.018001400730808064	0.9059393290766161
0.017962007469007883	0.9062231899414717
0.017922710179001412	0.9065057817122097
0.01788350881369422	0.9067871118440719
0.017844403316825623	0.9070671877384957
0.017805393638360246	0.9073460167437457
0.017766479721608403	0.9076236061550961
0.017727661506579288	0.907899963215457
0.0176889389340438	0.908175095115768
0.017650311929546636	0.9084490089954383
0.017611780427563867	0.9087217119427782
0.017573344355467244	0.9089932109954265
0.017535003637606968	0.90926351314078
0.017496758195366332	0.9095326253164082
0.017458607947213888	0.9098005544104895
0.017420552808755988	0.9100673072621596
0.01738259269509531	0.9103328906620203
0.017344727511368677	0.910597311352475
0.017306957162038526	0.910860576028147
0.017269281562992986	0.9111226913362788
0.0172317006105185	0.91138366387713
0.017194214204105628	0.9116435002043547
0.01715682224372503	0.9119022068253962
0.017119524617831363	0.9121597902018721
0.017082321221559348	0.9124162567499496
0.017045211944611775	0.9126716128407225
0.017008196674357805	0.9129258648005837
0.01697127529587762	0.9131790189115919
0.01693444769200555	0.913431081411839
0.01689771374337303	0.9136820584958105
0.01686107332845091	0.9139319563158096
0.016824526323590782	0.9141807809778749
0.016788072603066497	0.9144285385483369
0.01675171203911491	0.9146752350524133
0.016715444501974985	0.9149208764709791
0.01667926985752607	0.915165468744293
0.016643187976974765	0.9154090177714493
0.01660719872235917	0.9156515294107113
0.016571301957586146	0.9158930094798434
0.016535497540990356	0.9161334637564428
0.01649978533286138	0.9163728979782639
0.016464165190527645	0.9166113178435426
0.016428636969620065	0.9168487290113175
0.01639320052410686	0.9170851371017458
0.016357855706328365	0.9173205476964192
0.016322602367030804	0.917554966338675
0.016287440355399835	0.9177883985339049
0.016252369519094343	0.9180208497498615
0.0162173897033886	0.9182523254156522
0.0161825007547331	0.9184828309272952
0.016147702515539097	0.9187123716401036
0.016112994827678397	0.9189409528742756
0.016078377531652963	0.919168579913859
0.01604385046662768	0.9193952580070399
0.0160094134704577	0.91962099236643
0.01597506637972026	0.9198457881693501
0.015940809029741664	0.9200696505581129
0.015906641254627815	0.9202925846414253
0.015872562887290657	0.9205145954901492
0.015838573759477437	0.920735688142845
0.01580467370179667	0.9209558676076338
0.015770862543746482	0.9211751388543806
0.015737140113739986	0.9213935068211206
0.01570350623913281	0.9216109764127814
0.01566996074624742	0.9218275525014459
0.015636503460399687	0.9220432399266119
0.015603134205923137	0.9222580434954485
0.015569852806194317	0.9224719679830504
0.015536659083656586	0.922685018132693
0.015503552859844213	0.9228971986560803
0.015470533955406261	0.9231085142335941
0.015437602190129416	0.9233189695145386
0.015404757382961102	0.9235285691173868
0.015371999352031828	0.9237373176300188
0.015339327914677797	0.9239452196099623
0.015306742887462753	0.9241522795846309
0.015274244086198263	0.9243585020515577
0.015241831325967492	0.9245638914786287
0.015209504421143789	0.9247684523043135
0.015177263185412649	0.924972188937894
0.015145107431790797	0.9251751057596922
0.015113036972647645	0.925377207121294
0.015081051619723472	0.9255784973457719
0.015049151184150658	0.9257789807279059
0.015017335476470167	0.9259786615344032
0.014985604306653388	0.9261775440041137
0.014953957484117823	0.9263756323482457
0.014922394817747372	0.9265729307505799
0.01489091611590928	0.9267694433676781
0.014859521186471951	0.9269651743290956
0.014828209836817536	0.9271601277375864
0.014796981873868716	0.9273543076693098
0.014765837104106205	0.9275477181740338
0.014734775333574368	0.9277403632753382
0.014703796367904289	0.9279322469708137
0.014672900012327053	0.928123373232261
0.014642086071693115	0.9283137460058881
0.0146113543505625	0.928503369212504
0.014580704652923103	0.9286922467477136
0.014550136782636303	0.928880382482108
0.014519650543176029	0.9290677802614562
0.014489245737711279	0.9292544439068919
0.014458922169118614	0.9294403772151014
0.014428679639989924	0.9296255839585071
0.014398517952657532	0.9298100678854534
0.01436843690920287	0.9299938327203865
0.014338436311470205	0.9301768821640358
0.014308515961081172	0.9303592198935924
0.01427867565944606	0.9305408495628857
0.014248915207777775	0.9307217748025611
0.014219234407035626	0.9309019992202517
0.014189633058204988	0.9310815264007527
0.014160110961920536	0.9312603599061913
0.014130667918729509	0.9314385032762029
0.014101303729042827	0.931615960028082
0.014072018193147802	0.931792733656968
0.014042811111218002	0.9319688276360023
0.014013682283325954	0.932144245416493
0.013984631509453152	0.9323189904280779
0.01395565858950176	0.9324930660788849
0.013926763323305552	0.9326664757556928
0.013897945510639937	0.9328392228240543
0.013869204951232287	0.9330113106285883
0.013840541444772841	0.9331827424929396
0.013811954790924636	0.9333535217200593
0.013783444786614515	0.9335236515923279
0.013755011236777435	0.9336931353717073
0.013726653938478894	0.9338619762998907
0.013698372694491864	0.9340301775984525
0.01367016729836835	0.9341977424689963
0.013642037552802324	0.9343646740933003
0.01361398325753307	0.9345309756334647
0.013586004212348185	0.9346966502320542
0.013558100217090911	0.9348617010122433
0.013530271071669597	0.935026131077956
0.013502516576065115	0.9351899435140067
0.013474836530339937	0.9353531413862411
0.013447230734645425	0.9355157277416742
0.013419698989230736	0.9356777056086254
0.0133922410965184	0.9358390779968572
0.013364856852934554	0.9359998478977087
0.013337546061034421	0.9361600182842291
0.01331030851918276	0.936319592111311
0.013283144032842071	0.9364785723158217
0.01325605240074399	0.9366369618167341
0.013229033424029507	0.936794763515254
0.01320208690399486	0.9369519802949526
0.013175212642099959	0.9371086150218877
0.013148410439973255	0.9372646705447355
0.01312168009941953	0.937420149694912
0.013095021422425747	0.9375750552867004
0.013068434211167627	0.937729390117369
0.01304191826801574	0.9378831569683381
0.013015473395541438	0.9380363586011872
0.012989099396522787	0.9381889977638695
0.012962796073950957	0.938341077185644
0.012936563231034799	0.9384925995828388
0.01291040067120781	0.9386435676520497
0.012884308198133214	0.9387939840748246
0.012858285615708618	0.938943851516648
0.012832332746191883	0.9390931726270566
0.0128064493396075	0.9392419500397489
0.012780635254949132	0.9393901863727022
0.012754890278987374	0.9395378842282798
0.012729214216872372	0.9396850461933453
0.012703606874020527	0.9398316748393689
0.012678068056118022	0.939977772722538
0.012652597569125661	0.9401233423838655
0.012627195219283948	0.9402683863492943
0.012601860813117092	0.9404129071298072
0.012576594144214331	0.940556907221528
0.012551395059349437	0.9407003891058288
0.012526263326255293	0.9408433552494321
0.012501198765856657	0.9409858081045155
0.012476201186161127	0.9411277501088091
0.012451270395484342	0.9412691836857028
0.01242640620245487	0.9414101112443417
0.012401608416017543	0.9415505351797269
0.01237687684543757	0.9416904578728149
0.012352211300303737	0.9418298816841054
0.012327611590532224	0.9419688089797745
0.012303077526369763	0.9421072420992305
0.012278608918397809	0.9422451833551975
0.01225420557753493	0.942382635066368
0.01222986731504057	0.9425195995314554
0.012205593942518057	0.9426560790357963
0.012181385271918163	0.9427920758514419
0.012157241115541477	0.9429275922372525
0.012133161286041673	0.9430626304389865
0.01210914559642874	0.943197192689392
0.01208519386007131	0.9433312812082946
0.012061305890700022	0.9434648982026883
0.01203748150240926	0.9435980458668224
0.012013720509661104	0.9437307263822892
0.011990022727286831	0.9438629419181102
0.011966387970490147	0.9439946946308247
0.011942816054849193	0.9441259866645714
0.011919306796319171	0.944256820151176
0.011895860011234796	0.944387197210234
0.011872475516312214	0.9445171199491952
0.01184915312865172	0.9446465904634448
0.011825892666199947	0.9447756108363865
0.011802693945922496	0.9449041831395234
0.011779556786531753	0.9450323094325408
0.011756481006685537	0.945159991763383
0.011733466424932719	0.9452872321683357
0.011710512861716147	0.9454140326721036
0.011687620136388945	0.9455403952878889
0.011664788069196581	0.9456663220174693
0.011642016480785918	0.9457918148512745
0.011619305192207292	0.9459168757684634
0.01159665402491628	0.9460415067369995
0.01157406280043685	0.9461657097137267
0.01155153134170589	0.9462894866444436
0.011529059471074264	0.9464128394639768
0.011506647011633238	0.9465357700962567
0.01148429378725324	0.9466582804543888
0.011461999621123051	0.9467803724407264
0.011439764337936151	0.9469020479469427
0.011417587762441898	0.9470233088541012
0.011395469719807184	0.9471441570327293
0.0113734100356182	0.9472645943428847
0.011351408535881694	0.9473846226340645
0.011329465047024981	0.9475042437459225
0.011307579395898834	0.9476234595073695
0.011285751409776851	0.9477422717372849
0.011263980916357557	0.947860682244421
0.011242267743764547	0.9479786928276565
0.011220611720548423	0.948096305275336
0.011199012675686978	0.9482135213664171
0.011177470438586173	0.9483303428698194
0.011155984839081038	0.9484467715446688
0.011134555707436477	0.9485628091403606
0.011113182874347923	0.9486784573966247
0.011091866170942636	0.9487937180435867
0.01107060542877951	0.948908592801835
0.011049400479850115	0.9490230833824805
0.011028251156579823	0.9491371914872181
0.011007157291827389	0.9492509188083923
0.010986118718886884	0.9493642670290526
0.01096513527148646	0.9494772378230203
0.010944206783790725	0.9495898328549439
0.010923333090399725	0.9497020537803615
0.010902514026350391	0.9498139022457596
0.010881749427116352	0.9499253798886316
0.010861039128608585	0.9500364883375366
0.010840382967175913	0.9501472292121574
0.010819780779605031	0.950257604123358
0.010799232403120872	0.9503676146732413
0.01077873767538694	0.9504772624552049
0.010758296434505819	0.9505865490539976
0.01073790851901913	0.9506954760457756
0.010717573767907398	0.9508040449981593
0.010697292020591196	0.9509122574702847
0.010677063116930405	0.9510201150128619
0.010656886897224436	0.9511276191682272
0.010636763202212868	0.9512347714703976
0.01061669187307546	0.9513415734451235
0.010596672751431105	0.9514480266099438
0.010576705679339665	0.951554132474235
0.010556790499300575	0.951659892539267
0.01053692705425323	0.9517653082982533
0.010517115187577454	0.9518703812364024
0.010497354743092576	0.951975112830969
0.010477645566705824	0.9520795045513056
0.010457987499794609	0.952183557858911
0.010438380389170929	0.9522872742074822
0.01041882408041318	0.9523906550429633
0.010399318419539822	0.9524937018035938
0.010379863253007379	0.95259641591996
0.010360458427712842	0.9526987988150394
0.01034110379099068	0.9528008519042541
0.010321799190615044	0.9529025765955139
0.01030254447479799	0.953003974289266
0.010283339490846071	0.9531050463785424
0.010264184090569185	0.9532057942490058
0.010245078122115463	0.9533062192789966
0.010226021434253172	0.9534063228395784
0.010207013879791449	0.9535061062945841
0.010188055308352905	0.9536055710006611
0.010169145571209716	0.9537047183073177
0.010150284520070546	0.9538035495569653
0.010131472007079388	0.9539020660849655
0.010112707884815074	0.954000269219672
0.010093992006291016	0.9540981602824766
0.010075324224955587	0.9541957405878503
0.010056704394689715	0.954293011443389
0.010038132370773289	0.9543899741498534
0.010019608005999079	0.9544866300012156
0.010001131156537212	0.9545829802841146
0.009982701677999651	0.9546790262802395
0.009964319459426718	0.9547747692628484
0.009945984258301338	0.9548702104991678
0.009927696030519035	0.9549653512498408
0.009909454600417008	0.9550601927689688
0.009891259825758515	0.9551547363041508
0.009873111564735556	0.9552489830965253
0.009855009675967757	0.9553429343808093
0.009836954018502762	0.9554365913853365
0.009818944451814478	0.9555299553325669
0.0098009808358032	0.9556230274520565
0.009783063030795036	0.9557158089092633
0.009765190897540485	0.9558083009518296
0.009747364297214914	0.9559005047619489
0.009729583091416853	0.9559924215304801
0.009711847142168014	0.9560840524421695
0.009694156311912377	0.9561753986756871
0.009676510463515487	0.9562664614036662
0.009658909460263671	0.956357241792738
0.009641353165863589	0.9564477410035693
0.009623841444441303	0.9565379601908988
0.009606374160541551	0.9566279005035732
0.009588951179127473	0.9567175630845818
0.009571572365578835	0.9568069490710946
0.009554237585161942	0.9568960595944952
0.009536946705161267	0.956984895780417
0.009519699592172097	0.9570734587487782
0.009502496112206858	0.9571617496138161
0.009485336133240927	0.9572497694841207
0.009468219523142075	0.9573375194626705
0.009451146150190158	0.957425000646865
0.009434115883075904	0.9575122141285588
0.009417128590900641	0.9575991609940948
0.00940018414317487	0.957685842324338
0.009383282410210072	0.9577722591947074
0.009366423261540711	0.9578584126752094
0.009349606567926607	0.9579443038304702
0.009332832201266423	0.9580299337197683
0.009316100032722303	0.958115303397066
0.009299409934244496	0.958200413911041
0.00928276177818638	0.9582852663051193
0.009266155437304888	0.9583698616175046
0.009249590784757941	0.9584542008812117
0.00923306769410522	0.9585382851240951
0.009216586039305983	0.958622115369073
0.009200145694719103	0.9587056926333875
0.009183746535100703	0.9587890179297955
0.009167388435607245	0.9588720922656424
0.009151071271789426	0.9589549166438045
0.009134794919593334	0.9590374920616377
0.009118559255360757	0.9591198195117316
0.009102364155828602	0.9592018999817561
0.009086209498124116	0.9592837344544921
0.009070095159767663	0.9593653239078586
0.009054021018671218	0.9594466693149413
0.009037986953136205	0.959527771644023
0.009021992841854459	0.9596086318586101
0.00900603856390413	0.9596892509174612
0.008990123998751813	0.959769629774615
0.008974249026250934	0.9598497693794186
0.008958413526640053	0.9599296706765538
0.00894261738054232	0.9600093346060655
0.008926860468964478	0.9600887621033884
0.008911142673295765	0.9601679540993743
0.008895463875307147	0.9602469115203182
0.008879823957150411	0.9603256352879855
0.008864222801356583	0.960404126319638
0.00884866029083611	0.9604823855280605
0.00883313630887666	0.9605604138215872
0.00881765073914302	0.9606382121041261
0.008802203465675654	0.9607157812751872
0.008786794372889739	0.9607931222299058
0.008771423345574807	0.9608702358590678
0.008756090268892625	0.9609471230491377
0.00874079502837716	0.96102378468228
0.008725537509933141	0.9611002216363866
0.00871031759983555	0.9611764347851001
0.008695134129878301	0.9612524249978397
0.00867998905656586	0.9613281931398239
0.008664881251323359	0.9614037400720958
0.008649810601863603	0.9614790666515475
0.008634776996264058	0.9615541737309424
0.008619780322965648	0.9616290621589411
0.008604820470772845	0.9617037327801221
0.008589897328851077	0.9617781864350086
0.00857501078672672	0.9618524239600894
0.00856016158753656	0.9619264461878422
0.008545347947435805	0.9620002539467576
0.008530570578914614	0.9620738480613609
0.008515829372957381	0.9621472293522356
0.008501124220904753	0.9622203986360452
0.008486455014452162	0.9622933567255556
0.008471821645649549	0.9623661044296579
0.008457224006899277	0.9624386425533897
0.008442661990956238	0.9625109723358509
0.008428135490926114	0.962583093715261
0.008413644400264575	0.962655007907048
0.008399188612776491	0.9627267157010672
0.008384768022614814	0.9627982178834286
0.008370382524279114	0.9628695152365192
0.008356032012615325	0.9629406085390227
0.008341716382814474	0.9630114985659411
0.008327435530411039	0.9630821860886155
0.008313189351283333	0.9631526718747463
0.00829897774165088	0.9632229566884145
0.008284800598074854	0.9632930412901008
0.00827065781745591	0.9633629264367078
0.008256549297034002	0.9634326128815781
0.008242474934387043	0.9635021013745151
0.008228434627429813	0.9635713926618031
0.008214428274413179	0.963640487486227
0.008200455773922805	0.9637093865870915
0.008186517024878803	0.96377809070024
0.00817261192653384	0.9638466005580759
0.008158740378472626	0.9639149168895796
0.00814490228061095	0.9639830404203295
0.00813109753306068	0.9640509718725189
0.008117326036669995	0.9641187119649767
0.008103587692202222	0.9641862614131849
0.008089882400886685	0.9642536209292987
0.008076210064279467	0.9643207912221622
0.00806257058426094	0.9643877729973305
0.008048963863035987	0.9644545669570842
0.008035389803132217	0.9645211738004507
0.00802184830739964	0.9645875942232198
0.008008339279008656	0.964653828917963
0.007994862621450494	0.9647198785740505
0.007981418238636136	0.9647857438776701
0.007968006034486233	0.9648514255118427
0.007954625913551727	0.9649169241564415
0.007941277780593657	0.9649822404882089
0.007927961540688156	0.9650473751807729
0.007914677099225602	0.9651123289046653
0.00790142436190911	0.9651771023273383
0.007888203234754252	0.9652416961131814
0.00787501362408787	0.9653061109235375
0.007861855436546706	0.9653703474167209
0.007848728579076815	0.9654344062480844
0.007835632958932467	0.9654982880698273
0.007822568483675152	0.9655619935313288
0.00780953506117287	0.9656255232789497
0.007796532599598706	0.9656888779561039
0.007783561007447042	0.9657520582032741
0.007770620193479521	0.9658150646580269
0.007757710066758213	0.9658778979550295
0.0077448305366911024	0.9659405587260653
0.007731981512963276	0.9660030476000488
0.0077191629056019	0.9660653652030423
0.007706374624816442	0.9661275121582708
0.007693616581218517	0.9661894890861371
0.007680888685611972	0.966251296604238
0.00766819084930964	0.9663129353273775
0.007655522983712175	0.9663744058675848
0.007642885000582526	0.9664357088341263
0.007630276811981529	0.9664968448335225
0.007617698330246397	0.9665578144695617
0.0076051494680514494	0.9666186183433155
0.0075926301381787145	0.9666792570531527
0.007580140254057532	0.9667397311947453
0.007567679729047685	0.9668000413611175
0.007555248476978905	0.9668601881426093
0.007542846411928264	0.9669201721269243
0.007530473448258285	0.9669799938991336
0.007518129500615976	0.9670396540416991
0.007505814483930368	0.9670991531344683
0.007493528313414591	0.9671584917547238
0.007481270904562333	0.9672176704771176
0.007469042173148359	0.9672766898737941
0.007456842035226719	0.9673355505143091
0.007444670407130302	0.9673942529657528
0.007432527205469741	0.9674527977926293
0.007420412347132601	0.967511185556956
0.007408325749282298	0.9675694168182564
0.0073962673293573675	0.9676274921335724
0.007384237005070624	0.9676854120574788
0.007372234694407561	0.9677431771420961
0.0073602603156266546	0.9678007879371027
0.007348313787257247	0.9678582449897479
0.007336395028099417	0.9679155488448659
0.007324503957222805	0.9679727000448869
0.007312640493965476	0.9680296991298516
0.007300804557933676	0.9680865466374213
0.0072889960690001405	0.9681432431028933
0.00727721494730389	0.9681997890592109
0.007265461113248697	0.9682561850369774
0.00725373448750297	0.9683124315644669
0.00724203499099788	0.9683685291676387
0.007230362544927481	0.9684244783701467
0.007218717070747239	0.9684802796933533
0.007207098490172995	0.968535933656341
0.007195506725180634	0.9685914407759245
0.007183941698004864	0.9686468015666616
0.007172403331138458	0.9687020165408662
0.007160891547331112	0.968757086208619
0.007149406269588907	0.9688120110777797
0.007137947421173455	0.9688667916539987
0.007126514925600741	0.9689214284407275
0.0071151087066402465	0.9689759219392321
0.007103728688314675	0.9690302726486019
0.007092374794898201	0.969084481065763
0.007081046950916391	0.9691385476854885
0.00706974511983153	0.9691924730004096
0.007058469148085825	0.9692462575010266
0.007047219000879869	0.9692999016757211
0.007035994603734416	0.9693534060107655
0.007024795882417041	0.969406770990334
0.0070136227629408856	0.9694599970965144
0.0070024751715652015	0.9695130848093174
0.0069913530347921644	0.9695660346066892
0.006980256279368545	0.969618846964521
0.006969184832282911	0.9696715223566581
0.006958138620766265	0.9697240612549142
0.0069471175427113655	0.9697764641290774
0.006936121585913184	0.969828731446924
0.006925150647794792	0.9698808636742268
0.006914204656545525	0.9699328612747674
0.006903283540593306	0.9699847247103427
0.00689238722860218	0.97003645444078
0.0068815156494726115	0.9700880509239422
0.006870668732339783	0.9701395146157419
0.006859846406573729	0.9701908459701479
0.006849048601777935	0.9702420454391977
0.0068382752477884785	0.9702931134579451
0.0068275262746734615	0.9703440505051841
0.0068168016127319086	0.9703948570116709
0.006806101192493671	0.9704455334218106
0.006795424944717641	0.9704960801781254
0.006784772800391917	0.9705464977212627
0.006774144690731807	0.9705967864900065
0.006763540547180595	0.9706469469212837
0.006752960301407428	0.9706969794501765
0.006742403885307197	0.97074688450993
0.006731871230999157	0.9707966625319627
0.006721362270827339	0.9708463139458736
0.0067108769373582	0.9708958391794541
0.006700415163381003	0.9709452386586951
0.006689976881906868	0.970994512807796
0.006679562026167244	0.9710436620491762
0.006669170529614011	0.9710926868034807
0.006658802325918296	0.9711415874895913
0.006648457348969779	0.9711903645246341
0.0066381355328761936	0.9712390183239891
0.006627836811961937	0.9712875493012987
0.006617561120767592	0.9713359578684768
0.006607308394049584	0.9713842444357164
0.006597078566779021	0.9714324094114991
0.006586871574140741	0.9714804532026031
0.006576687351533033	0.9715283762141127
0.0065665258345664985	0.971576178849425
0.00655638695906389	0.9716238615102597
0.006546270661058243	0.9716714245966674
0.0065361768767932295	0.9717188685070371
0.006526105542329617	0.9717661936381051
0.006516056595107008	0.9718134003849626
0.0065060299720165905	0.971860489141064
0.006496025609329217	0.9719074602982363
0.006486043444728218	0.9719543142466854
0.006476083415703031	0.9720010513750041
0.006466145459948006	0.9720476720701826
0.006456229515362091	0.9720941767176129
0.0064463355203471856	0.9721405657010991
0.00643646334940076	0.972186839402864
0.00642661306592383	0.9722329982035587
0.006416784547573996	0.972279042482267
0.006406977732962468	0.9723249726165173
0.006397192561206176	0.9723707889822863
0.006387428971621845	0.9724164919540094
0.006377686903724723	0.972462081924357
0.006367966345833273	0.972507559205541
0.00635826714177876	0.9725529242262797
0.006348589279119996	0.9725981773355894
0.0063389326982376	0.9726433189001579
0.006329297339465954	0.9726883492853243
0.0063196831435752745	0.9727332688549375
0.0063100900514494705	0.9727780779713627
0.006300518004165517	0.9728227770196994
0.006290966942993486	0.9728673663114891
0.006281436809394975	0.9729118462283476
0.0062719275450231204	0.9729562171267779
0.006262439091720932	0.9730004793618368
0.006252971391461159	0.9730446332871389
0.006243524386588087	0.973088679254867
0.006234098019452201	0.9731326176157767
0.006224692232652471	0.9731764487192045
0.006215306968975112	0.9732201729130745
0.006205942171392993	0.973263790543904
0.006196597783064836	0.9733073019568121
0.00618727374733432	0.973350707495526
0.0061779700077300515	0.9733940075023867
0.006168686507964499	0.9734372023183262
0.006159423191933206	0.9734802922829952
0.00615018000371446	0.973523277734588
0.006140956887568928	0.9735661590099697
0.006131753787937796	0.973608936444654
0.00612257064944353	0.9736516103728072
0.0061134074168884426	0.9736941811272573
0.006104264035254463	0.9737366490394981
0.006095140449701874	0.9737790144396974
0.006086036605569693	0.9738212776567019
0.006076952448374067	0.9738634390180445
0.006067887923807928	0.973905498849951
0.006058842977740752	0.9739474574773443
0.006049817556217459	0.973989315223853
0.006040811605458197	0.9740310724118159
0.006031825071857055	0.9740727293622894
0.0060228579019826565	0.9741142863950516
0.0060139100425759635	0.9741557438286115
0.0060049814405034015	0.9741971019802121
0.00599607204294746	0.9742383611658381
0.005987181797116066	0.9742795217002206
0.005978310650437091	0.9743205838968447
0.005969458550508243	0.9743615480679545
0.0059606254450971724	0.9744024145245581
0.005951811282140362	0.9744431835764343
0.005943016009741909	0.9744838555321403
0.0059342395761746835	0.974524430699013
0.005925481929877802	0.9745649093831791
0.0059167430194923066	0.9746052918895579
0.005908022793719064	0.9746455785218696
0.0058993212015313636	0.9746857695826381
0.005890638192031116	0.9747258653731989
0.005881973714484429	0.9747658661937035
0.005873327718321311	0.9748057723431247
0.005864700153134237	0.9748455841192639
0.005856090968678506	0.9748853018187542
0.00584750011487084	0.9749249257370683
0.005838927541789919	0.9749644561685381
0.005830373199674363	0.9750038934062951
0.005821837038923529	0.9750432377423757
0.0058133190100962	0.9750824894676592
0.005804819063909557	0.9751216488718917
0.005796337151240119	0.9751607162436876
0.005787873223131538	0.9751996918705386
0.005779427230754197	0.975238576038817
0.0057709991254671225	0.9752773690337813
0.005762588858774734	0.9753160711395813
0.005754196382336779	0.9753546826392642
0.005745821647968243	0.9753932038147781
0.005737464607638751	0.9754316349469779
0.005729125213471511	0.9754699763156316
0.005720803417743514	0.9755082281994223
0.005712499172877366	0.9755463908759567
0.0057042124314708245	0.9755844646217676
0.005695943146249681	0.9756224497123194
0.005687691270098999	0.9756603464220144
0.005679456756054931	0.9756981550241958
0.005671239557303548	0.9757358757911536
0.0056630396271807265	0.9757735089941297
0.005654856919171834	0.9758110549033212
0.0056466913869101356	0.9758485137878838
0.005638542984177546	0.9758858859159505
0.005630411664903433	0.9759231715546121
0.0056222973831637395	0.97596037096994
0.0056142000931817026	0.9759974844269848
0.005606119749326021	0.976034512189782
0.005598056306111146	0.9760714545213566
0.005590009718196075	0.9761083116837284
0.0055819799403847665	0.9761450839379143
0.005573966928308391	0.9761817715439358
0.005565970635007204	0.9762183747608211
0.005557991017766218	0.9762548938466112
0.005550028031278183	0.9762913290583641
0.005542081631061061	0.976327680652159
0.005534151772775284	0.9763639488830999
0.005526238412220925	0.9764001340053223
0.005518341505339343	0.9764362362719954
0.005510461007715466	0.9764722559353274
0.005502596877057352	0.9765081932465708
0.0054947490682518444	0.9765440484560243
0.005486917538262271	0.9765798218130392
0.005479102243739323	0.9766155135660235
0.005471303141456203	0.9766511239624454
0.005463520188322706	0.9766866532488379
0.00545575334138571	0.9767221016705586
0.005448002557816064	0.9767574694730153
0.0054402571610314854	0.9767927568992278
0.005432549010243327	0.9768279641922754
0.0054248461612694384	0.9768630915940775
0.005417159205755101	0.9768981393456435
0.005409488101541051	0.9769331076870778
0.005401832806644467	0.9769679968575764
0.005394193279172348	0.9770028070954532
0.005386577960307719	0.9770375386381136
0.005378961359645582	0.9770721917220768
0.005371368884492539	0.9771067665829772
0.0053637920105655615	0.9771412634555667
0.0053562306966419395	0.9771756825737197
0.00534868490164009	0.9772100241704357
0.005341154584574717	0.9772442926826208
0.005333639704622508	0.9772784757272105
0.005326140221077637	0.9773125861489339
0.005318656093362394	0.9773466199725578
0.005311187281026611	0.9773805774267698
0.005303733743747044	0.9774144587394071
0.005296295441327545	0.977448264137465
0.005288872333698109	0.9774819938470787
0.0052814643809143535	0.9775156480935607
0.005274071543157429	0.9775492271013818
0.005266693780733397	0.9775827310941807
0.005259331054072517	0.9776161602947683
0.005251983323729539	0.9776495149251291
0.005244650550382452	0.9776827952064282
0.005237332694832687	0.9777160013590117
0.005230029718004312	0.9777491336024126
0.005222741580943547	0.9777821921553536
0.0052154682448185205	0.9778151772357504
0.005208209670918984	0.9778480890607156
0.005200965820655627	0.9778809278465619
0.0051937366555594505	0.9779136938088068
0.0051865221372821	0.9779463871621737
0.005179322227594783	0.9779790081205979
0.0051721368883875934	0.9780115568972293
0.005164966081670111	0.9780440337044347
0.005157809769570079	0.9780764387538029
0.005150667914333401	0.9781087722561467
0.0051435404783234905	0.9781410344215075
0.00513642742402129	0.9781732254591576
0.005129328714024248	0.9782053455776047
0.005122244311046297	0.9782373949845944
0.005115174177917449	0.9782693738871133
0.005108118277583298	0.9783012824913936
0.005101076573104353	0.9783331210029153
0.005094049027656468	0.978364889626409
0.00508703560452936	0.9783965885658609
0.005080036267126703	0.9784282180245152
0.005073050978966239	0.9784597782048758
0.0050660797036783415	0.9784912693087129
0.005059122405006365	0.9785226915370625
0.005052179046806062	0.9785540450902325
0.005045249593045255	0.9785853301678036
0.0050383340078031975	0.9786165469686343
0.0050314322552702465	0.9786476956908634
0.005024544299747773	0.9786787765319123
0.005017670105647566	0.9787097896884887
0.005010809637491286	0.9787407353565907
0.005003962859910295	0.978771613731508
0.004997129737645197	0.9788024250078265
0.0049903102355455696	0.9788331693794303
0.00498350431856916	0.9788638470395057
0.0049767119517823005	0.9788944581805427
0.004969933100358834	0.9789250029943396
0.00496316772957966	0.9789554816720057
0.004956415804833102	0.9789858944039632
0.004949677291613693	0.9790162413799515
0.004942952155522523	0.9790465227890288
0.0049362403622662376	0.9790767388195762
0.0049295418776573	0.9791068896592999
0.0049228566676129465	0.9791369754952343
0.004916184698155175	0.9791669965137452
0.004909525935410515	0.9791969529005323
0.004902880345609539	0.9792268448406315
0.004896247895086021	0.9792566725184194
0.004889628550277798	0.9792864361176137
0.004883022277724815	0.9793161358212787
0.004876429044069821	0.9793457718118262
0.00486984881605809	0.9793753442710186
0.0048632815605362135	0.9794048533799724
0.004856727218475389	0.9794342993191602
0.004850185808106805	0.9794636822684134
0.004843657271382469	0.9794930024069264
0.0048371415755559975	0.9795222599132566
0.004830638687980703	0.9795514549653296
0.004824148576110058	0.9795805877404404
0.004817671227545225	0.9796096584152577
0.004811206570429384	0.979638667165824
0.0048047545923820155	0.9796676141675607
0.00479831526000955	0.9796964995952693
0.00479188854249884	0.9797253236231344
0.004785474407479373	0.9797540864247267
0.004779072823091741	0.9797827881829411
0.0047726837575737275	0.9798114290505416
0.004766307179259949	0.9798400092089181
0.004759943056257887	0.9798685288292093
0.0047535913580637286	0.9798969880819518
0.004747252052330861	0.979925387137084
0.0047409251081003785	0.9799537261639467
0.004734610494184899	0.9799820053312889
0.004728308179492461	0.9800102248072661
0.004722018133025049	0.9800383847594457
0.0047157403238788234	0.9800664853546456
0.004709474721243508	0.9800945267597525
0.004703221294402508	0.9801225091400919
0.004696980012732146	0.9801504326610636
0.0046907508457015405	0.980178297487327
0.004684533762872368	0.980206103782967
0.0046783287338982215	0.9802338517114975
0.00467213572852466	0.9802615414358617
0.004665954716588542	0.9802891731184372
0.004659785668018149	0.9803167469210353
0.004653628552832556	0.9803442630049054
0.004647483341141209	0.9803717215307374
0.0046413500031440265	0.9803991226586624
0.004635228509130677	0.9804264665482567
0.004629118829480362	0.980453753358544
0.004623020934661907	0.9804809832479958
0.004616934795232858	0.9805081563745363
0.004610860381839468	0.9805352728955424
0.004604797665216638	0.9805623329678477
0.004598746616186971	0.9805893367477437
0.004592707205661041	0.9806162843909825
0.004586679404636788	0.9806431760527792
0.004580663184199649	0.9806700118878128
0.004574658515521329	0.9806967920502307
0.00456866536986081	0.9807235166936485
0.004562683718562853	0.9807501859711543
0.004556713533058429	0.9807768000353088
0.004550754784864084	0.9808033590381494
0.004544807445581548	0.9808298631311919
0.0045388714868983444	0.9808563124654305
0.004532946880585895	0.9808827071913436
0.004527033598500908	0.9809090474588926
0.004521131612583674	0.9809353334175268
0.004515240894859072	0.9809615652161824
0.004509361417435201	0.9809877430032876
0.004503493152503355	0.9810138669267634
0.0044976360723383985	0.9810399371340249
0.004491790149297775	0.9810659537719847
0.004485955355821231	0.9810919169870546
0.004480131664431115	0.9811178269251464
0.004474319047731213	0.9811436837316765
0.004468517478407579	0.9811694875515651
0.00446272692922739	0.9811952385292398
0.004456947373038514	0.9812209368086385
0.0044511787827703625	0.9812465825332084
0.0044454211314323595	0.981272175845911
0.004439674392114653	0.9812977168892223
0.00443393853798683	0.9813232058051363
0.004428213542298737	0.9813486427351649
0.004422499378379438	0.9813740278203412
0.004416796019637185	0.9813993612012216
0.004411103439559325	0.9814246430178872
0.004405421611711452	0.9814498734099459
0.004399750509738018	0.9814750525165341
0.004394090107361226	0.981500180476319
0.004388440378381256	0.9815252574275002
0.004382801296675988	0.9815502835078114
0.004377172836200573	0.9815752588545226
0.004371554970987013	0.9816001836044426
0.004365947675144277	0.9816250578939192
0.004360350922858035	0.9816498818588425
0.004354764688389695	0.9816746556346468
0.004349188946077304	0.9816993793563108
0.004343623670334327	0.9817240531583609
0.004338068835649684	0.9817486771748732
0.004332524416587877	0.981773251539474
0.004326990387787898	0.9817977763853429
0.00432146672396379	0.9818222518452141
0.0043159533999040725	0.9818466780513775
0.004310450390471488	0.9818710551356814
0.004304957670602494	0.9818953832295345
0.004299475215307713	0.9819196624639062
0.0042940029996709215	0.98194389296933
0.00428854099884931	0.981968074875904
0.0042830891880726585	0.981992208313294
0.004277647542644121	0.9820162934107332
0.004272216037938845	0.9820403302970258
0.004266794649404424	0.9820643191005479
0.00426138335256025	0.9820882599492499
0.004255982122997726	0.9821121529706562
0.004250590936379607	0.9821359982918697
0.0042452097684400805	0.982159796039571
0.00423983859498401	0.9821835463400224
0.004234477391887534	0.9822072493190669
0.004229126135096943	0.9822309051021321
0.004223784800628998	0.9822545138142308
0.004218453364570672	0.9822780755799627
0.004213131803078403	0.982301590523517
0.004207820092378736	0.9823250587686718
0.004202518208767162	0.9823484804387983
0.004197226128608623	0.9823718556568604
0.004191943828336514	0.9823951845454183
0.004186671284453579	0.9824184672266275
0.0041814084735303314	0.9824417038222432
0.004176155372206104	0.982464894453619
0.004170911957239495	0.9824880392417116
0.004165678204001491	0.9825111383070795
0.004160454091981076	0.9825341917698864
0.004155239598052504	0.9825571997499022
0.004150034696679428	0.9825801623665039
0.004144839366159042	0.9826030797386786
0.004139653583601562	0.9826259519850236
0.004134477326183498	0.9826487792237487
0.004129310572112397	0.9826715615726774
0.0041241532967712866	0.9826942991492486
0.004119005477523153	0.9827169920705179
0.004113867093748926	0.9827396404531595
0.004108738121985175	0.9827622444134674
0.0041036185398024075	0.9827848040673562
0.00409850832483579	0.9828073195303644
0.00409340745478512	0.9828297909181304
0.004088315907414708	0.9828522183440128
0.004083233660553137	0.9828746019238558
0.0040781606920927485	0.982896941771227
0.0040730969799900015	0.9829192379997997
0.004068042502264796	0.9829414907228793
0.004062997237000155	0.9829637000534042
0.004057961162342683	0.9829858661039462
0.004052934256501595	0.9830079889867142
0.004047916497748964	0.9830300688135535
0.00404290907740386	0.9830521056959479
0.004037908334909871	0.9830740997450215
0.0040329178876793445	0.9830960510715394
0.004027936501248652	0.9831179597859103
0.004022964154200494	0.9831398259981862
0.004018000825179074	0.9831616498180643
0.004013046492889669	0.9831834313548901
0.004008101136098741	0.9832051707176558
0.004003164733633636	0.9832268680150044
0.003998237264382541	0.9832485233552287
0.003993318707293722	0.9832701368462752
0.003988409041376231	0.9832917085957424
0.003983508245698843	0.9833132387108848
0.003978616299390243	0.9833347260382534
0.00397373318163895	0.9833561744654956
0.003968858871692833	0.9833775803177589
0.003963993348859	0.9833989449612907
0.003959136592503875	0.9834202685016393
0.003954288582052659	0.9834415510440165
0.0039494492969891085	0.9834627926932978
0.0039446187168557	0.9834839935540248
0.003939796821253024	0.9835051537304048
0.003934983589840059	0.9835262733263134
0.003930179002333488	0.9835473524452956
0.00392538303850771	0.9835683911905668
0.0039205956781948595	0.9835893896650141
0.003915816901284205	0.9836103479711973
0.003911046687722451	0.9836312662113508
0.003906285017513043	0.9836521444873841
0.003901531870716339	0.9836729829008838
0.0038967872274492613	0.983693781553114
0.0038920510678850384	0.9837145405450186
0.0038873233722534215	0.9837352599772207
0.003882604120839929	0.9837559399500261
0.0038778932939862276	0.9837765805634224
0.003873190872089181	0.9837971819170825
0.0038684968356017084	0.9838177441103633
0.0038638111650316277	0.9838382672423083
0.0038591338409421105	0.9838587514116488
0.003854464843951397	0.9838791967168046
0.0038498041547320484	0.9838996032558857
0.0038451517540116437	0.9839199711266928
0.0038405076225719926	0.9839403004267192
0.0038358717412492254	0.9839605912531512
0.003831244090933297	0.9839808437028702
0.0038266246525683954	0.9840010578724526
0.0038220134071521943	0.9840212338581725
0.003817410335736055	0.9840413717560007
0.0038128154194243128	0.9840614716616087
0.0038082286393749617	0.9840815336703671
0.003803649976798779	0.9841015578773482
0.0037990794129593598	0.9841215443773269
0.0037945169291728306	0.9841414932647818
0.003789962506808169	0.9841614046338959
0.003785416127286328	0.9841812785785582
0.0037808777720805533	0.9842011151923648
0.00377634742271615	0.984220914568619
0.003771825060770034	0.9842406768003343
0.003767310667796364	0.9842604019802342
0.003762804225620935	0.9842800902007528
0.0037583057159039004	0.984299741554037
0.003753815120428093	0.9843193561319471
0.0037493324210266794	0.9843389340260578
0.0037448575995841283	0.9843584753276595
0.0037403906380948904	0.9843779801277592
0.003735931518428191	0.9843974485170814
0.003731480222676475	0.9844168805860694
0.003727036732925758	0.9844362764248864
0.00372260103131195	0.984455636123416
0.003718173100020491	0.9844749597712645
0.0037137529212870495	0.9844942474571816
0.0037093404773964967	0.9845134992713606
0.0037049357506828214	0.9845327153020164
0.003700538723529733	0.9845518956376518
0.003696149378369178	0.984571040366498
0.0036917676976827617	0.9845901495765124
0.003687393664000163	0.984609223355383
0.003683027259900173	0.9846282617905261
0.003678668468009556	0.9846472649690902
0.0036743172710034418	0.9846662329779554
0.0036699736516050295	0.9846851659037347
0.003665637592585434	0.9847040638327748
0.0036613090767634777	0.9847229268511575
0.00365698808700578	0.9847417550447007
0.0036526746062264816	0.9847605484989584
0.003648368617386573	0.9847793072992234
0.00364407010349432	0.9847980315305269
0.0036397790476056084	0.9848167212776392
0.003635495432822414	0.9848353766250721
0.003631219242293724	0.9848539976570787
0.003626950459215086	0.9848725844576548
0.003622689066828609	0.984891137110539
0.0036184350484221328	0.9849096556992162
0.0036141883876982446	0.9849281403069143
0.003609949067281	0.98494659101661
0.0036057170709845408	0.9849650079110243
0.0036014923822802695	0.9849833910726293
0.0035972749846856856	0.9850017405836446
0.0035930648614944808	0.98502005652604
0.003588861996871789	0.9850383389815367
0.003584666373905997	0.9850565880316065
0.003580477976862019	0.9850748037574759
0.003576296789191469	0.9850929862401232
0.003572122794681331	0.9851111355602823
0.003567955977163053	0.9851292517984421
0.0035637963207119485	0.9851473350348479
0.0035596438086590654	0.9851653853495016
0.0035554984255062715	0.9851834028220328
0.0035513601551128452	0.9852013875322314
0.003547228981530826	0.9852193395592375
0.003543104888856462	0.9852372589820909
0.003538987861366667	0.9852551458796941
0.0035348778829901923	0.9852730003304017
0.003530774938069966	0.9852908224126491
0.0035266790108751567	0.9853086122045278
0.0035225900857175957	0.9853263697846584
0.0035185081469521623	0.9853440952291559
0.003514433178976489	0.9853617886160877
0.0035103651662303417	0.9853794500226692
0.003506304093894292	0.9853970795258248
0.003502249945150907	0.9854146772022483
0.003498202705213436	0.9854322431284025
0.0034941623586905676	0.9854497773805213
0.0034901288902333904	0.985467280034612
0.003486102284534	0.9854847511664518
0.0034820825257441852	0.9855021908515929
0.003478069599761936	0.9855195991653602
0.0034740634908626703	0.9855369761828556
0.003470064183905049	0.9855543219789544
0.0034660716637881545	0.9855716366283098
0.0034620859154520607	0.9855889202057133
0.0034581069238782884	0.9856061727847919
0.003454134674088341	0.9856233944397622
0.0034501691511449263	0.9856405852443922
0.0034462103401503284	0.98565774527223
0.003442258226248014	0.9856748745966043
0.0034383127946213685	0.9856919732906255
0.003434374030493676	0.9857090414271884
0.0034304419191280677	0.9857260790789707
0.003426516445828039	0.9857430863184337
0.0034225975959361905	0.9857600632178243
0.0034186853548350236	0.9857770098491758
0.0034147797079461806	0.9857939262808597
0.003410880640731135	0.9858108125910471
0.0034069881386897456	0.9858276688479968
0.0034031021873617623	0.9858444951228961
0.003399222772325376	0.9858612914867159
0.003395349879197544	0.9858780580102203
0.0033914834936344318	0.9858947947639628
0.0033876236013302423	0.98591150181829
0.003383770188017921	0.9859281792433533
0.003379923239468808	0.985944827109061
0.003376082741492	0.9859614454851517
0.003372248679935275	0.985978034441146
0.0033684210406837683	0.9859945940463611
0.003364599809661236	0.9860111243698947
0.0033607849728285043	0.9860276254806857
0.0033569765161843047	0.9860440974474319
0.003353174425764751	0.9860605403386311
0.003349378687643562	0.9860769542225918
0.003345589287931425	0.9860933391673743
0.0033418062127765743	0.9861096952409586
0.003338029448363683	0.9861260225110966
0.003334258980914892	0.9861423210451612
0.0033304947966889256	0.9861585909105238
0.00332673688198115	0.9861748321742988
0.0033229852231234543	0.9861910449034043
0.003319239806484494	0.9862072291645633
0.003315500618468894	0.9862233850243038
0.0033117676455177657	0.9862395125489601
0.0033080408741083026	0.9862556118046731
0.003304320290753449	0.9862716828573916
0.0033006058820025897	0.9862877257728715
0.003296897634440227	0.9863037406166778
0.003293195534687013	0.9863197274541854
0.003289499569398863	0.9863356863505787
0.0032858097253231095	0.9863516173708525
0.0032821259890751502	0.986367520579814
0.0032784483474730623	0.986383396042081
0.0032747767873132546	0.9863992438220857
0.0032711112954283052	0.9864150639840716
0.003267451858586831	0.9864308565920985
0.0032637984638877278	0.9864466217100383
0.003260151098169415	0.98646235940158
0.003256509748403083	0.9864780697302281
0.0032528744015934033	0.9864937527593028
0.0032492450447821884	0.9865094085519427
0.0032456216650845323	0.9865250371711036
0.0032420042495241237	0.9865406386795592
0.0032383927852858273	0.9865562131399035
0.0032347872595464987	0.9865717606145491
0.003231187659516051	0.986587281165729
0.0032275939724386088	0.986602774855498
0.0032240061855916516	0.9866182417457315
0.0032204242862862715	0.9866336818981275
0.0032168482618672987	0.9866490953742064
0.00321327809971205	0.9866644822353129
0.0032097137872320134	0.9866798425426142
0.003206155311871199	0.9866951763571034
0.003202602661106626	0.986710483739599
0.003199055822448693	0.9867257647507433
0.0031955147834401686	0.986741019451007
0.003191979531656561	0.986756247900687
0.0031884500547063434	0.9867714501599073
0.003184926340229886	0.9867866262886221
0.003181408375900588	0.9868017763466114
0.003177896149423546	0.9868169003934872
0.003174389648536775	0.9868319984886891
0.003170888861009777	0.9868470706914894
0.0031673937746444073	0.9868621170609898
0.0031639043772741667	0.9868771376561246
0.003160420656764714	0.9868921325356603
0.0031569426010130976	0.9869071017581956
0.0031534701979483905	0.9869220453821631
0.0031500034355304856	0.9869369634658293
0.0031465423017515374	0.9869518560672947
0.0031430867846345303	0.9869667232444956
0.003139636872233645	0.9869815650551927
0.003136192552634367	0.9869963815570132
0.0031327538140071723	0.9870111728073929
0.0031293206443943236	0.9870259388636138
0.00312589303202534	0.9870406797827953
0.003122470965108987	0.9870553956218967
0.0031190544767530945	0.9870700864377138
0.0031156434206244003	0.9870847522868841
0.0031122379195855925	0.9870993932258834
0.0031088379171811398	0.9871140093110298
0.0031054434017331214	0.9871286005984807
0.0031020543267854905	0.9871431671442372
0.0030986707853029446	0.9871577090041405
0.003095292661194291	0.9871722262338763
0.0030919199777890943	0.9871867188889518
0.0030885527235986103	0.9872011870247795
0.003085190887164452	0.9872156306793525
0.003081834457057418	0.9872300499593417
0.003078483421878004	0.9872444448680439
0.003075137770256164	0.9872588154774151
0.0030717974908513615	0.9872731618420537
0.003068462572352249	0.9872874840164054
0.0030651330034768914	0.9873017820547633
0.0030618087729718056	0.9873160560112688
0.0030584898696135797	0.987330305939911
0.003055176282206897	0.9873445318945284
0.003051867999585583	0.987358733928809
0.0030485650106123058	0.9873729120962911
0.0030452673041782698	0.9873870664503624
0.003041974869203456	0.9874011970442627
0.003038687694636304	0.9874153039310825
0.003035405769453382	0.9874293871637649
0.0030321290826600734	0.9874434467952932
0.003028857623289486	0.9874574828779478
0.003025591380403561	0.9874714954644096
0.0030223303430916707	0.9874854846070348
0.00301907450047159	0.9874994503580331
0.0030158238416887052	0.9875133927694697
0.003012578355916682	0.9875273118932999
0.0030093380323563015	0.9875412077812292
0.003006102860236599	0.9875550804849255
0.0030028728288137	0.987568930055878
0.002999647927371713	0.987582756545404
0.0029964281452217953	0.987596560004796
0.0029932134717024863	0.9876103404850286
0.002990003896179713	0.987624098037053
0.0029867994080464526	0.9876378327116487
0.002983599996722923	0.9876515445594561
0.002980405651656032	0.9876652336309767
0.00297721636231989	0.98767889997657
0.0029740321182152624	0.9876925436464277
0.002970852908869937	0.9877061646906953
0.0029676787238381835	0.987719763160818
0.002964509552700776	0.9877333391020356
0.002961345385065306	0.987746892568561
0.00295818621056553	0.9877604236084232
0.0029550320188201536	0.987773932271019
0.002951882799600379	0.9877874186056114
0.0029487385425759787	0.9878008826613262
0.0029455992374855956	0.9878143244871557
0.0029424648740939315	0.9878277441319572
0.0029393354421923005	0.9878411416440419
0.002936210931629774	0.9878545170728196
0.0029330913321825632	0.987867870466339
0.002929976633752726	0.9878812018729249
0.002926866826234447	0.9878945113407687
0.0029237618995474465	0.9879077989179295
0.002920661843636586	0.9879210646523364
0.002917566648472231	0.9879343085917878
0.0029144763040507226	0.9879475307839493
0.002911390800393006	0.9879607312763584
0.0029083101275454125	0.9879739101164225
0.00290523427557967	0.987987067351419
0.0029021632345920165	0.988000203028498
0.0028990969947042433	0.98801331719468
0.002896035546062854	0.9880264098968571
0.002892978878839134	0.9880394811817947
0.002889926983228882	0.9880525310961319
0.0028868798494533646	0.9880655596863787
0.00288383746775758	0.9880785669989206
0.002880799828403117	0.9880915530800163
0.002877766921710009	0.9881045179758
0.0028747387379713125	0.9881174617322719
0.0028717152675388413	0.9881303843953316
0.0028686965007796803	0.9881432860107315
0.0028656824280936877	0.9881561666241058
0.002862673039872738	0.9881690262809668
0.0028596683265800543	0.9881818650267044
0.002856668278671632	0.988194682906584
0.002853672886635049	0.9882074799657498
0.0028506821409816606	0.9882202562492246
0.002847696032246897	0.9882330118019076
0.0028447145509892073	0.98824574666858
0.0028417376877915112	0.9882584608938995
0.0028387654332596188	0.9882711545224052
0.0028357977780231547	0.9882838275985154
0.002832834712734954	0.9882964801665293
0.0028298762280714127	0.9883091122706265
0.002826922314731904	0.9883217239548683
0.0028239729634393883	0.988334315263198
0.0028210281649399104	0.9883468862394381
0.002818087910002253	0.9883594369272973
0.00281515218941818	0.9883719673703656
0.0028122209940029523	0.988384477612115
0.002809294314594209	0.9883969676959025
0.0028063721420525465	0.9884094376649682
0.002803454467261259	0.9884218875624365
0.0028005412811263055	0.9884343174313167
0.002797632574576515	0.9884467273145026
0.0027947283385626217	0.9884591172547741
0.002791828564058489	0.9884714872947961
0.0027889332420600052	0.9884838374771195
0.002786042363585583	0.9884961678441849
0.0027831559196757004	0.9885084784383122
0.0027802739013932046	0.9885207693017152
0.0027773962998231365	0.9885330404764929
0.002774523106072441	0.9885452920046328
0.00277165431127031	0.9885575239280098
0.0027687899065675335	0.9885697362883882
0.002765929883137201	0.9885819291274205
0.0027630742321738742	0.9885941024866496
0.0027602229448941244	0.988606256407507
0.00275737601253609	0.9886183909313147
0.0027545334263594534	0.9886305060992852
0.0027516951776456523	0.9886426019525212
0.0027488612576976497	0.9886546785320172
0.002746031657839788	0.9886667358786578
0.0027432063694175094	0.9886787740332215
0.0027403853837981397	0.9886907930363765
0.0027375686923698244	0.9887027929901578
0.0027347562865420146	0.9887147737506023
0.002731948157745301	0.988726735542475
0.0027291442974314043	0.9887386783445451
0.0027263446970730533	0.988750602196947
0.00272354934816401	0.9887625071397097
0.0027207582422185046	0.9887743932127573
0.002717971370772169	0.9887862604559077
0.0027151887253811795	0.9887981089088744
0.002712410297622102	0.9888099386112666
0.002709636079092694	0.9888217496025888
0.0027068660614111575	0.9888335419222418
0.0027041002362158265	0.9888453156095234
0.0027013385951659627	0.988857070703627
0.0026985811299411033	0.9888688072436441
0.0026958278322409645	0.9888805252685635
0.002693078693786024	0.9888922248172711
0.0026903337063164095	0.9889039059285515
0.002687592861592528	0.9889155686410881
0.002684856151395655	0.9889272129934614
0.0026821235675264124	0.9889388390241501
0.002679395101805133	0.9889504467715391
0.0026766707460728905	0.9889620362739049
0.0026739504921904217	0.988973607569427
0.002671234332037822	0.9889851606961857
0.0026685222575155987	0.9889966956921611
0.0026658142605436243	0.9890082125952344
0.0026631103330615018	0.9890197114431882
0.0026604104670284413	0.9890311922737066
0.0026577146544231388	0.9890426551243755
0.002655022887243898	0.9890541000326827
0.002652335157508644	0.9890655270360185
0.0026496514572542087	0.9890769361716766
0.0026469717785370596	0.9890883274768526
0.0026442961134329683	0.9890997009886465
0.0026416244540367457	0.9891110567440616
0.002638956792462522	0.9891223947800051
0.002636293120843371	0.9891337151332881
0.0026336334313316182	0.9891450178406268
0.0026309777160985126	0.9891563029386423
0.002628325967334213	0.9891675704638601
0.002625678177247671	0.989178820452712
0.0026230343380670125	0.9891900529415348
0.0026203944420387136	0.989201267966572
0.002617758481428264	0.989212465563973
0.0026151264485196946	0.989223645769794
0.0026124983356158866	0.9892348086199979
0.0026098741350378835	0.989245954150455
0.0026072538391256465	0.9892570823969429
0.002604637440237594	0.9892681933951465
0.002602024930750154	0.9892792871806597
0.0025994163030582185	0.9892903637889845
0.002596811549575543	0.9893014232555308
0.002594210662733506	0.9893124656156179
0.002591613634981907	0.9893234909044745
0.0025890204587886226	0.9893344991572381
0.002586431126640082	0.9893454904089564
0.0025838456310398835	0.9893564646945873
0.0025812639645105533	0.9893674220489981
0.0025786861195917746	0.9893783625069681
0.0025761120888419028	0.9893892861031857
0.002573541864836403	0.9894001928722517
0.002570975446678684	0.9894110828486777
0.002568412813823198	0.9894219560668874
0.0025658539593124098	0.989432812561216
0.0025632988883981366	0.9894436523659105
0.0025607475873727927	0.9894544755151319
0.002558200049541402	0.989465282042952
0.0025556562663330536	0.9894760719833571
0.0025531162361029825	0.9894868453763144
0.0025505799414976995	0.9894976022374309
0.0025480473803664062	0.9895083426186384
0.0025455185454785322	0.989519066547509
0.0025429934250545006	0.9895297740575972
0.002540472021133033	0.9895404651823718
0.0025379543218636545	0.9895511399552178
0.0025354403200840057	0.9895617984094337
0.002532930008648596	0.9895724405782343
0.0025304233804289956	0.9895830664947498
0.002527920428313667	0.9895936761897639
0.0025254211452081306	0.9896042697008155
0.002522925524034663	0.9896148470584681
0.002520433557732386	0.9896254082955172
0.0025179452392573754	0.9896359534446743
0.00251546056158198	0.9896464825385695
0.002512979517695709	0.9896569956097486
0.002510502100604473	0.9896674926906762
0.002508028303330572	0.9896779738137346
0.0025055581189133754	0.9896884390112239
0.002503091540408489	0.9896988883153622
0.0025006285608877186	0.989709321758288
0.0024981691734393386	0.989719739372057
0.0024957133711685136	0.9897301411886442
0.0024932613182875266	0.9897405272399449
0.002490812658048489	0.9897508975577729
0.002488367562722572	0.9897612521738629
0.0024859260254666447	0.989771591119869
0.00248348803945458	0.9897819144273661
0.002481053456954721	0.9897922221278491
0.002478622559349449	0.9898025142527341
0.002476195192343103	0.9898127908333585
0.0024737713491850798	0.9898230519009807
0.0024713510231412026	0.9898332974867805
0.0024689342074926896	0.9898435276218601
0.0024665208955370783	0.9898537423372428
0.002464111080587212	0.9898639415969622
0.0024617047559719846	0.9898741255687329
0.002459301915036072	0.9898842942132849
0.0024569025511392934	0.9898944475613382
0.0024545066576577117	0.9899045856435342
0.0024521142279826024	0.9899147084904382
0.0024497252555207823	0.9899248161325395
0.0024473397336948056	0.9899349086002497
0.0024449576559422807	0.9899449859239059
0.0024425790157165377	0.9899550481337687
0.002440203806485896	0.9899650952600227
0.002437832021734554	0.9899751273327777
0.0024354636549612113	0.9899851443820685
0.002433098699680426	0.989995146437855
0.0024307371494218456	0.9900051335300206
0.00242837899772988	0.9900151056883769
0.002426024238164204	0.9900250629426601
0.00242367286429993	0.990035005322532
0.0024213248697266656	0.9900449328575812
0.0024189802480492446	0.990054845577322
0.0024166389928872408	0.9900647435111971
0.002414301097875351	0.9900746266885742
0.0024119665566634417	0.9900844951387484
0.0024096353629143516	0.9900943488909428
0.0024073075103083126	0.9901041879743085
0.0024049829925388024	0.9901140124179227
0.002402661803313775	0.9901238222507918
0.0024003439363567427	0.9901336175018499
0.0023980293854057363	0.9901433981999599
0.002395718144212	0.9901531643739129
0.00239341020654246	0.9901629160524292
0.0023911055661785877	0.9901726532641578
0.0023888042169156534	0.9901823760376773
0.0023865061525639476	0.9901920844014958
0.0023842113669477216	0.9902017783840503
0.002381919853905661	0.9902114580137086
0.0023796316072908306	0.9902211233187684
0.002377346620970436	0.990230774327457
0.002375064888825579	0.9902404110679338
0.0023727864047521367	0.9902500335682872
0.002370511162659839	0.9902596418565374
0.0023682391564722764	0.9902692359606352
0.0023659703801273526	0.9902788159084638
0.0023637048275767765	0.9902883817278373
0.002361442492786651	0.9902979334465003
0.0023591833697363894	0.9903074710921318
0.0023569274524197262	0.9903169946923414
0.0023546747348440877	0.9903265042746712
0.002352425211030995	0.9903359998665955
0.0023501788750152834	0.9903454814955226
0.0023479357208457917	0.9903549491887926
0.0023456957425851558	0.9903644029736793
0.0023434589343052795	0.9903738428773895
0.0023412252901045933	0.9903832689270636
0.002338994804081887	0.9903926811497757
0.002336767470354181	0.9904020795725348
0.002334543283052155	0.9904114642222823
0.002332322236323072	0.9904208351258947
0.0023301043243179782	0.9904301923101838
0.0023278895412104416	0.9904395358018953
0.0023256778811850624	0.990448865627709
0.002323469338443305	0.9904581818142415
0.0023212639071873006	0.9904674843880438
0.0023190615816465923	0.9904767733756027
0.0023168623560575583	0.990486048803339
0.002314666224667819	0.9904953106976115
0.0023124731817467737	0.9905045590847146
0.0023102832215690945	0.9905137939908778
0.0023080963384236293	0.990523015442268
0.0023059125266136874	0.9905322234649885
0.0023037317804551795	0.9905414180850793
0.002301554094277076	0.9905505993285173
0.002299379462421245	0.9905597672212165
0.0022972078792425723	0.9905689217890281
0.002295039339108423	0.9905780630577413
0.0022928738363995568	0.9905871910530822
0.002290711365507083	0.9905963058007158
0.0022885519208408023	0.9906054073262441
0.0022863954968179814	0.9906144956552082
0.0022842420878698665	0.9906235708130868
0.002282091688440889	0.9906326328252978
0.0022799442929893493	0.9906416817171976
0.0022777998959815633	0.9906507175140812
0.002275658491900844	0.9906597402411836
0.0022735200752416313	0.9906687499236784
0.0022713846405111484	0.9906777465866785
0.002269252182228981	0.9906867302552381
0.0022671226949270637	0.9906957009543481
0.0022649961731494948	0.9907046587089418
0.002262872611452657	0.9907136035438922
0.0022607520044058173	0.9907225354840122
0.0022586343465904207	0.9907314545540556
0.0022565196325997493	0.9907403607787169
0.002254407857039641	0.990749254182631
0.0022522990145282216	0.9907581347903742
0.0022501930996955857	0.9907670026264639
0.002248090107184029	0.9907758576199264
0.0022459900316479514	0.9907847000814588
0.002243892867753908	0.9907935297491064
0.002241798610180137	0.9908023467425852
0.002239707253617466	0.990811151086121
0.002237618792768138	0.9908199428038819
0.0022355332223467127	0.9908287219199782
0.002233450537079559	0.9908374884584625
0.0022313707317048004	0.9908462424433306
0.002229293800972515	0.9908549838985212
0.0022272197396446232	0.9908637128479152
0.002225148542494884	0.9908724293153374
0.002223080204308442	0.990881133324556
0.0022210147198826824	0.9908898248992821
0.0022189520840263334	0.9908985040631707
0.002216892291559761	0.9909071708398214
0.0022148353373153194	0.9909158252527762
0.002212781216136594	0.9909244673255226
0.0022107299228788673	0.990933097081492
0.0022086814524090357	0.9909417145440597
0.0022066357996052533	0.9909503197365467
0.0022045929593574793	0.9909589126822177
0.0022025529265667547	0.9909674934042833
0.002200515696145921	0.9909760619258979
0.0021984812630189495	0.9909846182701626
0.002196449622121172	0.990993162460123
0.0021944207683994113	0.9910016945187704
0.002192394696811512	0.9910102144690421
0.002190371402326801	0.9910187223338208
0.0021883508799259974	0.9910272181359351
0.002186333124600413	0.9910357018981609
0.002184318131353319	0.991044173643219
0.002182305895198473	0.9910526333937772
0.002180296411161086	0.9910610811724506
0.002178289674277402	0.9910695170018001
0.002176285679594662	0.991077940904334
0.0021742844221712358	0.9910863529025076
0.002172285897076514	0.9910947530187229
0.0021702900993899625	0.9911031412753304
0.0021682970242041196	0.9911115176946271
0.002166306666620655	0.9911198822988585
0.0021643190217521006	0.9911282351102166
0.002162334084722803	0.9911365761508428
0.0021603518506677255	0.9911449054428259
0.0021583723147315043	0.9911532230082031
0.002156395472070969	0.9911615288689597
0.0021544213178528583	0.99116982304703
0.002152449847255078	0.9911781055642969
0.0021504810554660156	0.9911863764425918
0.0021485149376846797	0.9911946357036951
0.0021465514891207817	0.9912028833693367
0.0021445907049945636	0.991211119466585
0.0021426325805369412	0.9912193440008998
0.0021406771109892405	0.9912275570100277
0.0021387242916034626	0.9912357585101066
0.002136774117642057	0.9912439485226135
0.002134826584377746	0.9912521270689766
0.002132881687094016	0.9912602941705726
0.0021309394210844972	0.9912684498487294
0.002128999781653302	0.9912765941247252
0.00212706276411483	0.9912847270197885
0.00212512836379398	0.9912928485550987
0.0021231965760256494	0.9913009587517857
0.0021212673961553776	0.9913090576309304
0.002119340819538756	0.9913171452135648
0.002117416841541532	0.9913252215206723
0.002115495457539588	0.9913332865731878
0.002113576662919383	0.9913413403919965
0.002111660453077067	0.9913493829979367
0.002109746823419068	0.9913574144117978
0.002107835769361954	0.9913654346543209
0.0021059272863323646	0.9913734437461993
0.0021040213697527585	0.9913814417080786
0.0021021180150971237	0.9913894285605562
0.002100217217808845	0.9913974043241829
0.0020983189733546543	0.9914053690194605
0.002096423277210602	0.991413322666845
0.002094530124874754	0.9914212652867442
0.002092639511820976	0.9914291968995195
0.002090751433584483	0.9914371175254848
0.002088865885645472	0.9914450271849075
0.0020869828635470783	0.9914529258980135
0.002085102362825495	0.9914608136849667
0.0020832243790113	0.9914686905658996
0.0020813489076875733	0.9914765565608937
0.0020794759444052054	0.9914844116899844
0.0020776054847386908	0.9914922559731606
0.0020757375242720336	0.991500089430366
0.002073872058598932	0.9915079120814908
0.0020720090833227273	0.9915157239464006
0.002070148594056059	0.9915235250448956
0.0020682905864215437	0.9915313153967357
0.002066435056051001	0.9915390950216372
0.002064581998585889	0.9915468639392705
0.0020627314096772847	0.9915546221692608
0.002060883284998667	0.9915623697311887
0.0020590376201942004	0.9915701066445899
0.0020571944109551996	0.9915778329289557
0.0020553536529706027	0.9915855486037325
0.0020535153419382213	0.9915932536883222
0.0020516794735542165	0.9916009482020831
0.0020498460435568818	0.9916086321643284
0.002048015047661496	0.9916163055943277
0.002046186481603191	0.9916239685113069
0.0020443603411263206	0.9916316209344421
0.002042536621984499	0.9916392628828824
0.002040715319940574	0.9916468943757167
0.0020388964307662587	0.9916545154319967
0.00203707995024289	0.9916621260707296
0.002035265874160507	0.9916697263108802
0.00203345419831829	0.9916773161713702
0.002031644918524876	0.9916848956710775
0.0020298380305975527	0.9916924648288379
0.0020280335303627314	0.9917000236634445
0.002026231413656039	0.9917075721936468
0.002024431676321619	0.9917151104381533
0.0020226343142130798	0.9917226384156287
0.002020839323192495	0.9917301561446965
0.0020190466991314303	0.9917376636439368
0.0020172564379098276	0.9917451609318888
0.002015468535416613	0.9917526480270493
0.002013682987549698	0.991760124947873
0.0020118997902156643	0.9917675917127735
0.002010118939330026	0.9917750483401223
0.0020083404308171198	0.9917824948482492
0.0020065642606096478	0.9917899312554436
0.0020047904246495605	0.9917973575799525
0.0020030189188872164	0.9918047738399823
0.0020012497392816624	0.9918121800536985
0.0019994828818006996	0.9918195762392255
0.0019977183424207167	0.9918269624146465
0.001995956117126795	0.9918343385980047
0.0019941962019124765	0.9918417048073022
0.0019924385927802424	0.9918490610605002
0.0019906832857405072	0.9918564073755209
0.001988930276812822	0.9918637437702449
0.001987179562024941	0.991871070262513
0.0019854311374131388	0.9918783868701262
0.0019836849990221453	0.9918856936108454
0.00198194114290523	0.9918929905023915
0.001980199565124075	0.991900277562446
0.0019784602617487126	0.9919075548086503
0.0019767232288575103	0.9919148222586069
0.001974988462537356	0.9919220799298782
0.001973255958883414	0.9919293278399877
0.0019715257139989464	0.9919365660064198
0.00196979772399592	0.9919437944466194
0.0019680719849943314	0.9919510131779925
0.0019663484931225243	0.9919582222179063
0.0019646272445168634	0.9919654215836895
0.001962908235230547	0.9919726112926319
0.001961191461595979	0.9919797913619843
0.001959476919685732	0.9919869618089595
0.0019577646056701944	0.9919941226507321
0.0019560545157259698	0.9920012739044377
0.001954346646114913	0.9920084155871743
0.0019526409928817962	0.9920155477160019
0.0019509375523012122	0.9920226703079419
0.0019492363205827188	0.9920297833799787
0.0019475372939442548	0.9920368869490583
0.0019458404686114783	0.9920439810320895
0.0019441458408181725	0.9920510656459427
0.0019424534068061517	0.9920581408074519
0.001940763162824958	0.992065206533413
0.0019390751051323832	0.992072262840585
0.0019373892299937565	0.9920793097456898
0.0019357055336826781	0.9920863472654117
0.0019340240124803975	0.9920933754163983
0.0019323446626758614	0.9921003942152608
0.0019306674805664237	0.9921074036785731
0.001928992462456405	0.9921144038228725
0.001927319604658751	0.9921213946646598
0.001925648903493677	0.9921283762186507
0.0019239803552892694	0.992135348506519
0.0019223139563816424	0.9921423115394101
0.0019206497031137829	0.9921492653354288
0.001918987591837376	0.9921562099108939
0.0019173276189112934	0.992163145282089
0.0019156697807021375	0.9921700714652614
0.0019140140739033935	0.9921769884766231
0.0019123604939386319	0.9921838963323494
0.0019107090381558418	0.992190795048581
0.001909059702632308	0.9921976846414226
0.0019074124837730035	0.9922045651269432
0.0019057673779896585	0.9922114365211774
0.0019041243817020136	0.9922182988401239
0.0019024834913374511	0.9922251520997326
0.0019008447033303922	0.992231996315959
0.0018992080141230698	0.9922388315046834
0.0018975734201649016	0.992245657681777
0.0018959409179131108	0.992252474863038
0.0018943105038321676	0.9922592830642684
0.0018926821748349158	0.9922660823012234
0.0018910559265322949	0.9922728725896224
0.0018894317558374564	0.9922796539451519
0.0018878096592452303	0.9922864263834624
0.0018861896332565216	0.9922931899201718
0.0018845716740189884	0.9922999445708623
0.0018829557787593057	0.9923066903510832
0.0018813419436501681	0.9923134272763496
0.0018797301652220503	0.9923201553621425
0.0018781204401756312	0.9923268746239085
0.0018765127647321432	0.9923335850770623
0.0018749071356041287	0.9923402867369825
0.0018733035493499598	0.992346979619017
0.0018717020022354708	0.9923536637384771
0.001870102491431519	0.9923603391106437
0.0018685050132221728	0.992367005750763
0.0018669095641955544	0.9923736636740474
0.001865316141082306	0.9923803128956141
0.0018637247402134593	0.9923869534307361
0.0018621353583324987	0.9923935852944646
0.0018605479920551227	0.9924002085018817
0.0018589626380044093	0.9924068230681029
0.00185737929281012	0.9924134290080102
0.0018557979531093978	0.9924200263366533
0.0018542186155461038	0.9924266150689828
0.0018526412767707844	0.9924331952199178
0.0018510659334415502	0.9924397668043436
0.0018494925822228159	0.9924463298371149
0.0018479212197863824	0.9924528843330526
0.0018463518428104614	0.9924594303069468
0.0018447844479806835	0.9924659677735549
0.0018432190319889654	0.9924724967476027
0.0018416555915345301	0.9924790172437838
0.0018400941233231746	0.9924855292767605
0.0018385346240674281	0.9924920328611633
0.001836977090486798	0.992498528011591
0.0018354215193072394	0.9925050147426114
0.0018338679072619419	0.99251149306876
0.0018323162510903014	0.9925179630045416
0.001830766547538905	0.9925244245644298
0.0018292187933605848	0.9925308777628667
0.0018276729853154042	0.9925373226142632
0.0018261291201695942	0.9925437591329993
0.0018245871946962352	0.9925501873334246
0.0018230472056749776	0.9925566072298575
0.0018215091498921137	0.9925630188365853
0.001819973024140654	0.9925694221678647
0.0018184388252199123	0.9925758172379223
0.0018169065499361752	0.9925822040609543
0.0018153761951020786	0.9925885826511247
0.00181384775753655	0.9925949530225691
0.001812321234065224	0.9926013151893917
0.0018107966215205576	0.9926076691656673
0.0018092739167411141	0.9926140149654411
0.0018077531165720194	0.9926203526027246
0.0018062342178648157	0.9926266820915041
0.00180471721747771	0.9926330034457341
0.0018032021122748884	0.9926393166793409
0.0018016888991273618	0.9926456218062087
0.0018001775749123385	0.9926519188402237
0.001798668136513663	0.992658207795195
0.0017971605808210984	0.9926644886849394
0.0017956549047312058	0.9926707615232323
0.0017941511051464765	0.9926770263238205
0.0017926491789761149	0.9926832831004908
0.0017911491231351459	0.9926895318668139
0.0017896509345454832	0.9926957726365004
0.0017881546101350403	0.9927020054231809
0.00178666014683751	0.9927082302404573
0.0017851675415934173	0.9927144471019017
0.00178367679134967	0.9927206560210567
0.0017821878930586248	0.9927268570114381
0.0017807008436797195	0.9927330500865309
0.0017792156401776765	0.9927392352597935
0.0017777322795241033	0.9927454125446536
0.0017762507586964672	0.9927515819545121
0.0017747710746784952	0.9927577435027403
0.0017732932244596275	0.9927638972026824
0.001771817206915389	0.9927700430676536
0.001770343015510583	0.9927761811109406
0.0017688706489235044	0.9927823113458017
0.0017674001041684537	0.9927884337854684
0.0017659313767300943	0.9927945484431444
0.0017644644665289764	0.9928006553320029
0.0017629993692298963	0.992806754465192
0.0017615360818712628	0.992812845855831
0.001760074601497293	0.9928189295160875
0.0017586149251582943	0.992825005460774
0.0017571570499108965	0.9928310737020962
0.0017557009728098117	0.9928371342530639
0.0017542466909393289	0.9928431871266569
0.0017527942013645056	0.9928492323358304
0.0017513435011672661	0.9928552698935108
0.0017498945874339605	0.9928612998125969
0.0017484474572466882	0.992867322105961
0.0017470021077105318	0.9928733367864491
0.0017455585359288956	0.9928793438668786
0.0017441167390102547	0.9928853433600435
0.0017426767140723803	0.9928913352787009
0.0017412384582341058	0.9928973196355949
0.0017398019686223614	0.9929032964434316
0.001738367242369536	0.992909265714904
0.0017369342766140078	0.9929152274626599
0.001735503068499838	0.9929211816993345
0.0017340736151765716	0.9929271284375203
0.0017326459137999054	0.9929330676898181
0.0017312199615307656	0.9929389994687561
0.0017297957555362949	0.9929449237868918
0.0017283732929888548	0.9929508406566653
0.001726952571860543	0.9929567500906747
0.0017255335877605369	0.9929626521011915
0.0017241163386577873	0.9929685467007494
0.0017227008217477683	0.9929744339016435
0.0017212870336103256	0.9929803137165467
0.0017198749718411513	0.992986186157396
0.001718464634721339	0.9929920512367545
0.0017170560186335825	0.9929979089665988
0.0017156491208006424	0.9930037593600749
0.0017142439391131265	0.9930096024272758
0.0017128404694868571	0.9930154381834364
0.001711438709817026	0.9930212666395489
0.0017100386573488818	0.993027087807383
0.0017086403089639562	0.9930329016981403
0.001707243663026785	0.9930387083271278
0.0017058487156908528	0.9930445077008337
0.0017044554645924467	0.9930502998358669
0.0017030639072940098	0.993056084745403
0.0017016740402043978	0.993061862443261
0.001700285861476274	0.9930676329229906
0.0016988993681090793	0.9930733962072378
0.0016975145573965816	0.9930791523454191
0.0016961314266389403	0.993084901283387
0.0016947499731405685	0.9930906430609088
0.001693370194212527	0.9930963776880677
0.0016919920871700798	0.9931021053026141
0.0016906156493343195	0.993107825701874
0.001689240878031734	0.9931135389926103
0.0016878677705941254	0.9931192451866016
0.0016864963243581651	0.9931249442956026
0.001685126536666144	0.9931306363313445
0.00168375840486587	0.993136321305534
0.001682391926309731	0.9931419992298559
0.0016810270983561998	0.99314767011597
0.0016796639183681704	0.9931533339755149
0.001678302383714092	0.9931589908201044
0.0016769424917678689	0.9931646406613299
0.0016755842399083431	0.9931702835107594
0.0016742276255194508	0.9931759193799389
0.0016728726459904857	0.9931815482803916
0.001671519298715796	0.9931871702236174
0.0016701675810949594	0.993192785221093
0.0016688174905325512	0.9931983932842763
0.00166746902443846	0.9932039944245982
0.0016661221802276047	0.9932095886534702
0.001664776955319821	0.9932151759822839
0.0016634333471401475	0.9932207564224039
0.0016620913531190137	0.9932263299851757
0.0016607509706915325	0.9932318966819244
0.0016594121972978145	0.9932374565239455
0.001658075030383325	0.9932430095225311
0.001656739467398578	0.9932485556889394
0.0016554055057984686	0.9932540950343886
0.0016540731430434736	0.9932596275701107
0.0016527423765991124	0.9932651533073559
0.001651413203935781	0.993270672257176
0.0016500856225284339	0.9932761844308187
0.0016487596298575865	0.9932816898394157
0.0016474352234081753	0.9932871884941225
0.001646112400670663	0.9932926804058434
0.0016447911591397323	0.9932981655858597
0.0016434714963156386	0.993303644045322
0.001642153409703216	0.9933091157950812
0.0016408368968120481	0.9933145808461735
0.0016395219551568595	0.9933200392091205
0.0016382085822569826	0.9933254908955196
0.001636896775637007	0.9933309359161145
0.0016355865328258636	0.9933363742822312
0.0016342778513577497	0.9933418060052983
0.001632970728771298	0.9933472310944577
0.0016316651626103787	0.993352649563229
0.001630361150423396	0.993358061420774
0.001629058689763441	0.9933634666739535
0.0016277577781886375	0.9933688653406948
0.0016264584132616488	0.9933742574355177
0.0016251605925500588	0.9933796429369016
0.0016238643136260414	0.9933850218946921
0.0016225695740667108	0.9933903943436173
0.0016212763714536175	0.9933957602306559
0.001619984703373368	0.9934011195630941
0.0016186945674170664	0.9934064724510583
0.0016174059611803518	0.9934118186939908
0.0016161188822639424	0.9934171586578471
0.0016148333282726755	0.9934224918521051
0.0016135492968166348	0.9934278187454372
0.001612266785510053	0.9934331391804877
0.0016109857919722442	0.9934384534367531
0.0016097063138267574	0.9934437608874429
0.001608428348676091	0.9934490621626613
0.0016071518942041532	0.9934543565727134
0.0016058769480236984	0.9934596444105297
0.0016046035077759563	0.9934649269937306
0.001603331571128834	0.9934702012100683
0.0016020611357209207	0.9934754724279125
0.0016007921991721338	0.9934807314591994
0.0015995247591704125	0.9934859941004389
0.0015982588133804162	0.9934912526815638
0.001596994359449816	0.9934964994112156
0.0015957313950961897	0.9935017366618079
0.001594469917976018	0.9935069677411806
0.0015932099257722407	0.9935121827178436
0.0015919514161721103	0.9935174135901907
0.00159069438686746	0.9935226253362119
0.0015894388355544465	0.9935278157593224
0.0015881847599338661	0.993533042701087
0.0015869321577108967	0.9935382382750996
0.0015856810265948702	0.9935434251333448
0.0015844313642999338	0.9935486033082306
0.0015831831685442293	0.9935537872595148
0.0015819364370507894	0.9935589578722968
0.00158069116775103	0.9935641118231812
0.0015794473579707979	0.9935692636469425
0.0015782050056468544	0.9935744455763958
0.0015769641085196008	0.9935795913669815
0.0015757246641712602	0.9935847334668496
0.0015744866706728438	0.9935898726043664
0.0015732501256178794	0.9935949910947935
0.0015720150267641035	0.9936001279418626
0.0015707813718729784	0.9936052367619981