0.00020564346436599404	0.09303012732752336
0.0002084287325801372	0.09384350736609126
0.00021123660664787357	0.09465871383716384
0.00021406709855008237	0.09547573338843995
0.00021692021876580062	0.0962945526745943
0.00021979597628290684	0.09711515835779516
0.00022269437851653626	0.09793753710794206
0.00022561543144931364	0.09876167560318416
0.00022855913949041768	0.09958756053049478
0.00023152550553221066	0.10041517858577009
0.00023451453094654827	0.10124451647443189
0.0002375262156466736	0.10207556091200398
0.00024056055792743333	0.10290829862415907
0.0002436175547385479	0.10374271634728816
0.00024669720143814187	0.1045788008292714
0.00024979949182780595	0.1054165388291648
0.000252924418256093	0.10625591711813664
0.00025607197154735957	0.10709692247962277
0.00025924214110924405	0.1079395417101019
0.00026243491462609245	0.10878376161871361
0.00026565027879462766	0.10962956902884013
0.00026888821829606303	0.11047695077713093
0.00027214871653051564	0.1113258937147964
0.0002754317553727947	0.11217638470759628
0.00027873731536145726	0.11302841063686808
0.00028206537518100596	0.11388195839864124
0.0002854159128582422	0.11473701490569599
0.00028878890411280963	0.1155935670862025
0.0002921843235249045	0.11645160188520953
0.00029560214416435933	0.11731110626452246
0.00029904233776514155	0.11817206720364026
0.0003025048744548579	0.11903447169976766
0.00030598972328420884	0.11989830676758229
0.0003094968514084948	0.1207635594402644
0.0003130262247707464	0.12163021677012953
0.00031657780788914985	0.12249826582843637
0.0003201515636421793	0.12336769370562972
0.00032374745404486783	0.12423848751199018
0.00032736543910665624	0.12511063437808756
0.000331005477835308	0.12598412145496474
0.00033466752749066305	0.1268589359141964
0.0003383515442413937	0.1277350649483492
0.0003420574828755134	0.12861249577226108
0.00034578529666086643	0.12949121562186416
0.0003495349374216681	0.13037121175516964
0.0003533063558793032	0.13125247145248786
0.00035709950116163746	0.13213498201735285
0.0003609143210695824	0.13301873077686732
0.00036475076260468757	0.13390370508016325
0.0003686087706167701	0.13478989230073057
0.0003724882888843458	0.13567727983561206
0.0003763892602023819	0.136565855107476
0.0003803116255972411	0.13745560556160652
0.0003842553251021592	0.13834651867052516
0.00038822029775148205	0.13923858192990435
0.0003922064805082517	0.14013178286167993
0.00039621380946018337	0.1410261090130519
0.00040024221970489255	0.14192154795890322
0.00040429164462772363	0.14281808729872092
0.00040836201608802875	0.1437157146587763
0.0004124532661183823	0.14461441769379757
0.0004165653241315037	0.14551418408397554
0.0004206981186363178	0.14641500153759557
0.00042485157688583165	0.14731685779020565
0.0004290256253912213	0.1482197406068485
0.000433220188414222	0.14912363777867332
0.0004374351908937478	0.15002853712769082
0.00044167055494457745	0.15093442650272682
0.00044592620188710304	0.15184129378238476
0.00045020205200881677	0.15274912687454545
0.0004544980243274207	0.1536579137162375
0.0004588140369637103	0.15456764227507347
0.00046315000663402336	0.1554783005488075
0.00046750584947034514	0.15638987656431735
0.0004718814799096938	0.15730235837961148
0.0004762768113461187	0.1582157340834347
0.00048069175601842787	0.15912999179487652
0.0004851262257000615	0.1600451196662388
0.0004895801301520906	0.16096110587904444
0.0004940533791532863	0.16187793864734112
0.0004985458803891634	0.1627956062168362
0.0005030575411829873	0.16371409686561356
0.0005075882676000352	0.16463339890419582
0.0005121379644332785	0.1655535006751282
0.0005167065361248019	0.16647439055395596
0.0005212938855417052	0.16739605694932058
0.0005258999146130233	0.1683184883026554
0.0005305245244401919	0.16924167308879978
0.0005351676153446694	0.17016559981660673
0.0005398290863066786	0.17109025702820635
0.0005445088355347195	0.17201563329968939
0.0005492067601979633	0.17294171724114027
0.0005539227568557688	0.17386849749764322
0.0005586566661773266	0.17479596274806597
0.0005634085463765317	0.17572410170590724
0.0005681781276294736	0.1766529031204469
0.0005729653570938918	0.17758235577498682
0.0005777701266207008	0.17851244848840886
0.0005825923272407801	0.1794431701150001
0.0005874318490802403	0.18037450954433054
0.0005922885816256774	0.18130645570243287
0.0005971624131361729	0.1822389975504215
0.0006020532316492571	0.18317212408574057
0.0006069609239357516	0.18410582434201417
0.000611885375979373	0.18504008738897926
0.0006168264732949196	0.1859749023336702
0.0006217841003374491	0.1869102583188843
0.0006267581409147234	0.18784614452455117
0.000631748478084432	0.18878255016752354
0.0006367549706239748	0.1897194645015785
0.0006417775462335915	0.19065687681830568
0.0006468160631858125	0.19159477644600187
0.0006518704017584136	0.19253315275068217
0.0006569404691479421	0.19347199513599345
0.0006620260898967043	0.19441129304333238
0.0006671271687453348	0.1953510359519729
0.0006722435832015647	0.1962912133791871
0.0006773752100983181	0.19723181488027053
0.0006825219257572098	0.1981728300491199
0.0006876836057407507	0.1991142485175783
0.0006928601250597207	0.20005605995610742
0.0006980513580966516	0.20099825407376082
0.0007032571787038222	0.20194082061816687
0.0007084774601769315	0.2028837493760941
0.0007137120751634971	0.20382703017283998
0.0007189608957501604	0.20477065287284646
0.0007242237936581919	0.20571460737963532
0.0007295006473879817	0.2066588836359301
0.000734791333250062	0.20760347162375947
0.000740095681007755	0.2085483613645034
0.0007454135945165778	0.20949354291896272
0.0007507449356536465	0.21043900638769575
0.0007560895729515856	0.21138474191067613
0.0007614473485016191	0.2123307396676769
0.0007668181810698779	0.2132769898782768
0.0007722019129186302	0.21422348280192838
0.0007775984108471867	0.21517020873799364
0.0007830075413055313	0.2161171580259983
0.0007884291702881144	0.21706432104541462
0.0007938631633971628	0.2180116882159282
0.0007993093859176122	0.2189592500421751
0.0008047677026942985	0.21990699693686488
0.0008102379782364256	0.22085491948331892
0.0008157200767066831	0.2218030082625767
0.0008212138619235233	0.22275125389603156
0.0008267191974022489	0.22369964699108158
0.0008322359463177007	0.22464817835739626
0.0008377639715494422	0.22559683868555203
0.0008433031356785557	0.22654561875939272
0.0008488533010219595	0.22749450940346705
0.0008544143295989604	0.2284435014830749
0.0008599860770032539	0.22939258590436928
0.000865568423315838	0.2303417536142912
0.0008711612112446126	0.23129099560068556
0.0008767643080464555	0.23224030289230813
0.0008823775745447827	0.23318966655886897
0.0008880008713669078	0.23413907771105102
0.0008936340589377703	0.2350885275005492
0.0008992769975037853	0.23603800712010936
0.0009049295471271376	0.2369875078035113
0.0009105915677058042	0.23793702082563406
0.0009162629189820455	0.23888653750246547
0.0009219434605503513	0.23983604919110968
0.0009276330518748267	0.24078554728981405
0.0009333315522920122	0.2417350232379898
0.0009390388210206074	0.2426844685045736
0.0009447547171728003	0.24363387464624153
0.0009504790997732383	0.24458323319102326
0.0009562118277534074	0.24553253575470002
0.0009619527599729975	0.24648177398263404
0.0009677017552242625	0.24743093956137696
0.0009734586722443205	0.24838002421870875
0.0009792233697239025	0.24932901972360222
0.0009849957063170476	0.250277917886252
0.000990775540650531	0.2512267105580549
0.0009965627313343619	0.2521753896316098
0.0010023571369695591	0.25312394704070185
0.0010081586161596505	0.25407237476030986
0.0010139670275181398	0.2550206648065868
0.0010197822296777244	0.2559688092368466
0.0010256040813009938	0.25691680014954743
0.0010314324410890655	0.2578646296842857
0.0010372671677894457	0.2588122900217744
0.0010431081202069946	0.2597597733838243
0.001048955157212055	0.2607070720333162
0.0010548081377474863	0.2616541782741981
0.0010606669208416601	0.2626010844514355
0.0010665313656128225	0.2635477829510109
0.0010724013312811054	0.2644942661998788
0.0010782766771744033	0.2654405266659442
0.0010841572627392614	0.266386556858041
0.0010900429475485134	0.26733234932587846
0.0010959335913089787	0.26827789666003166
0.001101829053870264	0.2692231914918971
0.0011077291952342463	0.2701682264936477
0.0011136338755610088	0.27111299437820935
0.0011195429551792038	0.27205748789922
0.0011254562945928936	0.273001699850978
0.0011313737544897354	0.27394562306841064
0.0011372951957480963	0.2748892504270264
0.0011432204794476623	0.27583257484287527
0.001149149466874049	0.2767755892724928
0.001155082019528051	0.2777182867128669
0.001161017999132982	0.27866066020136715
0.0011669572676430314	0.27960270281572075
0.001172899687249715	0.28054440767394184
0.0011788451203890635	0.28148576793428315
0.001184793429750699	0.2824267767951818
0.0011907444782831855	0.28336742749521127
0.0011966981292024443	0.2843077133130115
0.001202654245998636	0.28524762756724165
0.0012086126924427927	0.28618716361651686
0.00121457333259428	0.28712631485933826
0.001220536030807856	0.28806507473405485
0.0012265006517400937	0.28900343671877105
0.0012324670603563257	0.28994139433130794
0.001238435121936933	0.29087894112911816
0.0012444047020853685	0.2918160707092311
0.0012503756667324002	0.292752776708183
0.0012563478821451357	0.29368905280194646
0.0012623212149315418	0.2946248927058599
0.0012682955320472149	0.29556029017455576
0.0012742707008025272	0.29649523900188957
0.0012802465888680802	0.29742973302086917
0.00128622306428016	0.2983637661035784
0.0012921999954481306	0.2992973321610952
0.0012981772511598932	0.3002304251434216
0.0013041547005866868	0.301163039039415
0.0013101322132910995	0.302095167876682
0.0013161096592308578	0.3030268057215355
0.0013220869087650468	0.3039579466788753
0.0013280638326602478	0.3048885848921449
0.001334040302095859	0.30581871454321075
0.0013400161886683766	0.3067483298523216
0.001345991364398881	0.3076774250779758
0.0013519657017364798	0.3086059945168751
0.001357939073564259	0.3095340325038214
0.0013639113532051394	0.31046153341162896
0.0013698824144255022	0.3113884916510389
0.0013758521314409008	0.3123149016706297
0.0013818203789211227	0.31324075795673334
0.0013877870319955303	0.3141660550333365
0.0013937519662564168	0.3150907874619867
0.001399715057764964	0.3160149498417075
0.0014056761830554387	0.3169385368089026
0.0014116352191402863	0.317861543037265
0.001417592043513427	0.31878396323767055
0.0014235465341551864	0.3197057921581009
0.001429498569538133	0.32062702458352743
0.0014354480286288519	0.32154765533582863
0.001441394790894152	0.3224676792736868
0.0014473387363044341	0.32338709129248444
0.0014532797453371575	0.32430588632421564
0.0014592176989823113	0.32522405933737886
0.0014651524787450691	0.3261416053368771
0.001471083966649757	0.32705851936391783
0.0014770120452447589	0.3279747964959143
0.0014829365976055846	0.3288904318463651
0.0014888575073369384	0.32980542056478224
0.0014947746585796645	0.33071975783655483
0.001500687936010787	0.3316334388828651
0.0015065972248498303	0.3325464589605771
0.001512502410860087	0.33345881336213357
0.001518403380352784	0.3343704974154339
0.001524300020191012	0.3352815064837522
0.001530192217791564	0.3361918359656144
0.0015360798611287233	0.33710148129468354
0.0015419628387372335	0.3380104379396769
0.0015478410397157909	0.33891870140422065
0.0015537143537292177	0.3398262672267749
0.001559582671010966	0.3407331309805024
0.001565445882367355	0.3416392882731548
0.0015713038791791887	0.3425447347469843
0.0015771565534042878	0.3434494660786086
0.0015830037975811233	0.3443534779789057
0.0015888455048300152	0.3452567661929087
0.0015946815688562164	0.34615932649967796
0.0016005118839534174	0.34706115471220644
0.0016063363450032674	0.34796224667728426
0.0016121548474814906	0.34886259827540467
0.0016179672874560098	0.3497622054206335
0.0016237735615922076	0.35066106406050146
0.0016295735671535685	0.35155917017588767
0.0016353672122963608	0.352456519780897
0.0016411543646100493	0.3533531089227623
0.00164693495404282	0.35424893368170063
0.0016527088699787164	0.35514399017081866
0.0016584764847959476	0.3560382745359796
0.0016642362831098439	0.3569317829556974
0.001669989582705467	0.3578245116410128
0.0016757358136090682	0.3587164568353777
0.0016814748785536938	0.3596076148145275
0.0016872066808891618	0.36049798188636695
0.001692931191086324	0.3613875543908629
0.00169864818043889	0.3622763286999071
0.0017043576209079744	0.3631643012172071
0.0017100593527712587	0.36405146837814717
0.0017157534139634531	0.364937826649707
0.0017214396456576146	0.36582337253029784
0.0017271179555526206	0.36670810254966335
0.0017327882519739383	0.3675920132687672
0.0017384504342553135	0.3684751012796387
0.00174410444083102	0.36935736320529444
0.0017497501530560366	0.3702387956995805
0.001755387491387247	0.37111939544706674
0.0017610163672935608	0.3719991591629249
0.0017666366928756035	0.37287808359279795
0.0017722483808660177	0.37375616551269175
0.001777851344629052	0.3746334017288335
0.0017834454981636512	0.37550978907756805
0.0017890307561012019	0.376385324425218
0.001794607033707519	0.37726000466797327
0.0018001742468844429	0.3781338261851832
0.001805732312166351	0.37900678757212203
0.0018112811467247555	0.3798788841613351
0.00181682060928845	0.380750113552079
0.0018223507367377313	0.3816204727497211
0.001827871388822315	0.38248995883979275
0.0018333825434001655	0.38335856892406384
0.0018388840041641031	0.3842263001331617
0.0018443757505878418	0.38509314962648256
0.0018498577042951865	0.3859591145920348
0.0018553297875477028	0.3868241922463289
0.0018607919232419047	0.3876883798342555
0.0018662440349126706	0.3885516746289529
0.0018716860467283079	0.3894140739316919
0.0018771178834949972	0.3902755750717408
0.0018825394706549039	0.39113617540624623
0.0018879507342839097	0.39199587232012056
0.0018933516010865659	0.3928546632258948
0.0018987419984254571	0.3937125454925897
0.001904121854273326	0.3945695167301865
0.0019094910972453304	0.39542557436185133
0.0019148496565896667	0.39628071597872083
0.001920197462186995	0.3971349389903366
0.0019255344445525248	0.39798824104231045
0.0019308605348302985	0.39884061973710927
0.001936175664796788	0.3996920727038302
0.001941479766859059	0.40054259759807576
0.0019467727740531797	0.40139219210183463
0.0019520546200461504	0.4022408539233656
0.0019573252391302076	0.4030885807970652
0.001962584566226664	0.4039353704833374
0.0019678325368841427	0.40478122076847733
0.0019730690872741888	0.4056261294645469
0.00197829415419658	0.40647009440925996
0.0019835076750717604	0.4073131134658379
0.0019887095879449774	0.4081551845229051
0.001993899831480773	0.4089963054943505
0.0019990783449688725	0.40983647431921655
0.0020042450683157467	0.410675688961572
0.002009399942041994	0.4115139474103837
0.0020145429072927785	0.4123512476794027
0.0020196739058265865	0.41318758780702813
0.002024792880016053	0.41402296585620335
0.0020298997728485286	0.41485737991426985
0.002034994527923962	0.41569082809287206
0.0020400770894518938	0.4165233085278064
0.0020451474022531034	0.41735481937891894
0.00205020541175657	0.418185358829983
0.002055251063997318	0.4190149250885553
0.002060284305616627	0.4198435163858917
0.0020653050838610495	0.4206711309767861
0.002070313346577467	0.4214977671394762
0.0020753090422162505	0.4223234231755165
0.00208029211982526	0.42314809740964365
0.002085262529052631	0.4239717881896736
0.0020902202201418833	0.42479449388637236
0.002095165143930893	0.4256162128933396
0.0021000972518525566	0.4264369436268717
0.0021050164959300053	0.4272566845258733
0.002109922828776744	0.42807543405170856
0.002114816203594812	0.4288931906880976
0.0021196965741731018	0.42970995294098224
0.0021245638948843666	0.43052571933843176
0.0021294181206855715	0.43134048843048967
0.0021342592071139886	0.4321542587890954
0.0021390871102871197	0.43296702900792305
0.0021439017868997057	0.43377879770229777
0.0021487031942225873	0.4345895635090551
0.0021534912901005495	0.4353993250864385
0.0021582660329495166	0.4362080811139657
0.0021630273817570393	0.4370158302923345
0.0021677752960777247	0.43782257134328406
0.0021725097360334542	0.43862830300947564
0.0021772306623093953	0.43943302405440565
0.002181938036153455	0.4402367332622542
0.00218663181937405	0.4410394294377945
0.002191311974337229	0.44184111140625715
0.002195978463966519	0.44264177801322613
0.0022006312517386024	0.4434414281245356
0.0022052703016819494	0.44424006062611787
0.0022098955783766486	0.4450376744239296
0.0022145070469490806	0.44583426844381024
0.0022191046730727425	0.446629841631376
0.0022236884229633685	0.4474243929519157
0.0022282582633799384	0.44821792139025685
0.0022328141616194423	0.44901042595067364
0.0022373560855166413	0.4498019056567506
0.002241884003441289	0.4505923595512996
0.0022463978842955467	0.45138178669621154
0.0022508976975132377	0.4521701861723816
0.002255383413055132	0.4529575570795642
0.002259855001408926	0.4537438985362875
0.0022643124335860075	0.45452920967972377
0.002268755681118885	0.4553134896655816
0.0022731847160607785	0.45609673766800995
0.0022775995109795837	0.4568789528794742
0.0022820000389604817	0.4576601345106376
0.0022863862735989465	0.45844028179027596
0.002290758189001718	0.4592193939651473
0.002295115759783017	0.4599974702998928
0.0022994589610621867	0.4607745100769235
0.0023037877684617737	0.46155051259631463
0.0023081021581510615	0.46232547717569794
0.0023124021066588626	0.46309940315015297
0.0023166875911488282	0.46387228987209717
0.0023209585892327196	0.4646441367111833
0.0023252150790116608	0.4654149430541845
0.0023294570390767298	0.4661847083048938
0.0023336844485056536	0.46695343188403116
0.0023378972868583004	0.4677211132291029
0.002342095534177771	0.46848775179433355
0.002346279170969511	0.46925334705053745
0.0023504481782635933	0.47001789848501563
0.002354602537518174	0.4707814056014733
0.0023587422306726442	0.47154386791988123
0.0023628672193811177	0.4723052849763969
0.002366977548809727	0.4730656563232626
0.0023710731399762975	0.47382498152867303
0.002375153997528035	0.47458326017671404
0.0023792201056886363	0.47534049186722915
0.0023832714491826097	0.4760966762157295
0.002387308013185241	0.4768518128532867
0.0023913297833233842	0.4776059014264443
0.0023953367456777236	0.47835894159709624
0.0023993288867781275	0.4791109330424118
0.002403306193587001	0.4798618754547078
0.0024072686535007697	0.48061176854137155
0.002411216254381587	0.4813606120247086
0.0024151489845175046	0.48210840564200175
0.0024190668326285786	0.482855149145185
0.0024229698064294563	0.48360084230089606
0.002426857839817519	0.48434548489033613
0.0024307309784854444	0.48508907670918444
0.002434589194305526	0.4858316175674805
0.0024384324781315226	0.4865731072895433
0.0024422608212373055	0.4873135457138704
0.00244607421531352	0.48805293269305616
0.0024498726524643326	0.4887912680936446
0.002453656125205437	0.48952855179610066
0.002457424626462113	0.49026478369468174
0.0024611781495722483	0.49099996369733534
0.0024649166882611162	0.49173409174355387
0.002468640236669122	0.49246716771461185
0.002472348789331374	0.4931991916127977
0.0024760423411801843	0.4939301633819918
0.0024797208875421265	0.49466008299724074
0.002483384424133227	0.49538895044672515
0.0024870329470597554	0.4961167657316874
0.0024906664528140106	0.49684352886631356
0.002494284938271706	0.49756923987765067
0.0024978884006894592	0.49829389880552977
0.0025014768377035874	0.4990175057024593
0.0025050502473254613	0.49974006063355514
0.0025086086279407453	0.5004615636763798
0.002512151978305961	0.5011820149209678
0.0025156802975459342	0.5019014144696572
0.0025191935851518526	0.5026197624370125
0.0025226918409787034	0.5033370589497539
0.002526175065242528	0.5040533041466532
0.0025296432585172465	0.5047684981784547
0.0025330964217332593	0.5054826412077843
0.002536534556174826	0.5061957334090608
0.0025399576634767525	0.5069077749684159
0.002543365745623306	0.5076187660836029
0.00254675880494301	0.5083287069639084
0.002550136844109678	0.5090375978300729
0.0025534998661382717	0.5097454389142065
0.0025568478743808426	0.510452230459693
0.0025601808725272696	0.5111579727211168
0.0025634988646005977	0.5118626659641787
0.0025668018549548123	0.5125663104655998
0.0025700898485068106	0.51326890651306
0.002573362849803197	0.5139704544050925
0.0025766208644056134	0.5146709544510115
0.0025798638979693295	0.5153704069708349
0.0025830919564672613	0.516068812295191
0.0025863050461899404	0.5167661707652544
0.0025895031737422037	0.51746248273264
0.0025926863460390727	0.5181577485593525
0.002595854570307504	0.5188519686176678
0.002599007853875452	0.519545143290099
0.002602146204981578	0.520237272969277
0.002605269631567099	0.5209283580578956
0.002608378142069876	0.5216183989686245
0.002611471745226829	0.5223073961240288
0.00261455045006809	0.5229953499564852
0.0026176142659173926	0.5236822609081317
0.0026206632023883384	0.5243681294305749
0.002623697269383188	0.5250529559855451
0.0026267164770879116	0.5257367410437638
0.002629720835973492	0.5264194850855504
0.002632710356790437	0.5271011886005925
0.0026356850505683325	0.5277818520878557
0.0026386449286127244	0.528461476055518
0.002641590002502901	0.5291400610208872
0.002644520284089854	0.5298176075103312
0.0026474357854936823	0.5304941160592072
0.002650336519101163	0.5311695872117761
0.0026532224975634316	0.5318440215211504
0.0026560937337954038	0.5325174195491894
0.0026589502409701538	0.5331897818664623
0.002661792032519596	0.5338611090521481
0.0026646191219171513	0.5345314016939808
0.0026674315235341436	0.5352006603881656
0.0026702292513486854	0.5358688857393226
0.0026730123197968277	0.5365360783603977
0.00267578074356411	0.5372022388726065
0.002678534537584709	0.5378673679053614
0.0026812737170298175	0.538531466096192
0.0026839982973134	0.5391945340906945
0.0026867082940843444	0.5398565725424396
0.0026894037232324383	0.5405175821129322
0.002692084600196131	0.5411775634715097
0.0026947509429346944	0.5418365172953057
0.002697402767446729	0.5424944442691543
0.002700040089578281	0.5431513450855541
0.002702662926970161	0.5438072204445648
0.002705271296874677	0.5444620710537732
0.0027078652167663864	0.5451158976282051
0.0027104447043365294	0.545768700890279
0.0027130097774928385	0.5464204815697176
0.002715560454356726	0.5470712404035009
0.0027180967531525986	0.547720978135957
0.002720618692692129	0.5483696955180389
0.0027231262915669075	0.5490173933082634
0.002725619568730502	0.5496640722719626
0.0027280985433468935	0.5503097331814122
0.002730563234772776	0.5509543768157399
0.0027330136625720257	0.5515980039608916
0.0027354498465037716	0.5522406154095458
0.0027378718065173826	0.5528822119610669
0.00274027502841276	0.5535227944214332
0.0027426684232703057	0.5541623636031872
0.0027450476488594475	0.5548009203253602
0.0027474127256901875	0.555438465413417
0.0027497636744721584	0.5560749996992063
0.0027521005160573977	0.5567105240208836
0.002754423271506144	0.5573450392228609
0.0027567319620428582	0.5579785461557499
0.002759026609063258	0.5586110456762954
0.002761311461967152	0.5592425386473173
0.002763578254032464	0.5598730259376559
0.0027658310738124326	0.5605025084221256
0.0027680699435619505	0.56113098698142
0.002770294885701162	0.5617584625021119
0.002772505922816115	0.5623849358765143
0.0027747030776550555	0.5630104080027258
0.0027768863731289692	0.5636348797844837
0.002779055832305848	0.5642583521311608
0.0027812114784127877	0.5648808298318938
0.0027833533348314878	0.5655023062072598
0.002785481425097933	0.5661227859139842
0.00278759577289943	0.5667422698835242
0.0027896964020730744	0.5673607590526635
0.0027917833366060537	0.5679782543634964
0.0027938566006293917	0.568594756763358
0.002795916218419533	0.5692102672047523
0.0027979622143969375	0.5698247866453341
0.0027999946166973756	0.5704383160478281
0.002802013442554614	0.5710508563799831
0.0028040187206968305	0.5716624086145361
0.002806010476097886	0.5722729737291286
0.0028079887315335507	0.5728825527062869
0.0028099535172117266	0.5734911465333548
0.0028119048558624964	0.5740987562024381
0.0028138427729839577	0.5747053827103628
0.0028157672942019708	0.5753110270586297
0.0028176784452666375	0.5759156902533451
0.002819576252053341	0.576519373305187
0.0028214607405590607	0.5771220772293517
0.0028233319368996157	0.5777238030455099
0.002825189864133795	0.5783245517777409
0.0028270345552573873	0.5789243244544966
0.0028288668323602864	0.5795231221085568
0.002830685102563506	0.580120945776968
0.0028324902154322246	0.5807177965010104
0.002834282193411546	0.5813136753261373
0.0028360610657290246	0.5819085833019355
0.0028378268593977725	0.5825025214820778
0.002839579601538471	0.5830954909242733
0.002841319319376007	0.5836874926902182
0.0028430460402366665	0.5842785278429639
0.0028447597915502	0.5848685974574945
0.0028464606008423393	0.5854577026043641
0.002848148495741038	0.5860458443607807
0.002849823503966855	0.5866330238093795
0.0028514856533375936	0.5872192420312998
0.0028531349717637877	0.5878045001168024
0.002854770727643992	0.5883887991578878
0.0028563944886317995	0.588972140250132
0.0028580055025096405	0.5895545244926668
0.0028596037975538438	0.5901359529881147
0.0028611894021254645	0.5907164268425661
0.002862762344672105	0.5912959471655133
0.0028643226537247647	0.5918745150698299
0.002865870357894422	0.5924521316717165
0.002867405485872246	0.5930287980906548
0.002868928066432954	0.5936045154493795
0.002870438128420884	0.5941792848738288
0.0028719357007637703	0.594753107493106
0.0028734208124626365	0.5953259838200192
0.002874893492590548	0.5958979162459503
0.002876353770289834	0.5964689052721842
0.002877801674779133	0.5970389520400753
0.002879237235345352	0.5976080576939368
0.0028806604813388253	0.5981762233810115
0.002882071442183205	0.5987434502514155
0.0028834701473596505	0.5993097394581139
0.0028848566264201027	0.5998750921568736
0.0028862309089766128	0.6004395095062355
0.0028875930247040573	0.6010029926674654
0.0028889430033334864	0.6015655428045058
0.002890280874661177	0.6021271610839712
0.0028916066685348283	0.6026878486750789
0.0028929204148612185	0.6032476067496251
0.002894222143604114	0.6038064364819542
0.0028955118849407625	0.6043643390489
0.002896789668691629	0.6049213156297698
0.0028980555250660987	0.6054773674063114
0.0028993094842283493	0.6060324955626513
0.0029005515758964823	0.6065867012852805
0.0029017818312581456	0.6071399857630191
0.0029030002802045624	0.6076923501869671
0.0029042069530935866	0.608243795750476
0.0029054018803310712	0.6087943236491258
0.002906585092360312	0.6093439350806655
0.0029077566194807454	0.6098926312450047
0.002908916492521676	0.6104404133441639
0.002910064741937095	0.6109872825822388
0.0029112013983338993	0.6115332401653768
0.002912326492859374	0.6120782873017367
0.0029134400552696138	0.6126224252014646
0.0029145421166923945	0.6131656550766414
0.002915632707891172	0.6137079781412713
0.002916711859642905	0.6142493956110868
0.0029177796027601973	0.614789908704062
0.0029188359680909054	0.6153295186396577
0.0029198809865063685	0.6158682266392084
0.0029209146889066988	0.6164060339262061
0.0029219371062313183	0.6169429417247159
0.0029229482694339247	0.6174789512615886
0.0029239482094930436	0.6180140637649771
0.002924936957424899	0.6185482804646828
0.00292591454425537	0.6190816025920943
0.002926881001037255	0.619614031380163
0.002927836358850669	0.6201455680633984
0.002928780648786523	0.6206762138777986
0.0029297139019026394	0.6212059700608485
0.002930636149450599	0.6217348378514813
0.0029315474225224338	0.6222628184900484
0.0029324477522904915	0.6227899132182932
0.0029333371699335623	0.6233161232793267
0.0029342157066585364	0.6238414499175777
0.0029350833936689557	0.624365894378798
0.0029359402621923	0.6248894579099982
0.0029367863434747584	0.6254121417594536
0.0029376216687585647	0.6259339471766459
0.0029384462692908938	0.6264548754122503
0.002939260176417995	0.626974927718125
0.002940063421293854	0.6274941053472505
0.002940856035259994	0.6280124095537174
0.002941638049603995	0.6285298415927001
0.0029424094956292278	0.6290464027204485
0.002943170404631782	0.6295620941942193
0.002943920807917066	0.6300769172722847
0.002944660736793488	0.630590873213898
0.0029453902225802563	0.6311039632792688
0.0029461092965829805	0.6316161887295506
0.00294681799011488	0.6321275508267077
0.002947516334490119	0.6326380508336833
0.0029482043610256042	0.6331476900142425
0.002948882101031665	0.6336564696329636
0.0029495495858129304	0.6341643909552304
0.0029502068466755946	0.6346714552472159
0.002950853914924004	0.6351776637758245
0.0029514908218534583	0.6356830178087081
0.002952117598751857	0.6361875186142099
0.0029527342769141447	0.636691167461364
0.002953340887606942	0.6371939656198454
0.0029539374621017985	0.637695914359982
0.002954524031663183	0.6381970149526919
0.0029551006275432305	0.6386972686694969
0.002955667280986568	0.6391966767824766
0.0029562240232161433	0.6396952405642433
0.002956770885460901	0.6401929612879433
0.0029573078989248197	0.6406898402272039
0.00295783509479786	0.6411858786561337
0.0029583525042729862	0.6416810778492978
0.0029588601585099888	0.6421754390816764
0.002959358088661336	0.6426689636286687
0.00295984632586396	0.6431616527660631
0.0029603249012387436	0.6436535077700011
0.0029607938458934987	0.6441445299169819
0.002961253190913485	0.644634720483819
0.0029617029673626905	0.6451240807476264
0.0029621432062960553	0.6456126119858026
0.002962573938743734	0.646100315476013
0.0029629951957023657	0.6465871924961409
0.00296340700818047	0.647073244324319
0.002963809407133283	0.6475584722388592
0.0029642024235107794	0.6480428775182593
0.0029645860882381815	0.6485264614411812
0.0029649604322143507	0.6490092252864142
0.0029653254863172295	0.6494911703328902
0.0029656812813961216	0.6499722978596236
0.0029660278482838242	0.6504526091457149
0.0029663652177731475	0.6509321054703356
0.0029666934223348857	0.6514107881126929
0.002967012489372032	0.6518886583520296
0.0029673224512598577	0.6523657174675854
0.00296762333869609	0.6528419667386012
0.0029679151823493776	0.6533174074442747
0.0029681980128603304	0.6537920408637681
0.0029684718608331043	0.6542658682761713
0.002968736756845892	0.6547388909604925
0.002968992731454725	0.6552111101956442
0.0029692398151659996	0.6556825272604104
0.0029694780384796966	0.6561531434334531
0.002969707431841869	0.656622959993271
0.002969928024105736	0.6570919782181912
0.002970139848782273	0.6575601993863676
0.002970342934680302	0.6580276247757441
0.002970537312117296	0.6584942556640316
0.0029707230113946003	0.6589600933287234
0.0029709000627447593	0.6594251390470456
0.002971068496402726	0.6598893940959707
0.0029712283425403787	0.6603528597521653
0.002971379631306493	0.6608155372920131
0.00297152239281624	0.6612774279915684
0.0029716566571318234	0.6617385331254089
0.0029717824542973867	0.6621988539711997
0.0029718998143066244	0.6626583918028246
0.002972008767112627	0.6631171478949054
0.002972109342640104	0.6635751235216962
0.0029722015707630976	0.6640323199570182
0.0029722854797419496	0.6644887384742864
0.0029723610944521134	0.6649443803464659
0.0029724284674092303	0.6653992468460654
0.0029724876039594604	0.6658533392451447
0.0029725385419035726	0.6663066588152561
0.0029725813108897035	0.6667592068274761
0.0029726159404468025	0.6672109845523582
0.002972642460228617	0.6676619932599293
0.0029726608996963797	0.6681122342196923
0.0029726712883120583	0.6685617087005824
0.002972673664530146	0.6690104179709744
0.0029726680398211385	0.6694583632986701
0.0029726544444918504	0.6699055459508668
0.002972632923440239	0.6703519671941591
0.002972603498199589	0.6707976282945313
0.0029725661979566357	0.6712425305173199
0.0029725210518623474	0.6716866751272287
0.0029724680890780967	0.6721300633883023
0.002972407338550904	0.6725726965704513
0.0029723388293532577	0.673014575916735
0.002972262590439604	0.6734557027087674
0.0029721786507214245	0.6738960782023495
0.002972087039077343	0.6743357036559283
0.00297198714449084	0.6747745803303977
0.002971880250290528	0.6752127094848446
0.002971765769801633	0.6756500923776011
0.0029716437316842175	0.6760867302662723
0.0029715141645665897	0.6765226244075606
0.0029713770970191122	0.676957776057501
0.0029712325575688234	0.6773921864712806
0.00297108057468928	0.6778258569032771
0.0029709211768150123	0.6782587886070452
0.0029707543923205167	0.6786909828352972
0.0029705809106199492	0.6791224408399041
0.00297039946293576	0.6795531638718775
0.0029702107140907354	0.6799831531813569
0.0029700146922597456	0.6804124100176075
0.0029698114255706097	0.6808409356290062
0.002969600942084355	0.6812687312630175
0.002969383269828512	0.6816957981662117
0.002969158436765679	0.6821221375842279
0.0029689264708118775	0.6825477512599873
0.002968687399861958	0.6829726394590367
0.0029684412516487323	0.6833968039046169
0.002968188053959681	0.6838202458385814
0.002967927834506354	0.6842429665018066
0.0029676606209260276	0.6846649671341904
0.0029673864408125963	0.6850862489746418
0.0029671053217074027	0.6855068132610709
0.0029668172910874793	0.6859266612303647
0.002966522376389515	0.686345794118406
0.002966220604978668	0.6867642131600427
0.0029659120041769646	0.6871819195890857
0.002965596601216559	0.6875989146382977
0.0029652744233725154	0.6880151995393851
0.0029649454977580436	0.6884307755229875
0.002964609851476628	0.6888456438186836
0.0029642675115607265	0.6892598056549487
0.0029639185049968983	0.6896732622591897
0.002963562858712315	0.6900860148576972
0.002963200599577884	0.6904980646756647
0.0029628317544079566	0.690909412937164
0.0029624563499572164	0.6913200608651215
0.0029620744129267448	0.6917300096813979
0.002961685969958272	0.6921392606066519
0.0029612910476403517	0.6925478148604084
0.002960889672500282	0.6929556736610416
0.002960481870999232	0.6933628382257524
0.002960067669559316	0.6937693097705817
0.002959647094531446	0.6941750895103809
0.002959220172205798	0.6945801786588239
0.0029587869288267153	0.6949845784283843
0.002958347390572022	0.6953882900303303
0.0029579015835559043	0.6957913146747312
0.0029574495338493254	0.6961936535704258
0.0029569912672453213	0.6965953079250433
0.0029565268100896313	0.6969962789449777
0.002956056188067917	0.6973965678353728
0.0029555794270117726	0.6977961758001427
0.0029550965526800284	0.6981951040419482
0.002954607590786633	0.6985933537621887
0.0029541125669786065	0.6989909261609975
0.002953611506839554	0.6993878224372402
0.0029531044358975327	0.6997840437884936
0.002952591379797838	0.700179591411068
0.0029520723636032144	0.7005744664999645
0.002951547412831959	0.700968670248901
0.002951016552771249	0.7013622038502862
0.0029504798086468303	0.7017550684952113
0.0029499372056300973	0.7021472653734693
0.0029493887688239735	0.7025387956735147
0.0029488345232756927	0.7029296605825892
0.002948274493970751	0.7033198612862843
0.002947708705834139	0.7037093989691598
0.002947137183733195	0.7040982748143343
0.002946559952470046	0.7044864900035733
0.00294597703678211	0.7048740457172793
0.0029453884613591663	0.7052609431344954
0.002944794250817249	0.705647183432908
0.0029441944297177542	0.7060327677888183
0.0029435890225589846	0.7064176973771541
0.0029429780537765654	0.706801973371459
0.0029423615477488555	0.7071855969438864
0.002941739528789442	0.7075685692652044
0.002941112021152331	0.7079508915047669
0.002940479049029526	0.7083325648305371
0.0029398406365485842	0.7087135904090629
0.002939196807778741	0.7090939694054834
0.0029385475867303047	0.7094737029835159
0.002937892997347212	0.7098527923054552
0.0029372330635134046	0.7102312385321664
0.002936567809050882	0.7106090428230827
0.002935897257720123	0.7109862063362086
0.0029352214332193736	0.7113627302280952
0.002934540359188069	0.7117386156538519
0.0029338540591984314	0.7121138637671394
0.0029331625567654562	0.712488475720159
0.002932465891490345	0.712862452663666
0.0029317640383068784	0.7132357957469342
0.0029310570690026616	0.713608506117785
0.0029303449906834824	0.7139805849225582
0.002929627826558672	0.7143520333061301
0.0029289055997682193	0.7147228524118803
0.0029281783334230297	0.715093043381728
0.0029274460504785955	0.7154626073560828
0.0029267087739183887	0.715831545473875
0.002925966526638302	0.7161998588725416
0.002925219331468606	0.7165675486880183
0.002924467211179924	0.7169346160547374
0.002923710188480743	0.7173010621056319
0.0029229482860092843	0.7176668879721131
0.00292218152635556	0.7180320947840964
0.0029214099320093033	0.7183966836699667
0.0029206335254860455	0.7187606557566011
0.002919852329156214	0.719124012169349
0.0029190663653500186	0.7194867540320286
0.002918275656344655	0.71984888246694
0.0029174802243465392	0.7202103985948427
0.002916680091505905	0.7205713035349668
0.0029158752799116378	0.7209315984049987
0.0029150658115848463	0.7212912843210676
0.0029142517084892344	0.7216503623978194
0.002913432992524657	0.7220088337482872
0.0029126096855298816	0.7223666994839804
0.0029117818092839662	0.7227239607148467
0.0029109493854953977	0.7230806185492875
0.0029101124358238985	0.7234366740941452
0.0029092709818556686	0.723792128454692
0.0029084250451206425	0.7241469827346538
0.0029075746470867405	0.7245012380361695
0.002906719809158633	0.7248548954598268
0.0029058605526804298	0.7252079561046241
0.0029049968989332533	0.7255604210680142
0.0029041288691391822	0.7259122914458422
0.002903256484455036	0.7262635683323986
0.00290237976597833	0.7266142528203784
0.002901498734741675	0.7269643460009079
0.00290061341172338	0.7273138489635149
0.0028997238178312358	0.7276627627961445
0.002898829973917996	0.7280110885851596
0.0028979319007741955	0.7283588274153188
0.002897029619125635	0.7287059803698013
0.002896123149639211	0.7290525485301811
0.002895212512921	0.7293985329764356
0.002894297729514137	0.7297439347869441
0.002893378819903408	0.730088755038496
0.002892455804505635	0.7304329948062552
0.0028913647959730687	0.7307766551638024
0.0028905975377438824	0.7311197371830935
0.002889662335751459	0.7314622419344987
0.0028887231003143425	0.7318041704867542
0.0028877798602693467	0.732145523907
0.002886832635670439	0.7324863032607609
0.0028858814465128916	0.7328265096119406
0.0028850824396974397	0.7331661440228348
0.0028839672541846584	0.7335052075541193
0.002883004290694677	0.7338437012648482
0.0028820374420142594	0.7341816262124605
0.0028810667194854056	0.7345189834527636
0.0028800921593735624	0.7348557740399514
0.0028791137729731876	0.7351921025631618
0.00287813157979545	0.7355276594636253
0.0028771455992889546	0.7358627564003651
0.002876155850844588	0.7361972908844954
0.0028751623537901227	0.7365312639620782
0.0028741651273969555	0.7368646766720992
0.002873164190872261	0.737197530068218
0.0028721595633684	0.7375298251861906
0.002871151263974692	0.7378615630655455
0.002870139311719078	0.7381927447441798
0.0028691237255718564	0.7385233712583579
0.002868104524447316	0.7388534436427011
0.0028670817271939245	0.7391829629302024
0.0028660553526036183	0.7395119301522157
0.0028650254194085185	0.7398403463384438
0.0028639919462824363	0.740168212516976
0.0028629549518402937	0.7404955297142355
0.0028619144546343485	0.7408222989550202
0.0028608704731603995	0.7411485212624767
0.002859823025857635	0.741474197658123
0.002858772131100168	0.7417993291618202
0.0028577178072105485	0.7421239167917951
0.002856660072447235	0.7424479615646309
0.002855598945011285	0.7427714644952568
0.002854534443046826	0.7430944265969707
0.002853466584636293	0.7434168488814158
0.0028523953878080224	0.7437387323585976
0.0028513208705289034	0.7440600780368684
0.002850243050708054	0.7443808869229323
0.0028491619461991817	0.7447011600218576
0.0028480775747918544	0.7450208983370569
0.0028469899542246887	0.745340102870296
0.0028458991021731873	0.7456587746217009
0.002844805036259057	0.7459769145897372
0.0028437077740435727	0.7462945237712351
0.0028426073330304895	0.7466116031613665
0.002841503730668151	0.7469281537536645
0.0028403969843449435	0.747244176540006
0.0028392871113954057	0.7475596725106224
0.0028381741290925792	0.7478746426540981
0.0028370580546541848	0.7481890879573665
0.0028359389052435304	0.7485030094057165
0.0028348166979621768	0.7488164079827793
0.0028336914498608497	0.749129284670546
0.0028325631779261874	0.749441640449362
0.002831431899093337	0.7497534762979146
0.0028302976302413607	0.7500647931932508
0.0028291603881900676	0.7503755921107638
0.002828020189703927	0.7506858740242074
0.0028268770514908053	0.7509956399056726
0.002825730990205791	0.7513048907256192
0.002824582022442397	0.7516136274528536
0.0028234301676843027	0.7519218510545322
0.002822275433587583	0.7522295624961648
0.0028211178454111887	0.7525367627416228
0.0028199574165839146	0.7528434527531226
0.002818794163423747	0.7531496334912354
0.0028176281021928574	0.7534553059148962
0.0028164592490998236	0.753760470981383
0.002815287620293832	0.7540651296463385
0.0028141132289670567	0.7543692828637575
0.002812936099880657	0.7546729315859952
0.002811756495382639	0.7549760767637502
0.0028105739362678786	0.755278719346099
0.0028093886817054494	0.7555808602804606
0.0028082007475124476	0.755882500512621
0.0028070101494526603	0.7561836409867142
0.0028058169032336914	0.7564842826433379
0.0028046210245091367	0.7567844264290913
0.0028034222814135585	0.7570840732774547
0.002802221172817308	0.7573832241279221
0.0028010174780335796	0.7576818799164511
0.002799811212496856	0.7579800415773388
0.0027986019862645275	0.7582777100432688
0.0027973906100277847	0.7585748860919168
0.0027961767088128873	0.7588715709521872
0.0027949602978587585	0.759167765405514
0.002793741392354393	0.7594634703780357
0.0027925200074356217	0.7597586867942624
0.0027912965344382597	0.7600534155770602
0.002790070250165109	0.7603476576476816
0.0027888415317765757	0.7606414139257425
0.0027876103941852173	0.7609346853292331
0.0027863768522499	0.7612274727745081
0.0027851409207788006	0.7615197771763103
0.0027839026145278466	0.7618115996901227
0.002782661948197954	0.7621029407516815
0.0027814189364419968	0.7623938015043374
0.002780173593857733	0.762684182856308
0.0027789259349929483	0.7629740857142061
0.0027776759743428454	0.7632635109830079
0.002776423726350393	0.7635524595660804
0.0027751692054087075	0.7638409323651628
0.0027739124258585467	0.7641289302803819
0.0027726534019886927	0.7644164542102481
0.0027713921480373277	0.7647035050516477
0.002770128678193317	0.7649900836998653
0.0027688630065915145	0.7652761910485582
0.0027675951473175595	0.765561827989778
0.002766325114408161	0.7658469954139657
0.0027650529218457443	0.7661316942099452
0.0027637785835646087	0.7664159252649414
0.0027625021134490544	0.7666996894645639
0.0027612235253307174	0.7669829876928185
0.002759942832994864	0.7672658208321042
0.0027586600501738716	0.7675481897632132
0.0027573751905498683	0.7678300953653421
0.0027560882677587412	0.7681115385160797
0.002754799295383753	0.7683925200914141
0.002753508286958289	0.7686730409657447
0.00275221525596838	0.7689531020118534
0.002750920215849627	0.7692327041009444
0.002749623179990004	0.7695118481026152
0.002748324161725837	0.769790534884881
0.0027470231743449845	0.7700687653141487
0.002745720231089354	0.7703465402552503
0.002744415345148955	0.7706238605714157
0.002743108529668588	0.7709007271242929
0.0027417997977410126	0.7711771407739443
0.0027404891624122764	0.7714531023788462
0.0027391766366798745	0.7717286127958825
0.0027378622334949766	0.7720036728803692
0.002736545965758624	0.7722782834860292
0.0027352278463249427	0.7725524454650111
0.0027339078880003363	0.7728261596678894
0.0027325861035440045	0.7730994269436532
0.0027312625056653606	0.7733722481397206
0.0027299371070306695	0.7736446241019402
0.0027286099202560913	0.7739165556745825
0.002727280957910892	0.7741880437003529
0.0027259502325172936	0.7744590890203809
0.002724617756552093	0.7747296924742437
0.002723283542443708	0.774999854899926
0.002721947602575384	0.7752695771338804
0.0027206099492815125	0.7755388600109765
0.0027192705948528486	0.7758077043645248
0.0027179295515326954	0.7760761110262839
0.0027165868315185207	0.7763440808264506
0.0027152424469607936	0.776611614593661
0.0027138964099663425	0.776878713155012
0.002712548732592186	0.7771453773360273
0.002711199426854642	0.7774116079606963
0.0027098485047211593	0.7776774058514493
0.0027084959781139427	0.777942771829178
0.0027071418589118914	0.7782077067132169
0.002705786158947689	0.7784722113213665
0.0027044288900085864	0.778736286469879
0.002703070063836674	0.7789999329734663
0.0027017096921295256	0.7792631516453039
0.002700347786540775	0.7795259432970285
0.0026989843586805577	0.7797883087387436
0.0026976194201099885	0.7800502487790144
0.0026962529823512547	0.7803117642248754
0.002694885056879095	0.7805728558818326
0.0026935156551251187	0.7808335245538647
0.002692144788477705	0.7810937710434178
0.0026907724682788754	0.7813535961514259
0.002689398705831009	0.781613000677283
0.002688023512389157	0.7818719854188758
0.0026866468991671505	0.7821305511725627
0.00268526887733439	0.7823886987331881
0.0026838894580170024	0.7826464288940824
0.002682508652299449	0.7829037424470621
0.0026811264712214193	0.7831606401824271
0.0026797429257802404	0.783417122888971
0.0026783580269305616	0.7836731913539827
0.002676971785585776	0.7839288463632322
0.0026755842126149738	0.784184088700995
0.0026741953188449343	0.784438919150049
0.0026728051150615973	0.7846933384916579
0.002671413590994718	0.7849473475055968
0.0026700208203831173	0.7852009469701373
0.002668626750848702	0.7854541376620621
0.0026672314140209325	0.7857069203566549
0.002665834820474396	0.7859592958277114
0.0026644369807450096	0.7862112648475411
0.002663037905322906	0.7864628281869602
0.00266163760466181	0.7867139866153025
0.0026602361090899977	0.7869647409004221
0.0026588333692187044	0.7872150918086813
0.0026574294551344408	0.7874650401049716
0.002656024357204079	0.787714586552712
0.002654618085675908	0.7879637319138287
0.002653210650754407	0.7882124769487927
0.002651802062606133	0.7884608224165927
0.0026503923313565035	0.7887087690870758
0.0026489814670895783	0.7889563176793214
0.0026475694798507162	0.7892034689848927
0.0026461563796447312	0.7894502237445945
0.002644742176436549	0.7896965827100875
0.0026433268801510346	0.7899425466315741
0.0026419105006745677	0.7901881162578048
0.002640493047852967	0.7904332923360714
0.0026390745318490946	0.7906780756122118
0.0026376549613612156	0.7909224668306107
0.002636234347186567	0.7911664667342106
0.002634812698658438	0.7914100760644984
0.0026333900254265105	0.7916532955615163
0.00263196633710283	0.7918961259638738
0.0026305416429140967	0.792138568008726
0.0026291159534302068	0.7923806224317984
0.002627689277112147	0.7926222899673745
0.002626261623760933	0.7928635713483051
0.0026248330027972095	0.7931044673060053
0.0026234034236005325	0.793344978570462
0.002621972895514105	0.7935851058700143
0.0026205414278434205	0.7938248499324574
0.002619109029855956	0.7940642114828292
0.0026176757107803854	0.7943031912456449
0.002616241479809679	0.7945417899437552
0.0026148063460984554	0.7947800082986178
0.0026133703187630414	0.7950178470302594
0.0026119334068844063	0.7952553068572927
0.0026104956195052505	0.7954923884969267
0.0026090569656323855	0.7957290926649517
0.002607617454233862	0.7959654200757545
0.0026061770942428612	0.7962013714423221
0.0026047358945548364	0.7964369474762254
0.002603293864029377	0.7966721488876443
0.0026018161444058	0.7969069763853545
0.0026004073457221127	0.7971414306767416
0.0025989628754766662	0.7973755124677853
0.002597517609468139	0.7976092224630813
0.0025960715563752975	0.7978425613658319
0.002594624724840704	0.7980755298778512
0.0025932099050105547	0.7983081286995647
0.002591728760836599	0.7985403585300208
0.0025902796454747097	0.7987722200668791
0.0025888297858847487	0.7990037140064183
0.002587379190532663	0.7992348410435494
0.002585927867847739	0.7994656018717949
0.0025844758262251167	0.7996959971833136
0.002583023074024397	0.7999260276688847
0.002581569619571145	0.8001556940179337
0.0025801154711558374	0.8003849969184993
0.002578660637033758	0.8006139370572684
0.0025772051254264656	0.8008425151195608
0.0025757489445206064	0.8010707317893431
0.0025742921024691995	0.8012985877492116
0.002572834607390619	0.8015260836804168
0.002571376467368944	0.8017532202628513
0.0025699176904546124	0.801979998175054
0.002568458284664374	0.8022064180942194
0.002566998257980883	0.8024324806961917
0.0025655376183538144	0.8026581866554716
0.0025640763736984925	0.8028835366452163
0.0025626145318972163	0.8031085313372375
0.0025611521007990723	0.8033331714020183
0.0025596890882198364	0.8035574575086971
0.002558225501942069	0.8037813903250806
0.002556761349715919	0.8040049705176486
0.00255529663925771	0.8042281987515418
0.002553831378251854	0.804451075690582
0.002552365574349419	0.8046736019972605
0.0025508992351699284	0.8048957783327448
0.0025494323682996494	0.8051176053568864
0.0025479649812924572	0.8053390837282154
0.002546497081670269	0.8055602141039458
0.0025450286769227062	0.8057809971399738
0.002543559774508123	0.8060014334908924
0.002542090381851541	0.8062215238099721
0.002540620506347367	0.8064412687491864
0.0025391501553577384	0.8066606689591963
0.002537679336213648	0.8068797250893646
0.002536208056213835	0.807098437787755
0.00253473632262651	0.8073168077011195
0.002533264142688282	0.8075348354749297
0.002531791523603889	0.8077525217533505
0.0025303184725480447	0.8079698671792654
0.0025288449966639538	0.8081868723942542
0.002527371103063808	0.8084035380386179
0.002525896798829458	0.808619864751377
0.0025244220910117664	0.8088358531702532
0.0025229469863319986	0.8090515039317017
0.0025214714923441754	0.809266817670891
0.002519995615740613	0.8094817950217122
0.0025185193634508496	0.8096964366167899
0.0025170427423750266	0.8099107430874667
0.002515565759380324	0.8101247150638154
0.002514088421307755	0.8103383531746531
0.00251261073529832	0.8105516580475156
0.0025111327075005166	0.8107646303086883
0.0025096543449644247	0.8109772705831804
0.0025081756544099816	0.8111895794947603
0.0025066966425279485	0.8114015576659244
0.0025052173159802733	0.8116132057179207
0.0025037376813994133	0.8118245242641453
0.002502257745387598	0.8120355139363252
0.002500777514519472	0.8122461753455729
0.0024992969953399786	0.8124565091081313
0.0024978161943652417	0.8126665158390121
0.0024963351180828253	0.8128761961519809
0.002494853772951625	0.8130855506595642
0.0024933721654015204	0.8132945799730485
0.0024918903018348246	0.8135032847024911
0.002490408195247288	0.8137116654567143
0.002488925838437863	0.8139197228433076
0.0024874432446459014	0.8141274574686396
0.0024859604201586004	0.8143348699378438
0.0024844773658273802	0.8145419608548344
0.0024829940990137587	0.8147487308223073
0.002481510620206754	0.8149551804417289
0.0024800269292773753	0.815161310313362
0.0024785430452724	0.8153671210362436
0.0024770589677265446	0.8155726132082056
0.0024755747027335605	0.8157777874258614
0.002474090261516938	0.8159826442846261
0.0024726056395137333	0.8161871843786983
0.00247112084818316	0.8163914083010775
0.0024696358935116527	0.8165953166398925
0.002468150781458734	0.8167989099932567
0.0024666655179564436	0.8170021889467247
0.0024651801089111227	0.8172051540916574
0.002463694560201449	0.8174078060085876
0.0024622088776804912	0.8176101452866655
0.0024607230671740243	0.8178121725105214
0.00245923713448166	0.818013888263604
0.0024577510853769666	0.818215293128175
0.0024562649256071024	0.8184163876853188
0.0024547786608929744	0.8186171725149327
0.0024532922969302405	0.8188176481957417
0.0024518058393878726	0.8190178153052954
0.0024503192939089222	0.8192176744199662
0.0024488326661115008	0.8194172261149623
0.002447345961587017	0.8196164709643126
0.00244585918590258	0.8198154095408892
0.0024443723445989043	0.8200140424163949
0.002442885443191139	0.8202123701613735
0.002441398487169994	0.820410393345202
0.00243991148200078	0.8206081125361067
0.0024384244331231283	0.8208055283011532
0.00243693734595195	0.8210026412062589
0.002435450225877476	0.8211994518161831
0.0024339630782649387	0.8213959606945402
0.002432475908454509	0.8215921684037961
0.0024309887217624773	0.821788075505268
0.0024295015234795402	0.8219836825591413
0.0024280143188726384	0.8221789901244478
0.0024265271131838754	0.8223739987590918
0.0024250399116317383	0.8225687090198328
0.002423552719409586	0.8227631214622989
0.0024220655416871666	0.8229572366409883
0.0024205783836100075	0.823151055109267
0.002419091250299515	0.8233445774193761
0.002417604146853628	0.8235378041224258
0.0024161170783465213	0.8237307357684095
0.0024146300478694776	0.8239233729061957
0.0024131430638538775	0.8241157160835352
0.0024116561298223415	0.8243077658470555
0.002410169250758792	0.8244995227422853
0.002408682431612607	0.8246909873136206
0.002407195679066916	0.8248821601043572
0.0024057089950077	0.8250730416566903
0.002404222391883794	0.8252636325314818
0.002402735862802044	0.825453933228415
0.00240124941813602	0.8256439443067853
0.0023997630627095473	0.8258336663054326
0.0023982768013173852	0.8260230997591674
0.0023967737986696253	0.8262122452043696
0.002395304573261316	0.8264011031755306
0.0023938186217767055	0.8265896742060379
0.002392332783245636	0.8267779588281866
0.002390847062350198	0.8269659575732012
0.00238936146375038	0.8271536709712038
0.0023878759920836537	0.8273410995411079
0.002386390651965671	0.8275282438369251
0.0023849054479900427	0.8277151043633959
0.002383420384728352	0.8279016816526454
0.002381935466730205	0.8280879762316499
0.0023804506985233872	0.8282739886167295
0.0023789660846138916	0.828459719338021
0.002377481629486374	0.8286451689145002
0.0023759973376032816	0.8288303378666251
0.002374513213406485	0.8290152267138724
0.002373029261315647	0.8291998359743991
0.002371545485729607	0.8293841661655658
0.002370061891025518	0.8295682178035783
0.002368578481559457	0.829751991403598
0.002367095261666786	0.829935487479725
0.0023656122356614496	0.8301187065450092
0.002364129407836596	0.8303016491114533
0.002362646782464218	0.83048431569013
0.0023611643637960955	0.830666706790716
0.002359682156062646	0.8308488229221875
0.0023582001634740975	0.8310306645923682
0.002356718390219947	0.8312122323078982
0.002355236840468986	0.8313935265748057
0.002353755518370287	0.8315745478976646
0.002352274428051636	0.8317552967801545
0.002350793573621394	0.8319357737247559
0.0023493129591676803	0.8321159792335804
0.002347832588757267	0.8322959138067294
0.0023463524664385934	0.8324755779439268
0.00234487259623929	0.8326549721437219
0.0023433929821669954	0.8328340969036371
0.0023419136282099135	0.83301295272017
0.0023404345383364476	0.8331915400888139
0.0023389557164945917	0.8333698595040402
0.0023374771666141957	0.8335479114593047
0.0023359988926041856	0.8337256964470552
0.002334520898354871	0.8339032149587378
0.0023330431877367475	0.8340804674847802
0.0023315657652871378	0.83425745451461
0.002330088633483039	0.8344341765366549
0.002328611796805578	0.8346106340383438
0.0023271352590527082	0.8347868275060983
0.002325659023992476	0.8349627574253489
0.002324183095385719	0.8351384242805306
0.0023227074755300015	0.8353138285550912
0.002321232170990698	0.8354889707314753
0.002319757184059505	0.8356638512911516
0.0023182825184181227	0.8358384707145954
0.002316808177731025	0.8360128294812993
0.0023153341656372297	0.8361869280697725
0.0023138604865115386	0.8363607669575431
0.002312387142478469	0.8365343466211633
0.0023109141378612297	0.8367076675362082
0.0023094414762303175	0.8368807301772717
0.0023079691611379793	0.837053535017985
0.0023064971961183935	0.8372260825310016
0.002305025584688221	0.837398373188009
0.0023035543303448346	0.837570407459723
0.0023020834365694016	0.8377421858159037
0.0023006129068237273	0.8379137087253404
0.0022991427445529216	0.8380849766558673
0.0022976729531836034	0.8382559900743569
0.0022962035361254046	0.8384267494467202
0.0022947344967701477	0.8385972552379188
0.0022932658384924947	0.8387675079119622
0.0022917975646489603	0.8389375079318993
0.0022903296785792716	0.8391072557598493
0.0022888621844697017	0.8392767518569588
0.0022873950839315503	0.8394459966834517
0.002285928381080516	0.839614990698593
0.0022844620791870017	0.8397837343607125
0.0022829961815052095	0.8399522281272014
0.0022815306912717303	0.840120472454511
0.0022800656109105027	0.8402884677981568
0.0022786009451823334	0.8404562146127219
0.002277136696514511	0.8406237133518589
0.0022756728680760775	0.8407909644682823
0.0022742094630204732	0.8409579684137873
0.002272746484483414	0.8411247256392493
0.0022712839355856934	0.8412912365945975
0.0022698218194301695	0.841457501728857
0.002268360139104078	0.8416235214901251
0.002266898897678406	0.8417892963254242
0.0022654380982074255	0.8419548266812985
0.0022639777437291945	0.8421201130029832
0.0022625178372662784	0.8422851557349038
0.0022610583818246425	0.8424499553205993
0.0022595993803946647	0.8426145122026683
0.0022581408359499114	0.8427788268228338
0.0022566827514492608	0.8429428996218937
0.002255225129834643	0.8431067310397471
0.002253767974032842	0.8432703215153973
0.002252311286955195	0.8434336714869415
0.002250855071496609	0.843596781391582
0.0022493993305370244	0.8437596516656173
0.0022479440669407754	0.8439222827444645
0.0022464892835565692	0.8440846750626487
0.0022450349821120518	0.8442468290537832
0.002243581167649822	0.8444087451506183
0.0022421278418548163	0.8445704237849982
0.002240675007514039	0.8447318653879043
0.002239222667400701	0.8448930703894127
0.0022377708242712255	0.8450540392187207
0.002236319480867798	0.8452147723041706
0.002234867989549918	0.8453752700731907
0.0022334183051720795	0.8455355329523602
0.002231968477238153	0.8456955613673757
0.0022305191598495765	0.8458553557430651
0.002229070355673776	0.8460149165033811
0.0022276220673650544	0.8461742436946392
0.00222617429756089	0.8463333388693638
0.0022247270488858746	0.8464922013192054
0.002223280323949191	0.8466508318402249
0.00222183412534633	0.8468092308526496
0.0022203884556574196	0.8469673987752484
0.002218943317449363	0.8471253360259479
0.002217498713273919	0.847283043021796
0.00221605464566861	0.8474405201789973
0.002214611117157481	0.8475977679129041
0.002213168130249556	0.8477547866380222
0.0022117256874406347	0.8479115767679983
0.0022102837912120854	0.8480681387156392
0.002208842444030839	0.8482244728929107
0.002207401648350948	0.8483805797109214
0.002205961406612108	0.8485364595799523
0.0022045217212401163	0.8486921129126466
0.002203082594646918	0.8488475401113396
0.0022016440292312225	0.8490027415868513
0.002200206027377993	0.8491577177460986
0.0021987685914586215	0.8493124689951883
0.002197331723830144	0.8494669957393781
0.0021958954268375803	0.8496212983831002
0.0021944597028118102	0.8497753773299648
0.0021930245540700863	0.8499292329827469
0.0021915899829165505	0.8500828657434056
0.0021901559916425004	0.8502362760130743
0.002188722582525641	0.8503894641920682
0.0021872897578301613	0.8505424306798809
0.0021858575198081313	0.8506951758751864
0.0021844258706977494	0.850847700175861
0.002182994812724931	0.8510000039789352
0.002181564348101571	0.8511520876806523
0.00218013447902751	0.8513039516764433
0.0021787052076901177	0.8514555963609197
0.002177276536263085	0.8516070221278959
0.0021758484669077744	0.8517582293703753
0.002174421001772362	0.8519092184805666
0.002172994142993537	0.8520599898498665
0.002171567892694738	0.8522105438688725
0.0021701422529862664	0.852360880927391
0.002168717225966849	0.8525110014144313
0.0021672928137223303	0.852660905718197
0.0021658690183267285	0.8528105942261127
0.0021644458418409937	0.8529600673247973
0.002163023286314093	0.8531093253920028
0.0021616013537829643	0.853258368828828
0.0021601800462722337	0.8534071980115835
0.0021587593657947926	0.853555813323744
0.0021573393143391644	0.8537042151480053
0.002155919893905657	0.8538524038662818
0.002154501106470101	0.8540003798597015
0.0021530829539972126	0.8541481435086231
0.002151665438439666	0.8542956951926204
0.0021502485617310063	0.854443035290503
0.0021488323258243105	0.8545901641802964
0.002147416732618955	0.8547370822392595
0.0021460017840206295	0.8548837898438848
0.0021445874819226705	0.8550302873698921
0.0021431738282077263	0.8551765751922332
0.002141760824746336	0.8553226536850993
0.0021403484735021275	0.8554685232219081
0.0021389367760092444	0.8556141841753343
0.0021375257344177427	0.8557596369172872
0.002136115350446998	0.8559048818188956
0.0021347056259116925	0.8560499192505489
0.002133296562520854	0.8561947495818856
0.0021318881623439367	0.8563393731817852
0.0021304804268824844	0.8564837904183719
0.002129073357998211	0.8566280016590169
0.0021276669574481597	0.8567720072703611
0.002126261226979599	0.8569158076182243
0.002124856168327561	0.8570594030678979
0.0021234517832169606	0.8572027939836161
0.0021220480733614134	0.8573459807290829
0.0021206450404639737	0.8574889636672035
0.002119242686216451	0.85763174316015
0.0021178410123001284	0.8577743195693486
0.002116440020385348	0.8579166932554907
0.0021150397121325044	0.8580588645785441
0.002113640089190238	0.8582008338976563
0.0021122411531971077	0.8583426015714666
0.0021108429057811705	0.8584841679576826
0.0021094453485602164	0.8586255334133237
0.0021080484831409465	0.8587666982947081
0.0021066523111198617	0.8589076629574219
0.002105256834083695	0.8590484277563222
0.002103862053607829	0.8591889930455595
0.0021024679712578964	0.8593293591785404
0.0021010745885888986	0.8594695265079783
0.0020996819071465765	0.8596094953858415
0.002098289928465507	0.8597492661634069
0.002096898654070104	0.8598888391912249
0.002095508085475482	0.8600282148191348
0.0020941182241861166	0.8601673933963551
0.0020927290716967286	0.8603063752711262
0.002091340629492079	0.8604451607912469
0.0020899528990462515	0.8605837503037231
0.0020885658818249196	0.8607221441548513
0.0020871795792826984	0.8608603426902267
0.0020857939928644875	0.8609983462547437
0.002084409124006322	0.8611361551925942
0.00208302497413353	0.8612737698472746
0.0020816415446622506	0.8614111905615738
0.0020802588369989152	0.8615484176775955
0.0020788768525399036	0.8616854515367444
0.0020774955926736944	0.8618222924797302
0.0020761150587765257	0.861958940846578
0.0020747352522174625	0.862095396976613
0.002073356174355112	0.8622316612084743
0.0020719778265389254	0.8623677338801201
0.002070600210108738	0.8625036153288214
0.002069223326395648	0.8626393058911535
0.0020678471767208014	0.8627748059030277
0.0020664717623963373	0.8629101156996567
0.0020650970847252963	0.8630452356155891
0.002063723145001522	0.8631801659846772
0.002062349944510089	0.8633149071401127
0.002060977484526059	0.8634494594143987
0.002059605766315727	0.8635838231393826
0.002058234791137483	0.8637179986462183
0.002056864560239351	0.8638519862653994
0.002055495074861073	0.8639857863267473
0.0020541263362331185	0.8641193991594238
0.002052758345577601	0.8642528250919094
0.0020513911041073877	0.8643860644520278
0.0020500246130269843	0.8645191175669373
0.0020486588735315094	0.8646519847631412
0.0020472938868079864	0.8647846663664646
0.0020459296540342622	0.8649171627020881
0.002044566176379915	0.8650494740945078
0.0020432034550058736	0.8651816008676305
0.0020418414910645753	0.8653135433446345
0.0020404802856990516	0.8654453018480778
0.002039119840045441	0.8655768766998528
0.0020377601552298372	0.8657082682212117
0.002036401232370964	0.8658394767327515
0.0020350430725785598	0.865970502554426
0.00203368567695428	0.8661013460055328
0.0020323290465916275	0.8662320074047377
0.0020309731825756227	0.8663624870700471
0.0020296180859824113	0.8664927853188422
0.002028263757881424	0.8666229024678427
0.0020269101993327233	0.8667528388331442
0.0020255574113882593	0.8668825947301975
0.002024205395092296	0.8670121704738216
0.0020228541514811043	0.8671415663781901
0.002021503681582632	0.8672707827568473
0.0020201539864163863	0.8673998199227135
0.002018805066995295	0.8675286781880608
0.002017456924322736	0.8676573578645461
0.002016109559395314	0.8677858592631826
0.002014762973200825	0.8679141826943689
0.0020134171667206165	0.8680423284678744
0.0020120721409267817	0.8681702968928383
0.0020107278967843394	0.8682980882777835
0.0020093844352509775	0.8684257029306007
0.002008041757275286	0.8685531411585764
0.0020066998637996653	0.8686804032683595
0.00200535875575827	0.8688074895659932
0.002004018434077585	0.8689344003569026
0.002002678899676811	0.8690611359458914
0.0020013401534674023	0.8691876966371517
0.0020000021963527785	0.8693140827342625
0.001998665094122635	0.869440294540201
0.00199732871629994	0.8695663323573233
0.0019959931302610287	0.869692196487372
0.001994658336880797	0.8698178872314992
0.0019933243370261968	0.869943404890244
0.001991991131557988	0.870068749763528
0.001990658658373115	0.8701939221506871
0.001989327045755645	0.8703189223504479
0.001987996230040558	0.8704437506609307
0.001986666212057876	0.8705684073414525
0.001985336992640507	0.8706928927662767
0.0019840085725878263	0.8708172071925983
0.001982680952716314	0.8709413509161545
0.0019813541338271836	0.8710653242320969
0.0019800305530750135	0.8711891274349615
0.001978705233816947	0.8713127608187056
0.001977380722077762	0.8714362246766945
0.0019760546898662822	0.8715595193017096
0.0019747341237110667	0.8716826449859404
0.0019734120383083542	0.8718056020209826
0.00197209076291361	0.8719283906978594
0.0019707680011047035	0.8720510113069961
0.001969448634830918	0.8721734641382506
0.0019681296999653286	0.8722957494808847
0.0019668117619438927	0.8724178676235915
0.0019654946332818522	0.8725398188544793
0.0019641783147152183	0.8726616034610755
0.001962862806973125	0.8727832204295061
0.0019615481107771765	0.8729046727041456
0.001960234226841764	0.8730259592113617
0.00195892115587467	0.8731470802364744
0.001957608898575972	0.873268036064226
0.001956297455639001	0.8733888269787858
0.0019549868277500054	0.8735094532637531
0.0019536770155884954	0.8736299152021549
0.0019523680198263761	0.8737502130764486
0.001951059841129576	0.8738703471685212
0.0019497524801564854	0.8739903177597012
0.0019484459375588537	0.8741101251307536
0.0019471402139816455	0.8742297695618659
0.0019458353100633226	0.8743492513326704
0.0019445312264350315	0.8744685707222469
0.0019432279637219862	0.8745877280091005
0.0019419255225366456	0.8747067234711853
0.0019406239035060476	0.8748255573858984
0.0019393231072237342	0.8749442300300811
0.001938023134286469	0.8750627416800134
0.0019367239852902014	0.8751810926114283
0.0019354256608226782	0.875299283099504
0.0019341281614640238	0.8754173134188726
0.0019328314877789538	0.8755351838436054
0.0019315356403388172	0.8756528946472345
0.0019302406196987426	0.8757704461027418
0.001928946426422321	0.8758878384825547
0.0019276530610528445	0.8760050720585738
0.0019263605241295334	0.8761221471021392
0.001925068816192097	0.8762390638840584
0.0019237779377721525	0.8763558226745889
0.0019224878893824497	0.8764724237434591
0.0019211986715458207	0.8765888673598505
0.0019199102847730011	0.8767051537924079
0.0019186227295689795	0.8768212833092436
0.001917336006433073	0.8769372561779263
0.0019160501158581038	0.8770530726655028
0.001914765058331722	0.8771687330384724
0.001913480834335024	0.8772842375628185
0.0019121974443437942	0.8773995865039853
0.0019109148888277981	0.8775147801268832
0.0019096331682508742	0.8776298186959036
0.0019083522830714362	0.877744702474906
0.0019070722337424324	0.8778594317272226
0.0019057930207103915	0.87797400671567
0.0019045146444165199	0.8780884277025298
0.001903237105297085	0.8782026949495678
0.0019019604037814471	0.8783168087180333
0.0019006845402948095	0.8784307692686384
0.001899409515256241	0.8785445768615935
0.001898135329078806	0.8786582317565887
0.0018968619821710204	0.878771734212792
0.001895589474948952	0.8788850844888558
0.0018943178077836294	0.8789982828429277
0.0018930469810658139	0.8791113295326252
0.001891776995209834	0.8792242248150723
0.001890507850583237	0.8793369689468745
0.0018892395475623542	0.8794495621841214
0.0018879720865054867	0.8795620047824005
0.0018867054678150033	0.8796742969967943
0.0018854396918143177	0.8797864390818765
0.0018841747588709456	0.8798984312917086
0.0018829106693351797	0.8800102738798632
0.0018816474235518487	0.8801219670993912
0.0018803850218605362	0.8802335112028574
0.0018791234645963034	0.8803449064423189
0.001877862752088705	0.8804561530693337
0.0018766028846625925	0.8805672513349643
0.001875343862637353	0.8806782014897678
0.001874085686328488	0.8807890037838075
0.0018728283560450654	0.8808996584666675
0.0018715718720926022	0.8810101657874088
0.0018703162347708559	0.8811205259946212
0.0018690614443750415	0.8812307393363976
0.0018678075011957411	0.8813408060603379
0.001866554405518325	0.88145072641355
0.0018653021576235092	0.8815605006426593
0.0018640507577874412	0.8816701289937966
0.001862800206281554	0.8817796117126032
0.0018615505033722543	0.8818889490442551
0.001860301649321386	0.8819981412334145
0.0018590536443863165	0.8821071885242816
0.001857806488819632	0.8822160911605692
0.0018565601828689933	0.8823248493855054
0.0018553147267780401	0.8824334634418411
0.0018540701207856477	0.8825419335718434
0.0018528263651258964	0.8826502600173065
0.0018515834600287906	0.8827584430195419
0.001850341405719115	0.8828664828193911
0.0018491002024176224	0.8829743796572215
0.0018478598503475828	0.883082133772915
0.0018466203497073297	0.8831897454058929
0.0018453817007102063	0.8832972147950985
0.001844143903562167	0.8834045421790051
0.0018429069584590607	0.8835117277956132
0.0018416708655593205	0.8836187718824661
0.0018404356251292958	0.8837256746766241
0.0018392012373136097	0.8838324364146912
0.0018379677022954226	0.8839390573327964
0.0018367350202521413	0.8840455376666133
0.0018355031913834408	0.8841518776513473
0.0018342722158014517	0.8842580775217401
0.0018330420936998972	0.8843641375120738
0.0018318128252391688	0.8844700578561637
0.0018305844105750287	0.8845758387873969
0.0018293568498599542	0.8846814805386297
0.0018281301432415574	0.8847869833423343
0.0018269042908637132	0.8848923474304891
0.0018256792928660838	0.8849975730346311
0.0018244551493844302	0.8851026603858325
0.0018232318605502413	0.8852076097147197
0.0018220094264910793	0.8853124212514641
0.0018207878473127349	0.8854170952257777
0.0018195671231665117	0.8855216318669329
0.001818347254154516	0.8856260314037434
0.001817128240389781	0.885730294064581
0.0018159100819769192	0.885834420077366
0.0018146927790396795	0.8859384096695717
0.001813476331645077	0.886042263068226
0.0018122607399038313	0.8861459804999108
0.0018110460039084952	0.8862495621907663
0.0018098321237472914	0.8863530083664932
0.0018086190995049891	0.8864563192523355
0.0018074069312626114	0.8865594950731077
0.0018061956190970232	0.886662536053182
0.0018049851630814857	0.8867654424164966
0.0018037755632858896	0.886868214386542
0.0018025668197710158	0.8869708521863702
0.0018013589326099223	0.8870733560386135
0.0018001519018541687	0.8871757261654539
0.0017989457275610248	0.8872779627886367
0.0017977404097779654	0.8873800661294873
0.0017965359485610658	0.8874820364088853
0.0017953323439432092	0.8875838738472861
0.0017941295959697117	0.8876855786647129
0.0017929277046774955	0.8877871510807588
0.0017917266700995368	0.8878885913145872
0.0017905264922657405	0.8879898995849337
0.0017893271712023685	0.888091076110105
0.0017881287069317331	0.8881921211079915
0.0017869310994735727	0.8882930347960414
0.0017857343488432334	0.888393817391297
0.001784538455053051	0.8884944691103633
0.0017833434181119534	0.888594990169431
0.0017821492380251157	0.8886953807842667
0.0017809559147951137	0.8887956411702094
0.0017797634484199051	0.8888957715421965
0.0017785718388948913	0.888995772114732
0.00177738108621237	0.8890956431018991
0.0017761911903605248	0.8891953847173811
0.0017750021513248486	0.8892949971744228
0.0017738139690872828	0.8893944806858749
0.0017726266436263226	0.8894938354641644
0.0017714401749173467	0.889593061721301
0.001770254562932762	0.8896921596688889
0.0017690698076412365	0.8897911295181198
0.001767885909008523	0.8898899714797719
0.001766702866997072	0.8899886857642098
0.0017655206815660933	0.8900872725814049
0.0017643393526719283	0.8901857321409052
0.0017631588802672726	0.8902840646518535
0.0017619792643021345	0.8903822703229928
0.0017608005047194768	0.8904803493626504
0.0017596226014680418	0.8905783019787696
0.0017584455544906784	0.8906761283788688
0.0017572693637189637	0.8907738287700688
0.001756094029086556	0.8908714033590915
0.0017549195505346922	0.8909688523522689
0.0017537459279793844	0.8910661759555084
0.00175257298518697	0.8911633743743363
0.001751401250570455	0.8912604478138765
0.0017502301955583377	0.8913573964788524
0.001749059996230841	0.891454220573594
0.0017478906525005414	0.8915509203020355
0.001746722164278468	0.8916474958677104
0.0017455545314713674	0.8917439474737698
0.0017443877539844684	0.8918402753229573
0.0017432218317188315	0.8919364796176344
0.0017420567645733119	0.8920325605597678
0.0017408925524437736	0.892128518350935
0.0017397291952235075	0.8922243531923169
0.0017385666928020837	0.8923200652847184
0.0017374050450671764	0.8924156548285445
0.001736244251903221	0.892511122023815
0.0017350843131920222	0.8926064670701664
0.00173392522881214	0.8927016901668504
0.001732766998640144	0.8927967915127338
0.001731609622549407	0.8928917713062872
0.0017304531004101713	0.8929866297456189
0.0017292974320907318	0.8930813670284394
0.0017281426174561632	0.8931759833520846
0.0017269886563691785	0.8932704789135015
0.001725835548689084	0.8933648539092681
0.0017246832942735266	0.8934591085355816
0.0017235318929768836	0.8935532429882509
0.0017223813446506568	0.8936472574627176
0.0017212316491445566	0.8937411521540433
0.0017200828063049433	0.8938349272569113
0.0017189348159756708	0.8939285829656392
0.0017177876779982148	0.8940221194741588
0.0017166413922113635	0.8941155369760327
0.0017154959584514636	0.8942088356644526
0.0017143513765520838	0.8943020157322434
0.0017132076463445358	0.8943950773718439
0.0017120647676574002	0.8944880207753377
0.0017109227403165974	0.8945808461344312
0.0017097815641460633	0.8946735536404631
0.001708641238966694	0.8947661434844109
0.0017075017645972418	0.8948586158568729
0.0017063631408537059	0.8949509709480964
0.0017052253673558455	0.8950432089479469
0.001704088444296327	0.8951353300459365
0.00170295237129855	0.8952273344312117
0.0017018171481631562	0.8953192222925532
0.0017006827749237348	0.8954109938183825
0.0016995492511285282	0.8955026491967559
0.0016984165764248793	0.8955941886153687
0.0016972847507885926	0.8956856122615645
0.001696153773806777	0.8957769203223157
0.0016950236456824293	0.8958681129843491
0.0016938943660037467	0.8959591904337237
0.0016927659345580813	0.8960501528564466
0.0016916383511328078	0.8961410004380639
0.001690511615505684	0.8962317333636548
0.0016893857274625636	0.8963223518182888
0.0016882606867802564	0.8964128559863369
0.0016871364932324476	0.8965032460519351
0.0016860131465981727	0.8965935221988596
0.0016848906466470034	0.8966836846105418
0.0016837689931483775	0.89677373347006
0.0016826481858695356	0.8968636689601432
0.001681528224576294	0.8969534912631684
0.0016804091090308923	0.8970432005611682
0.0016792908389947727	0.8971327970358237
0.0016781734142276873	0.8972222808684654
0.0016770568346212282	0.8973116522400918
0.001675941099666413	0.8974009113313438
0.0016748262092429183	0.8974900583225176
0.0016737121630996557	0.8975790933935693
0.00167259896098664	0.8976680167241101
0.0016714866025125642	0.8977568284934103
0.0016703750876856742	0.897845528880396
0.0016692644161200665	0.8979341180636548
0.001668154587555636	0.8980225962214297
0.0016670456017298949	0.8981109635315556
0.0016659374583792464	0.8981992201717421
0.001664830157236705	0.8982873663191463
0.0016637236980343098	0.8983754021506618
0.0016626180805018457	0.8984633278428453
0.0016615133043670768	0.8985511435719117
0.001660409369355635	0.898638849513744
0.0016593062751913835	0.8987264458438958
0.0016582040215961534	0.8988139327375787
0.0016571026082900068	0.8989013103696729
0.0016560020349907878	0.8989885789147336
0.0016549023014144335	0.8990757385469719
0.0016538034072752842	0.8991627894402766
0.0016527053522854343	0.8992497317682057
0.00165160813615555	0.8993365657039801
0.0016505117585935644	0.8994232914205051
0.0016494162193066647	0.8995099090903449
0.0016483215179992623	0.8995964188857464
0.001647227654374251	0.8996828209786183
0.0016461346281329264	0.8997691155405533
0.0016450424389741689	0.8998553027428162
0.0016439510865957538	0.8999413827563426
0.0016428605706930689	0.900027355751753
0.001641770890959857	0.9001132218993345
0.0016406820470884573	0.9001989813690524
0.001639594038768865	0.900284634330564
0.0016385068656896498	0.9003701809531857
0.0016374205275376682	0.9004556214059264
0.0016363350239975815	0.9005409558574728
0.0016352503547529618	0.9006261844761901
0.0016341665194849356	0.9007113074301255
0.0016330835178736216	0.9007963248870102
0.0016320013495971473	0.9008812370142507
0.0016309200143317243	0.9009660439789525
0.001629839511751969	0.9010507459478895
0.0016287598415311304	0.9011353430875322
0.0016276810033407155	0.9012198355640231
0.0016266029968498334	0.9013042235432049
0.001625525821727165	0.9013885071906014
0.0016244494776386737	0.9014726866714227
0.0016233739642494427	0.9015567621505666
0.0016222992812223523	0.9016407337926254
0.0016212254282191637	0.901724601761876
0.0016201524042940764	0.9018083662222831
0.0016190802102872255	0.9018920273375094
0.0016180088452788241	0.901975585270903
0.00161693830892591	0.90205904018551
0.0016158686008779903	0.9021423922440618
0.0016147997214018453	0.90222564160899
0.0016137316689492206	0.9023087884424179
0.0016126644437559822	0.9023918329061595
0.0016115980454689616	0.902474775161735
0.0016105324737347585	0.9025576153703461
0.001609467728197255	0.9026403536929039
0.0016084038084996464	0.9027229902900115
0.0016073407142830972	0.9028055253219696
0.001606278445187765	0.9028879589487774
0.001605217000851998	0.9029702913301381
0.0016041563809128885	0.9030525226254457
0.0016030965850058203	0.9031346529613259
0.0016020376127650904	0.9032166825940106
0.0016009794638231472	0.9032986115845759
0.0015999221378113766	0.9033804401236962
0.0015988656343593078	0.9034621683692863
0.0015978099530955857	0.9035437964789561
0.0015967550936471313	0.9036253246100239
0.0015957010556395103	0.9037067529195079
0.0015946478386967716	0.9037880815641429
0.0015935954424418284	0.9038693107003524
0.0015925438664959274	0.9039504404842867
0.0015914931104795184	0.9040314710717872
0.001590443174010875	0.9041124026184124
0.0015893940567077737	0.9041932352794274
0.0015883457581855817	0.9042739692098045
0.0015872982780597584	0.904354604564231
0.0015862516182275628	0.9044351414970999
0.001585205773821835	0.9045155801625133
0.0015841607466470673	0.9045959207142965
0.001583116536322873	0.9046761633059733
0.0015820731424467573	0.9047563080907927
0.0015810305595837684	0.9048363552217026
0.0015799887972422013	0.9049163048511445
0.0015789478501655402	0.9049961571319729
0.001577907717955696	0.9050759122163095
0.0015768684060567567	0.9051555702554558
0.0015758299025976023	0.905235131401202
0.001574792212812642	0.9053145958048584
0.0015737553362979368	0.905393963617283
0.0015727192726558456	0.9054732349892731
0.0015716840182949878	0.9055524100712006
0.0015706495790640592	0.905631489013103
0.0015696159514829817	0.9057104719649566
0.001568583135143906	0.9057893590762973
0.0015675511296377735	0.9058681504962971
0.00156651993455424	0.9059468463737308
0.0015654895494817548	0.9060254468579507
0.0015644599740078527	0.9061039520976838
0.0015634312077187251	0.906182362239619
0.001562403250199317	0.9062606774329393
0.0015613761010336317	0.9063388978256058
0.0015604473705082842	0.9064170235654971
0.0015593242260936624	0.9064950547942586
0.0015582994994815125	0.9065729916618969
0.001557275581640189	0.9066508343257922
0.0015562524680008656	0.9067285829131139
0.0015552301601914815	0.9068062375778875
0.0015542086555933976	0.9068837984653871
0.0015531879561370137	0.9069612657567566
0.0015521680632111653	0.9070386395361898
0.0015511489744196247	0.9071159199756506
0.0015501306914448942	0.9071931072197923
0.001549113209666294	0.9072702014118974
0.0015480965307317705	0.9073472026982461
0.0015470806542107769	0.9074241112216027
0.0015460655796705033	0.9075009271266976
0.0015450513066778736	0.9075776505545676
0.0015440378347984802	0.9076542816493873
0.0015430251635968847	0.9077308205539399
0.0015420132926367463	0.9078072674107457
0.0015410022214807273	0.9078836223620583
0.0015399919496902606	0.9079598855498751
0.0015389824768261523	0.9080360571159236
0.0015379738024482652	0.9081121372016738
0.0015369659261149477	0.9081881259483364
0.001535958847383949	0.9082640234968591
0.001534952565812179	0.9083398299879311
0.0015339470809553918	0.9084155455619805
0.001532942392368275	0.908491170359179
0.0015319384996051696	0.908566704519435
0.0015309354022184436	0.9086421481824116
0.0015299330997603925	0.9087175014875025
0.0015289315917825334	0.9087927645738463
0.0015279308778343265	0.908867937580337
0.0015269309574656607	0.9089430206456004
0.0015259318302244512	0.9090180139080178
0.00152493349565863	0.9090929175057053
0.0015239359533144108	0.9091677315765407
0.0015229392027376473	0.9092424562581357
0.0015219432434731863	0.9093170916878517
0.0015209480750649654	0.9093916380028089
0.0015199536970559636	0.9094660953398662
0.001518960108988404	0.9095404638356367
0.0015179673104036883	0.9096147436264769
0.0015169753008423814	0.9096889348485034
0.0015159840798441644	0.9097630376375878
0.0015149936469475958	0.9098370521293566
0.0015140040016909696	0.9099109784591483
0.0015130151436111375	0.9099848167620597
0.001512027072244609	0.9100585671730369
0.0015110397871269396	0.9101322298266681
0.0015100532877928357	0.9102058048573898
0.0015090675737760842	0.9102792923992774
0.0015080826446098297	0.9103526925862493
0.0015070984998264729	0.9104260055519494
0.001506115138957397	0.9104992314302242
0.0015051325615336013	0.9105723703534132
0.0015041507670846559	0.9106454224544855
0.0015031697551402096	0.9107183878666617
0.0015021895252283226	0.9107912667227916
0.0015012100768769527	0.9108640591546484
0.0015002314096126913	0.9109367652952196
0.0014992535229622524	0.9110093852707604
0.0014982764164506487	0.9110819192230835
0.0014973000896026632	0.9111543672711858
0.0014963245419423604	0.9112267295581437
0.0014953497729929806	0.9112990062011084
0.0014943757822769986	0.911371197344709
0.0014934025693162302	0.9114433031228373
0.0014924301336319927	0.9115153236419514
0.0014914584747445525	0.9115872590475153
0.0014904875921736358	0.9116591094736729
0.0014895174854383355	0.9117308750250316
0.0014885481540568885	0.911802555857516
0.0014875796047412134	0.9118741521230554
0.0014866118243604695	0.9119456638746002
0.001485644817994003	0.9120170912521455
0.0014846785851614535	0.912088434663737
0.00148371311815092	0.9121596936276953
0.001482748429244688	0.9122308689385259
0.0014817845122233617	0.912301960121633
0.0014808213668252423	0.9123729677289549
0.0014798589924905662	0.9124438921891905
0.001478897388604336	0.9125147201763834
0.0014779365548591248	0.9125854668434458
0.0014769764905366916	0.9126561895181118
0.001476017195267242	0.9127267818619929
0.0014750586685294991	0.9127972913279186
0.0014741009099295522	0.9128677180529083
0.001473143918915878	0.9129380621514268
0.0014721876949962238	0.9130083237627749
0.0014712322376783382	0.9130785030122837
0.001470277546469283	0.9131485999942719
0.0014693236304995732	0.9132186149394477
0.0014683704701931846	0.9132885478242504
0.0014674180744956424	0.9133583989334162
0.0014664664429123485	0.9134281682208691
0.0014655155555907454	0.9134978560249936
0.0014645654504783984	0.9135674622614861
0.001463616108025986	0.9136369874509973
0.001462667527734915	0.9137063064328101
0.0014617197091075509	0.9137756053786357
0.00146077266151133	0.9138450758216752
0.0014598263648036075	0.9139142764366203
0.0014588808282460237	0.9139833959931678
0.0014579360513383606	0.9140524334291619
0.0014569920335798837	0.914121394621213
0.0014560487744697788	0.9141902741774568
0.0014551062735063066	0.9142590750320578
0.0014541645301876164	0.9143277928594254
0.0014532235440111972	0.9143964209137252
0.001452283314473706	0.9144649759742633
0.0014513438410718724	0.9145334640735395
0.0014504051233014208	0.9146018935790647
0.0014494671606582322	0.9146702296307603
0.0014485299526371188	0.9147384920885819
0.0014475934987327355	0.9148066111871289
0.0014466577984390213	0.9148746944923937
0.0014457228512500025	0.9149427517425566
0.0014447886566585722	0.9150107607896105
0.0014438552141577581	0.9150786127943743
0.0014429225232396865	0.9151463973735858
0.0014419905833964735	0.9152140554624202
0.0014410593989190941	0.9152816949033133
0.0014401289548993021	0.9153491555590908
0.0014391992652269567	0.9154167345908586
0.0014382703245923482	0.9154840724772982
0.0014373421324856328	0.9155513289843927
0.0014364146883957172	0.9156185144911554
0.0014354879918117992	0.9156859994635962
0.0014345620422223234	0.9157531077763273
0.0014336368391154699	0.9158200486168371
0.0014327123819789101	0.9158870245744646
0.0014317886702998773	0.9159538135400165
0.001430865703565263	0.9160207429326046
0.0014299434812617038	0.9160873528797022
0.0014290220028754133	0.9161538599787218
0.0014281012678923441	0.9162202794925729
0.0014271812757975656	0.9162873747449994
0.0014262620260761282	0.9163538572332299
0.0014253435182129506	0.9164201208093756
0.0014244257516923815	0.9164865509031032
0.0014235087259981758	0.9165526276056452
0.0014225924406142424	0.9166186339140562
0.0014216768950238066	0.9166846436919884
0.0014207620887095238	0.9167517582196096
0.0014198480211539354	0.9168177689288205
0.0014189346918393648	0.9168836277304151
0.0014180221002479008	0.9169494599483867
0.0014171102458609862	0.9170151185382102
0.001416199128160154	0.917081018926744
0.0014152887466256424	0.9171465449373531
0.0014143791007387345	0.9172117792396827
0.0014134701899793357	0.9172772673721687
0.0014125620138277376	0.9173429927007232
0.0014116545717635016	0.9174077684318866
0.0014107478632658856	0.9174739933581961
0.0014098418878139172	0.9175390393480934
0.0014089366448868693	0.917604867693799
0.001408032133962292	0.9176698144825312
0.0014071283545193883	0.9177343922007397
0.001406225306035386	0.9177987964546209
0.001405322987988138	0.91786579814274
0.001404421399855038	0.9179309937137365
0.0014035205411134146	0.917995170297562
0.0014026204112394431	0.9180612905282721
0.0014017210097099653	0.9181251990490351
0.0014008223360014239	0.9181891184081502
0.0013999243895897195	0.9182522420252865
0.0013990271699507873	0.9183221808422632
0.0013981306765594725	0.9183868389669108
0.001397234908892052	0.918452120572221
0.0013963398664226677	0.9185153780247628
0.001395445548626523	0.9185821670899894
0.0013945519549779046	0.9186456197139101
0.001393659084951206	0.9187081510393138
0.0013927669380205934	0.918770676957528
0.0013918755136597357	0.9188316446190643
0.0013909848113423113	0.9189081632538751
0.0013900948305418518	0.918972567219227
0.001389205570731157	0.919038235958616
0.001388317031383409	0.9191002822133333
0.0013874292119714449	0.9191688196784698
0.0013865421119675103	0.919231240809723
0.0013856557308440656	0.9192923346703887
0.0013847700680732916	0.9193532216711343
0.0013838851231269182	0.9194115359323491
0.0013830008954769163	0.9194975653946075
0.0013821173845945387	0.919562305539363
0.001381234589951256	0.9196290288583879
0.001380352511430838	0.919689577340306
0.0013794711469436993	0.9197604024541524
0.0013785904986554332	0.9198228520896357
0.0013777105631896294	0.9198804791442738
0.0013768313413954898	0.9199399134699368
0.0013759528337956067	0.919996074826311
0.0013750750380145413	0.9200978997833413
0.0013741979539129336	0.9201664224294529
0.0013733215816020528	0.9202263317880243
0.001372445920233669	0.9202995223808549
0.0013715709692775112	0.9203610050881117
0.0013706967282026653	0.920417876235246
0.0013698231964785	0.9204745964474543
0.0013689503735738935	0.9205289492949044
0.0013680782589578773	0.9206482807030656
0.0013672068520987435	0.9207054842119966
0.001366336152465563	0.9207820420981543
0.0013654661595266472	0.920842235217913
0.0013645968727500836	0.9209012327889585
0.0013637282916039537	0.9209603269583791
0.0013628604155571527	0.9210069744616334
0.0013619932440766338	0.9211404529439435
0.001361126776630769	0.9212061101373099
0.0013602610126870753	0.9212690894755069
0.0013593959517129676	0.9213260719837589
0.0013585315931760988	0.9214351158352819
0.0013576679365437379	0.9214855894458575
0.001356804981283526	0.9215589313752028
0.0013559427268619343	0.9216352190205056
0.0013550811727466364	0.9217249591969303
0.0013542203184040377	0.9217626773824663
0.0013533601633013556	0.9219174397169859
0.0013525007093466868	0.9219688445557449
0.0013516419511682071	0.9220172685093151
0.001350783890627309	0.9220638149828189
0.0013499265271905388	0.9221143050812193
0.0013490698579539813	0.9223194780328556
0.0013482138870805952	0.9223617892387299
0.0013473586117118874	0.9224832878673395
0.0013465040313135677	0.9225356343225902
0.0013456501453520783	0.9225881234980161
0.0013447969532931038	0.9226169601764563
0.0013439444546026254	0.9228819039212688
0.001343092648746695	0.9229189041315986
0.001342241535191041	0.923025155925896
0.001341391113401288	0.923244637741631
0.001340541382843359	0.9232041050160457
0.0013396923429827234	0.9232360927799398
0.0013388439932849475	0.9234666498127129
0.0013379963332155976	0.9235732182794318
0.0013371493622402531	0.9236427918819478
0.0013363030798243746	0.9237409751676127
0.0013354574854331609	0.9238604956357257
0.001334612578532081	0.9238883169882275
0.0013337683578242305	0.9240752958850535
0.001332924824322316	0.9241033838791238
0.0013320819767062718	0.9241280966123797
0.0013312398144413233	0.9240974992196058
0.0013303983369928182	0.9246022188395946
0.001329557544552457	0.9246958754139991
0.0013287174351096632	0.9248424853589684
0.0013278780088788957	0.9248514501207601
0.0013270392653250255	0.9250839577396537
0.0013262012039131938	0.9251141456439684
0.0013253638241085774	0.925081990533822
0.0013245271253762574	0.9251117051979272
0.001323691107181176	0.925747637598981
0.001322855768988422	0.9257490144814488
0.0013220211102633072	0.9259166183335426
0.0013211871304706474	0.9259036005059493
0.0013203538290756408	0.9261795187786674
0.0013195212055433976	0.9261744094094555
0.0013186892593385685	0.9261540487538318
0.0013178579899267274	0.9261384013660648
0.0013170273967727795	0.9269898378715106
0.0013161974793415058	0.9270019778812122
0.0013153682370986577	0.9272624624602024
0.0013145396695086822	0.9273271062388981
0.0013137117760373118	0.9273530107888327
0.0013128845561494954	0.9273159181144655
0.0013120580093103347	0.928172193408136
0.0013112321349849777	0.9281654048134463
0.001310406932638832	0.9283118161664226
0.0013095824017370738	0.9282277071486568
0.0013087585417450131	0.9288135000206639
0.0013079353521280115	0.9288718657639601
0.0013071128323515137	0.9292477250993549
0.0013062909818807988	0.9291688610261434
0.0013054698001812824	0.9294405075503143
0.0013046492867184194	0.9293923950520184
0.0013038294409579206	0.9302484292420491
0.0013030102623652253	0.9303784978659401
0.0013021917504057031	0.930418963778889
0.0013013739045455506	0.9301152753365254
0.00130055672425038	0.9313592896529126
0.0012997402089855157	0.9313121921377339
0.0012989243582170384	0.9317873529154606
0.0012981091714111197	0.9318104060961087
0.0012972946480331933	0.9316383632822042
0.0012964807875497691	0.9314634297610181
0.0012956675894262928	0.9330645845929831
0.0012948550531296033	0.9334411515803696
0.0012940431781254583	0.9333007200734462
0.0012932319638800358	0.9339548052950427
0.0012924214098600268	0.9339024024466035
0.0012916115155317618	0.933858621436145
0.0012908022803614454	0.933605803954529
0.0012899937038159542	0.9356425134764079
0.0012891857853618107	0.9354949082472245
0.0012883785244657041	0.9358944715447396
0.001287571920594304	0.9366547631077408
0.0012867659732149058	0.9365857909675495
0.001285960681794265	0.936507109474243
0.0012851560457993205	0.9361721288118179
0.0012843520646972637	0.9357806115000689
0.0012835487379553726	0.9385237385830948
0.0012827460651795993	0.9389557498646994
0.0012819440455561237	0.9388119205083849
0.0012811426786951483	0.9395598138003447
0.001280341964063867	0.9395247781024432
0.001279541900995938	0.9392300613861936
0.0012787424892319252	0.9388851767623959
0.0012779437281013673	0.9415455858626636
0.0012771456170724731	0.9420287985330045
0.001276348155613488	0.9418857220827096
0.0012755513431921448	0.9425983332800633