0.0110376630058 0.00524995121547 0.0
0.0137429890173 0.0672943585391 0.0
0.0191536410405 0.0711840213364 0.0
0.0245642930636 0.401620784282 0.0518861048344
0.0299749450867 0.555849214907 0.0554192962054
0.0326802710983 0.0061593524882 0.0
0.0353855971098 0.11083971138 0.0996731149609
0.0380909231214 0.216521174943 0.212953067937
0.0407962491329 0.0855773835304 0.0521343231015
0.0435015751445 0.243786329921 0.0
0.0462069011561 0.192251253641 0.12317215066
0.0489122271676 0.113180024767 0.096766719114
0.0516175531792 0.190933058846 0.11331519463
0.0543228791908 0.317674137838 0.0494666496147
0.0570282052023 0.183740743287 0.0515990391139
0.0597335312139 0.11094559609 0.0230310581281
0.0624388572254 0.0741095605039 0.0268229947131
0.065144183237 0.234396226475 0.0408122769794
0.0678495092486 0.106756178349 0.0405874300428
0.0705548352601 0.157809812075 0.0339886725164
0.0732601612717 0.0994050078451 0.0208566750233
0.0759654872832 0.146782190461 0.0229114837058
0.0786708132948 0.0451861472417 0.00842456888997
0.0813761393064 0.0462552238868 0.0113531739822
0.0840814653179 0.0541769830672 0.0142944726961
0.0867867913295 0.061686617955 0.00905306357627
0.089492117341 0.0355825797396 0.00737363455368
0.0921974433526 0.0562213332292 0.00744587488748
0.0949027693642 0.0210788151865 0.00388089233797
0.0976080953757 0.0232879216493 0.00480473217388
0.100313421387 0.028185729719 0.00365567099762
0.103018747399 0.0110595832693 0.00171943964943
0.10572407341 0.0135308190576 0.00200769278758
0.108429399422 0.0103815684059 0.00118404807069
0.111134725434 0.00630581494247 0.000644259188091
0.113840051445 0.00675550967369 0.00065841000405
0.116545377457 0.00589149547046 0.000422091551572
0.119250703468 0.00421470766145 0.000272432148287
0.12195602948 0.00395320122174 0.000273059417858
0.124661355491 0.00392827838675 0.000194995765319
0.127366681503 0.00314942609563 0.000148886464148
0.130072007514 0.00291390102845 0.0001490229029
0.132777333526 0.00290194804139 0.000123338204544
0.135482659538 0.0030401244263 0.00012137455884
0.138187985549 0.00282469093658 0.000153158892356
0.140893311561 0.00311330341448 0.000118819598257
0.143598637572 0.00274848803025 0.000145796288651
0.146303963584 0.00246012644566 7.31396423056e-05
0.149009289595 0.00242793531528 7.75162653864e-05
0.151714615607 0.00250306815876 8.16553379614e-05
0.154419941618 0.00229419594793 6.61823154902e-05
0.15712526763 0.00236806167136 7.60096489871e-05
0.159830593642 0.00217660312409 6.04239810139e-05
0.162535919653 0.0024245252164 8.57094736537e-05
0.165241245665 0.00216331599346 5.47637006683e-05
0.167946571676 0.00217408834828 4.99904775605e-05
0.170651897688 0.00222459388342 6.58773337856e-05
0.173357223699 0.00196980023806 3.83689023635e-05
0.176062549711 0.00209062557119 4.67492777827e-05
0.178767875723 0.0020269693181 4.14273752048e-05
0.181473201734 0.00200544055311 4.86267935767e-05
0.184178527746 0.00195259792199 3.48799772946e-05
0.186883853757 0.00192044389507 3.75120688706e-05
0.189589179769 0.002034087726 3.74708040178e-05
0.19229450578 0.00194777119622 3.65997720182e-05
0.194999831792 0.00202460191359 3.79152056319e-05
0.197705157803 0.00204122574613 4.1630906996e-05
0.200410483815 0.00198555153395 3.49206415327e-05
0.203115809827 0.00189613927404 3.39417218797e-05
0.205821135838 0.00190773289985 3.25158719317e-05
0.20852646185 0.00190223673953 2.88690480533e-05
0.211231787861 0.00194939429359 3.27368137978e-05
0.213937113873 0.00190768803467 2.7382281991e-05
0.216642439884 0.00199556777061 3.1721820135e-05
0.219347765896 0.0019717899665 2.90265243973e-05
0.222053091908 0.0018526040558 2.82157372486e-05
0.224758417919 0.00193823313769 2.87528640255e-05
0.227463743931 0.00188121221784 2.64198548722e-05
0.230169069942 0.00197000034579 2.80928424296e-05
0.232874395954 0.00186175391591 2.73778897429e-05
0.235579721965 0.00192893895921 2.7097879557e-05
0.238285047977 0.00199947871844 2.66312329636e-05
0.240990373988 0.00190421673855 2.38789347869e-05
0.2436957 0.00196361507385 2.68698774922e-05
0.246401026012 0.00197638206308 2.84401488157e-05
0.249106352023 0.00198904946329 2.71160077957e-05
0.251811678035 0.00189387599709 2.39864463849e-05
0.254517004046 0.00192396576791 2.14522912653e-05
0.257222330058 0.00200950850228 2.54981370573e-05
0.259927656069 0.00204486537992 2.78985346875e-05
0.262632982081 0.00198643564203 2.55031893973e-05
0.265338308092 0.00190811861076 2.26600383863e-05
0.268043634104 0.001986271423 2.13869926912e-05
0.270748960116 0.00192373589078 2.16140178499e-05
0.273454286127 0.00200910070727 2.21812685991e-05
0.276159612139 0.00202443011354 2.15675133228e-05
0.27886493815 0.00206078352221 2.54102630132e-05
0.281570264162 0.00213237454901 2.66178315204e-05
0.284275590173 0.00210991663752 2.51025513035e-05
0.286980916185 0.00205195461133 2.35039396972e-05
0.289686242197 0.00216416480133 2.63275998553e-05
0.292391568208 0.00207511344388 2.2764582011e-05
0.29509689422 0.00217211410142 2.5774640936e-05
0.297802220231 0.00212302419973 2.41157695771e-05
0.300507546243 0.00225001406363 2.57657012357e-05
0.303212872254 0.00223013032462 2.63069280132e-05
0.305918198266 0.0022494330728 2.68530041551e-05
0.308623524277 0.00223447186646 2.48079883421e-05
0.311328850289 0.00221131321375 2.50310647324e-05
0.314034176301 0.00237555806632 2.86054983131e-05
0.316739502312 0.00233719210306 2.6746951859e-05
0.319444828324 0.00230399109254 2.52364815385e-05
0.322150154335 0.00240010993823 2.78561276224e-05
0.324855480347 0.00239278598357 2.65030358391e-05
0.327560806358 0.00240242199152 2.87478627265e-05
0.33026613237 0.00246636035218 2.69373100902e-05
0.332971458382 0.00244881182672 2.70921999846e-05
0.335676784393 0.00252178406498 2.9098340686e-05
0.338382110405 0.00257168298993 2.82637500398e-05
0.341087436416 0.00260090729636 3.35444912612e-05
0.343792762428 0.00256440843062 2.8092069278e-05
0.346498088439 0.00274928658867 3.21550208825e-05
0.349203414451 0.00282270358802 3.72352402566e-05
0.351908740462 0.00280801561837 3.44624330161e-05
0.354614066474 0.00283346967922 3.41110353314e-05
0.357319392486 0.00296997686426 3.55958059004e-05
0.360024718497 0.00291149832435 3.482821877e-05
0.362730044509 0.00307845753615 3.73259682345e-05
0.36543537052 0.00306594751932 3.59564479608e-05
0.368140696532 0.0034092187545 4.21598651269e-05
0.370846022543 0.00328899333819 3.9314939366e-05
0.373551348555 0.00342936370884 4.25833217185e-05
0.376256674566 0.00358004351848 4.79027519905e-05
0.378962000578 0.00355031741608 4.46770287361e-05
0.38166732659 0.00365396117375 4.9919339113e-05
0.384372652601 0.00398289211656 5.5939959655e-05
0.387077978613 0.00402759633332 5.15108865109e-05
0.389783304624 0.00411510666157 5.52474473155e-05
0.392488630636 0.00433317315235 6.01564341678e-05
0.395193956647 0.00455656422932 6.98799433487e-05
0.397899282659 0.00478983518621 6.70608538426e-05
0.400604608671 0.00493012436487 7.1789854786e-05
0.403309934682 0.00522699859926 8.01992185768e-05
0.406015260694 0.00581991411344 9.17169097065e-05
0.408720586705 0.00592435709669 8.52917373562e-05
0.411425912717 0.00623631426745 9.12009482775e-05
0.414131238728 0.00692329274192 0.000106846156629
0.41683656474 0.00708356702032 0.000110270325845
0.419541890751 0.00828803166994 0.000146279632394
0.422247216763 0.0087977373642 0.000144223518202
0.424952542775 0.00941967688771 0.000163847484611
0.427657868786 0.0102406291315 0.000178536539478
0.430363194798 0.0113374997821 0.000189037833789
0.433068520809 0.0128469589916 0.000209602389281
0.435773846821 0.0141056090456 0.000245476573717
0.438479172832 0.0153571478027 0.000232192463018
0.441184498844 0.0173612135176 0.000278348572268
0.443889824855 0.0206611328415 0.000308489979571
0.446595150867 0.0246849767533 0.000443122851524
0.449300476879 0.024844977887 0.000370432307387
0.45200580289 0.0298431423459 0.000454974091621
0.454711128902 0.0331378165569 0.000437553684327
0.457416454913 0.0379440707003 0.000654940914622
0.460121780925 0.0411714929983 0.00058041974441
0.462827106936 0.047908556976 0.000665963419661
0.465532432948 0.048344853934 0.000648938811632
0.46823775896 0.0564034372716 0.000818193871171
0.470943084971 0.0595875894686 0.000809860480444
0.473648410983 0.0616840931469 0.000827620178794
0.476353736994 0.0619863031172 0.000848472074454
0.479059063006 0.066166622373 0.000826651070717
0.481764389017 0.0679027969942 0.000866392620339
0.484469715029 0.0703871027004 0.000897383097942
0.48717504104 0.0728663604175 0.000954098378002
0.489880367052 0.0700991577125 0.000853030646532
0.492585693064 0.0731980394614 0.000828083786685
0.495291019075 0.0716359053477 0.000914197452877
0.497996345087 0.0772551417965 0.000992662340576
0.500701671098 0.0710349083792 0.000838883024044
0.50340699711 0.0731658537805 0.000861431438384
0.506112323121 0.0738308746947 0.000933135031254
0.508817649133 0.0724149611366 0.000885671152465
0.511522975145 0.0731313654338 0.000783939919275
0.514228301156 0.0756487515602 0.000880524696136
0.516933627168 0.0707606145256 0.000785530488755
0.519638953179 0.0727642841581 0.000847628072852
0.522344279191 0.0713870819196 0.000802328783149
0.525049605202 0.0710969042182 0.000691777000918
0.527754931214 0.0685405783393 0.000667508803115
0.530460257225 0.0683581797654 0.000663864327334
0.533165583237 0.0681734502509 0.000714161565166
0.535870909249 0.0665612696694 0.000640019952845
0.53857623526 0.0675340550995 0.000685427231972
0.541281561272 0.0657210227334 0.000639015549341
0.543986887283 0.0664286434389 0.000599747956071
0.546692213295 0.0646068681507 0.000571470148438
0.549397539306 0.0645526428912 0.00055169432435
0.552102865318 0.0629148655472 0.000553206909968
0.554808191329 0.0629717147536 0.000535268583593
0.557513517341 0.0625028914731 0.000525102481905
0.560218843353 0.0613271152321 0.000492361946907
0.562924169364 0.0612779407493 0.000511626461939
0.565629495376 0.0599240556309 0.000455033049122
0.568334821387 0.059438165984 0.000497504562217
0.571040147399 0.0579049533534 0.000436596077976
0.57374547341 0.0563562845069 0.000390019270372
0.576450799422 0.0565955746258 0.00041873151429
0.579156125434 0.0548827085594 0.000402574595117
0.581861451445 0.0548931526933 0.000392624616434
0.584566777457 0.0540022676032 0.000367944245504
0.587272103468 0.0531460226183 0.000365307215469
0.58997742948 0.0526394608823 0.000352746173766
0.592682755491 0.0515898554011 0.000329806575191
0.595388081503 0.0499755251565 0.000296818864783
0.598093407514 0.0501681668452 0.00029748924897
0.600798733526 0.0484151879729 0.000273381936311
0.603504059538 0.0473433697557 0.000264340517271
0.606209385549 0.0462375397262 0.000258169244673
0.608914711561 0.0449483497558 0.0002390230884
0.611620037572 0.0450400478061 0.000246745529635
0.614325363584 0.0441261176075 0.000243294632942
0.617030689595 0.0427775379651 0.000203751513527
0.619736015607 0.0419429323155 0.000201343163473
0.622441341618 0.0412630030477 0.000200587080665
0.62514666763 0.0404975389686 0.000186712782781
0.627851993642 0.0403510544967 0.000184496656031
0.630557319653 0.0386466640967 0.000173107126737
0.633262645665 0.0384062870191 0.000171134715596
0.635967971676 0.0377491778 0.00015825126305
0.638673297688 0.0372762079473 0.000153516272097
0.641378623699 0.0365825925138 0.000147519853221
0.644083949711 0.0362624794983 0.000140514789543
0.646789275723 0.035641628569 0.000139625149402
0.649494601734 0.0348769227447 0.000128804323123
0.652199927746 0.0342386626722 0.000125074182367
0.654905253757 0.0335984801599 0.000120149983349
0.657610579769 0.0333040414428 0.000115773428498
0.66031590578 0.0330892932377 0.000114495086221
0.663021231792 0.0322766281602 0.000108736604341
0.665726557803 0.0319814222895 0.000104939457451
0.668431883815 0.0314496234453 0.000102311479115
0.671137209827 0.0308083163701 9.43983730247e-05
0.673842535838 0.0304372800728 8.92572854876e-05
0.67654786185 0.0298844108296 8.76977113235e-05
0.679253187861 0.0292315819533 8.39033946104e-05
0.681958513873 0.0292022959791 8.5672853941e-05
0.684663839884 0.0289789193906 8.2739613795e-05
0.687369165896 0.0284023160375 7.79587772461e-05
0.690074491908 0.0277992106407 7.37097250524e-05
0.692779817919 0.0272981593194 6.95982246518e-05
0.695485143931 0.0267485578896 6.71250479222e-05
0.698190469942 0.0263619146098 6.65198655435e-05
0.700895795954 0.0260853250316 6.39800129187e-05
0.703601121965 0.0257131116561 6.08318219107e-05
0.706306447977 0.0253530948562 5.88330862493e-05
0.709011773988 0.0248313312046 5.70942849426e-05
0.7117171 0.0243678002224 5.28717838967e-05
0.714422426012 0.0240759995745 5.37909320298e-05
0.717127752023 0.0236938460174 5.0562316605e-05
0.719833078035 0.0234823046303 5.05503229323e-05
0.722538404046 0.0233679485652 5.07399617661e-05
0.725243730058 0.0231586676528 5.12666592945e-05
0.727949056069 0.022696074412 4.58342669745e-05
0.730654382081 0.0224522933793 4.53192307446e-05
0.733359708092 0.0221265356513 4.27992697222e-05
0.736065034104 0.0217869439403 4.13400502061e-05
0.738770360116 0.0215068513254 4.02961840818e-05
0.741475686127 0.0211471957596 3.77448212016e-05
0.744181012139 0.0209012846932 3.77464295357e-05
0.74688633815 0.0205948461993 3.56210495685e-05
0.749591664162 0.020399175858 3.6362084531e-05
0.752296990173 0.020199410802 3.4205470788e-05
0.755002316185 0.0201048893749 3.38697787614e-05
0.757707642197 0.0198441297648 3.16911329e-05
0.760412968208 0.0194678034719 3.01319255988e-05
0.76311829422 0.0190513565559 2.97052161369e-05
0.765823620231 0.0188236005563 2.83848488037e-05
0.768528946243 0.0185134133966 2.69503741615e-05
0.771234272254 0.0184613232392 2.66976338641e-05
0.773939598266 0.0182016883595 2.63265145552e-05
0.776644924277 0.018037578761 2.58581671881e-05
0.779350250289 0.0178078625381 2.48252222872e-05
0.782055576301 0.0175365093204 2.39549632655e-05
0.784760902312 0.0174657686762 2.39609202272e-05
0.787466228324 0.0173265748979 2.30611162353e-05
0.790171554335 0.0172633723654 2.28498553143e-05
0.792876880347 0.0170479307925 2.21844054363e-05
0.795582206358 0.0169344268311 2.21592761504e-05
0.79828753237 0.0166726162978 2.09855743884e-05
0.800992858382 0.0164419827548 1.99063935972e-05
0.803698184393 0.0163497884255 1.99510498468e-05
0.806403510405 0.0162072098016 1.97963043844e-05
0.809108836416 0.016077702089 1.93624501837e-05
0.811814162428 0.0159149587029 1.87541221864e-05
0.814519488439 0.015763922126 1.79560099067e-05
0.817224814451 0.0156503207822 1.76174013064e-05
0.819930140462 0.0154619038539 1.75606402222e-05
0.822635466474 0.0153718843435 1.69826973089e-05
0.825340792486 0.0151923107593 1.67469808848e-05
0.828046118497 0.0150308988128 1.63477461454e-05
0.830751444509 0.0149608669565 1.61471570442e-05
0.83345677052 0.0148767355745 1.59389964942e-05
0.836162096532 0.0148260778978 1.56496231166e-05
0.838867422543 0.0147410496196 1.51478510358e-05
0.841572748555 0.014597678699 1.50542856748e-05
0.844278074566 0.0144896174797 1.49946495859e-05
0.846983400578 0.0143886064308 1.432590147e-05
0.84968872659 0.0142478018763 1.4065167523e-05
0.852394052601 0.0142371371077 1.40966971021e-05
0.855099378613 0.0141661284653 1.38234366798e-05
0.857804704624 0.0139693985551 1.3351886018e-05
0.860510030636 0.0138523553687 1.30406762036e-05
0.863215356647 0.0138626904995 1.31489629594e-05
0.865920682659 0.0138099836144 1.30062311512e-05
0.868626008671 0.0137247425668 1.25845160814e-05
0.871331334682 0.0136235385483 1.234113152e-05
0.874036660694 0.0135293295276 1.23191869061e-05
0.876741986705 0.0134465623138 1.2197810171e-05
0.879447312717 0.0133306087345 1.18053820159e-05
0.882152638728 0.0132751938659 1.16746659613e-05
0.88485796474 0.0131924560822 1.14025232793e-05
0.887563290751 0.0131522441897 1.15808080251e-05
0.890268616763 0.0130842465026 1.11621711866e-05
0.892973942775 0.0130286439601 1.11188714053e-05
0.895679268786 0.0129424670003 1.09655615692e-05
0.898384594798 0.0128981666467 1.05269171171e-05
0.901089920809 0.0128569452329 1.07557665788e-05
0.903795246821 0.0128574334528 1.08346532712e-05
0.906500572832 0.0127609011236 1.04073354414e-05
0.909205898844 0.0127101683275 1.04078273382e-05
0.911911224855 0.0126600540719 1.02252045275e-05
0.914616550867 0.012589977591 1.01335704464e-05
0.917321876879 0.012596770817 1.01218448036e-05
0.92002720289 0.0125575842108 1.01485007531e-05
0.922732528902 0.0124959531882 9.97448546368e-06
0.925437854913 0.0124799303633 1.00404418582e-05
0.928143180925 0.0125224438216 1.00497500255e-05
0.930848506936 0.0125034940769 9.81804468741e-06
0.933553832948 0.012498254875 9.90709751421e-06
0.93625915896 0.0124188948227 9.71454297235e-06
0.938964484971 0.0123480385663 9.71791148364e-06
0.941669810983 0.0123458420854 9.57145304338e-06
0.944375136994 0.0123569572289 9.4934313681e-06
0.947080463006 0.0123392639393 9.57814222594e-06
0.949785789017 0.0123099894727 9.45579396808e-06
0.952491115029 0.0123019608139 9.40496278841e-06
0.95519644104 0.0123622358859 9.46163469241e-06
0.957901767052 0.0123492868916 9.52539138042e-06
0.960607093064 0.0123535754571 9.41524200246e-06
0.963312419075 0.012315759125 9.33979710349e-06
0.966017745087 0.0123001764399 9.22319727503e-06
0.968723071098 0.0123014667015 9.18791629013e-06
0.97142839711 0.0123813259476 9.36686441387e-06
0.974133723121 0.0123463842198 9.27914243692e-06
0.976839049133 0.012402259193 9.3286212654e-06
0.979544375145 0.0123722552714 9.30451077592e-06
0.982249701156 0.0123766162083 9.34010767514e-06
0.984955027168 0.0123596979456 9.37229317201e-06
0.987660353179 0.0123644813813 9.30820602198e-06
0.990365679191 0.0123353636881 9.31314469615e-06
0.993071005202 0.0123748244777 9.06344045819e-06
0.995776331214 0.0124495505633 9.35870542201e-06
0.998481657225 0.0125402256225 9.49361495744e-06
1.00118698324 0.0125242484178 9.4083547267e-06
1.00389230925 0.012516746801 9.31093797089e-06
1.00659763526 0.012568181982 9.37933676262e-06
1.00930296127 0.0126671388887 9.41245223976e-06
1.01200828728 0.0126887309129 9.57452748334e-06
1.01471361329 0.0126420326139 9.40279357039e-06
1.01741893931 0.0126632956361 9.58705059155e-06
1.02012426532 0.012722032931 9.51913897769e-06
1.02282959133 0.0127863953464 9.6842792142e-06
1.02553491734 0.0128367004535 9.6153232231e-06
1.02824024335 0.0129272115014 9.78568895839e-06
1.03094556936 0.0129154642703 9.80942404177e-06
1.03365089538 0.0129527909138 9.68028767707e-06
1.03635622139 0.0130426414181 9.86089472898e-06
1.0390615474 0.0130866770056 1.00389463526e-05
1.04176687341 0.0132287145641 1.01819142789e-05
1.04447219942 0.0132604536392 1.00870604552e-05
1.04717752543 0.0133390471936 1.01215651982e-05
1.04988285145 0.0133694235448 1.01063449039e-05
1.05258817746 0.0134717005937 1.02163418232e-05
1.05529350347 0.0135852221868 1.05262541791e-05
1.05799882948 0.0136772396731 1.06137872501e-05
1.06070415549 0.0137067143092 1.05603543497e-05
1.0634094815 0.0137874965044 1.07240145354e-05
1.06611480751 0.013956487 1.09730382304e-05
1.06882013353 0.0139708543309 1.10174479253e-05
1.07152545954 0.0140713402912 1.105383771e-05
1.07423078555 0.0141637610154 1.12192248519e-05
1.07693611156 0.0142578113538 1.13788198453e-05
1.07964143757 0.0143312139734 1.14210597405e-05
1.08234676358 0.0144468879327 1.15652363427e-05
1.0850520896 0.0144495464255 1.15681436225e-05
1.08775741561 0.0146206173967 1.17822759941e-05
1.09046274162 0.014772160946 1.17700302685e-05
1.09316806763 0.0149623771124 1.22635701369e-05
1.09587339364 0.0151135395321 1.23756231128e-05
1.09857871965 0.0152586834497 1.24981948523e-05
1.10128404566 0.0154262122764 1.31005346467e-05
1.10398937168 0.0155325235763 1.30005854853e-05
1.10669469769 0.0157727261664 1.36786148072e-05
1.1094000237 0.015880034585 1.36745924539e-05
1.11210534971 0.015913069204 1.3674447957e-05
1.11481067572 0.0159958045359 1.4117616064e-05
1.11751600173 0.016149945134 1.42934575428e-05
1.12022132775 0.016281562815 1.45193031139e-05
1.12292665376 0.016387829262 1.47669540092e-05
1.12563197977 0.0165956938288 1.49203993576e-05
1.12833730578 0.0167266927578 1.52270216345e-05
1.13104263179 0.0169024290975 1.4711351965e-05
1.1337479578 0.0171099756696 1.52151259244e-05
1.13645328382 0.017369459282 1.59493121531e-05
1.13915860983 0.0175475438188 1.62942887519e-05
1.14186393584 0.0177804430987 1.66892635774e-05
1.14456926185 0.0180165405605 1.73370043728e-05
1.14727458786 0.018203247625 1.72060659288e-05
1.14997991387 0.018424168631 1.78713186164e-05
1.15268523988 0.0186189730888 1.79342112347e-05
1.1553905659 0.0189569885867 1.84720602113e-05
1.15809589191 0.0193612432889 1.97551910095e-05
1.16080121792 0.0196200049534 1.99031166694e-05
1.16350654393 0.0200355354141 2.12200912089e-05
1.16621186994 0.0201763844057 2.13259091306e-05
1.16891719595 0.020423312468 2.15168199906e-05
1.17162252197 0.0206669713857 2.18877958166e-05
1.17432784798 0.021111648013 2.27698434642e-05
1.17703317399 0.0213115321849 2.33165505816e-05
1.1797385 0.0216476100868 2.40712194686e-05
1.18244382601 0.0216216358195 2.40283907429e-05
1.18514915202 0.022062280002 2.41474892852e-05
1.18785447803 0.0224280518672 2.53147362893e-05
1.19055980405 0.0225700106284 2.56661504162e-05
1.19326513006 0.0229668514993 2.69813066982e-05
1.19597045607 0.0234662309795 2.76790146775e-05
1.19867578208 0.0237659169143 2.87805477496e-05
1.20138110809 0.0240633565485 2.99875466534e-05
1.2040864341 0.0242807825637 2.93891811319e-05
1.20679176012 0.0249060413412 3.18703665299e-05
1.20949708613 0.0250608098914 3.20707449705e-05
1.21220241214 0.0254183392931 3.2385262515e-05
1.21490773815 0.0257213773515 3.24561452961e-05
1.21761306416 0.0264197842136 3.42111761046e-05
1.22031839017 0.0269801807686 3.60302995562e-05
1.22302371618 0.0274312263035 3.80212784527e-05
1.2257290422 0.0280112396158 3.99695996673e-05
1.22843436821 0.0284803036049 4.07856488601e-05
1.23113969422 0.028526636376 3.98146453089e-05
1.23384502023 0.0290427856517 4.15077644967e-05
1.23655034624 0.0297386168692 4.32136242873e-05
1.23925567225 0.0304613345104 4.61475522094e-05
1.24196099827 0.0306991727784 4.59226940636e-05
1.24466632428 0.0311874898351 4.78481224603e-05
1.24737165029 0.0316802002568 4.99735640034e-05
1.2500769763 0.0322154170927 5.23188919017e-05
1.25278230231 0.0327721973218 5.2397398519e-05
1.25548762832 0.0337268717952 5.61027832333e-05
1.25819295434 0.0346072496687 5.64039981515e-05
1.26089828035 0.0352861907006 6.06117913924e-05
1.26360360636 0.0359229386915 6.18345892207e-05
1.26630893237 0.0363071805285 6.24038831529e-05
1.26901425838 0.0366819111087 6.39556218353e-05
1.27171958439 0.0376527667487 6.82395084135e-05
1.2744249104 0.0386020836551 7.20606999137e-05
1.27713023642 0.039693047911 7.44828012546e-05
1.27983556243 0.0401811839808 7.6043365755e-05
1.28254088844 0.0414409456576 8.04990227235e-05
1.28524621445 0.0424333723153 8.51375953708e-05
1.28795154046 0.0430632550652 8.99426579241e-05
1.29065686647 0.0439819181031 9.61929980963e-05
1.29336219249 0.0447931998697 9.93072896796e-05
1.2960675185 0.0453542615365 0.000101070330251
1.29877284451 0.0464995132874 0.000104224409741
1.30147817052 0.0475885135099 0.000112251400654
1.30418349653 0.0492711665845 0.000116784553063
1.30688882254 0.0497227555144 0.000118835239424
1.30959414855 0.0504637817387 0.000121088434922
1.31229947457 0.0514275052377 0.000123061829609
1.31500480058 0.0525684041239 0.000129202486841
1.31771012659 0.0541188096739 0.000136772895615
1.3204154526 0.0557370321296 0.000143411822103
1.32312077861 0.0573440473669 0.000158573747208
1.32582610462 0.0582255710296 0.000161679492834
1.32853143064 0.0590754071237 0.0001666242342
1.33123675665 0.0602906886815 0.000166112783956
1.33394208266 0.0620655545202 0.000182989626529
1.33664740867 0.0639576107083 0.000183378638821
1.33935273468 0.0671475451616 0.000203061614697
1.34205806069 0.0683376015224 0.000204452956417
1.34476338671 0.0698577656701 0.00020661524164
1.34746871272 0.0715976484685 0.000217811092781
1.35017403873 0.0734013757102 0.000234038135521
1.35287936474 0.0747624184722 0.000239548762546
1.35558469075 0.0784464455334 0.000270333382571
1.35829001676 0.0799070894687 0.000275831451871
1.36099534277 0.080148422494 0.000278324130519
1.36370066879 0.082110748884 0.000292133252612
1.3664059948 0.0850153964384 0.000318646783913
1.36911132081 0.0861222506423 0.000319743687109
1.37181664682 0.0878753817233 0.00031550473503
1.37452197283 0.0905922805837 0.000329631747896
1.37722729884 0.0942499371647 0.000369804555108
1.37993262486 0.0968698624702 0.000374106250974
1.38263795087 0.100633157197 0.00041504901312
1.38534327688 0.103957353296 0.00043697521199
1.38804860289 0.104624592803 0.00043118526467
1.3907539289 0.104693470846 0.000410156374099
1.39345925491 0.111367210568 0.000481175993527
1.39616458092 0.113329676706 0.000512734159064
1.39886990694 0.117067071492 0.000511983446859
1.40157523295 0.117845826377 0.000503343402154
1.40428055896 0.123885477544 0.000573863284437
1.40698588497 0.123709145467 0.000564779220432
1.40969121098 0.125543603008 0.000580047547302
1.41239653699 0.129781663386 0.000587246498841
1.41510186301 0.138456614649 0.000687404428148
1.41780718902 0.139371715652 0.000692868538022
1.42051251503 0.14252039276 0.000732379244974
1.42321784104 0.147525532954 0.000762748332749
1.42592316705 0.154779676268 0.000829299770231
1.42862849306 0.160007850531 0.000883525815197
1.43133381908 0.161099365956 0.000865222372123
1.43403914509 0.163732660616 0.000875703715879
1.4367444711 0.16831486641 0.000904423677518
1.43944979711 0.175378219274 0.00102323877067
1.44215512312 0.177571237688 0.00102030987685
1.44486044913 0.179935087785 0.00104566595053
1.44756577514 0.183062901693 0.00102631264255
1.45027110116 0.188689230176 0.00106023214015
1.45297642717 0.191712183341 0.00108541643108
1.45568175318 0.192631926039 0.00108472389636
1.45838707919 0.200788706279 0.00113024830463
1.4610924052 0.21026219205 0.00119087544771
1.46379773121 0.214880240187 0.00128263393954
1.46650305723 0.221781724832 0.00135784600113
1.46920838324 0.221435065044 0.00133934034043
1.47191370925 0.229601491349 0.00139063478392
1.47461903526 0.235809127864 0.00151681810147
1.47732436127 0.24374127038 0.00155804029667
1.48002968728 0.246606988847 0.0015369493028
1.48273501329 0.255491442159 0.0015812344493
1.48544033931 0.264526598898 0.00173736431432
1.48814566532 0.263872954384 0.00168737017295
1.49085099133 0.273693323601 0.00182936262941
1.49355631734 0.279438785231 0.0018667719815
1.49626164335 0.283921382531 0.00199190973386
1.49896696936 0.287748574809 0.00201668831848
1.50167229538 0.299339833849 0.00207382436877
1.50437762139 0.298886678241 0.00204489102749
1.5070829474 0.312493334503 0.00213813875277
1.50978827341 0.318080472745 0.00212550086995
1.51249359942 0.331773217881 0.00226510071771
1.51519892543 0.331414864781 0.00230696633472
1.51790425145 0.333535021646 0.00238086861856
1.52060957746 0.344365987388 0.00253618490468
1.52331490347 0.350452943618 0.00256151846018
1.52602022948 0.359606282709 0.00263197105674
1.52872555549 0.358894395556 0.00269132260981
1.5314308815 0.364203499271 0.00265727440499
1.53413620751 0.371291569752 0.00287840967871
1.53684153353 0.396120604606 0.0030889950535
1.53954685954 0.40009513089 0.00305016152762
1.54225218555 0.40379533058 0.00308170118739
1.54495751156 0.415031901859 0.00302751105637
1.54766283757 0.418682569346 0.0030724292799
1.55036816358 0.439546694552 0.00346588459178
1.5530734896 0.43679676038 0.00344423438572
1.55577881561 0.454609065745 0.00350481570296
1.55848414162 0.455978130206 0.00353523112625
1.56118946763 0.477558519525 0.00376954885252
1.56389479364 0.463828443565 0.00389549280767
1.56660011965 0.480045013399 0.00388784957552
1.56930544566 0.490985199799 0.00387958374572
1.57201077168 0.488145967755 0.00392701678598
1.57471609769 0.504349561148 0.0041121212226
1.5774214237 0.49699252316 0.00425256466762
1.58012674971 0.510610311812 0.00412305871582
1.58283207572 0.52957674595 0.00420428089499
1.58553740173 0.515431440959 0.0046156298141
1.58824272775 0.53188210211 0.00439876993575
1.59094805376 0.539621710228 0.00430094524191
1.59365337977 0.535606282172 0.00452949880397
1.59635870578 0.531293580909 0.00450455143998
1.59906403179 0.565668201542 0.00471402542308
1.6017693578 0.57602304406 0.00483394962132
1.60447468382 0.590688163443 0.00498197366376
1.60718000983 0.584655535976 0.00492183457732
1.60988533584 0.57275150995 0.00498399404187
1.61259066185 0.587115963574 0.00496351599101
1.61529598786 0.603001692765 0.00478004358669
1.61800131387 0.609702838564 0.0052150593179
1.62070663988 0.65454605234 0.005243890047
1.6234119659 0.61633619706 0.00546335461462
1.62611729191 0.604684522563 0.00585504372975
1.62882261792 0.624271857506 0.00593808836065
1.63152794393 0.659977392236 0.005730060442
1.63423326994 0.660726275939 0.00605545016997
1.63693859595 0.653193167544 0.00583575684135
1.63964392197 0.662684888686 0.00621651350476
1.64234924798 0.695226225387 0.00628828610703
1.64505457399 0.679101069193 0.00605218868896
1.6477599 0.699750896662 0.00603329679001
1.65046522601 0.666954599641 0.00624163308946
1.65317055202 0.680975047132 0.00616400488587
1.65587587803 0.700126706864 0.00629487538432
1.65858120405 0.71736265837 0.00629249037121
1.66128653006 0.693252482122 0.00673661793281
1.66399185607 0.678886355795 0.00708856615575
1.66669718208 0.730756598091 0.00653281187359
1.66940250809 0.747014583665 0.00622845152958
1.6721078341 0.716136026112 0.00664675033118
1.67481316012 0.735378388628 0.00675571317269
1.67751848613 0.739861857889 0.00669747887127
1.68022381214 0.776788010884 0.00608345610559
1.68292913815 0.749954768918 0.0073852440667
1.68563446416 0.735237080114 0.00732032874629
1.68833979017 0.761637659625 0.00782717184233
1.69104511618 0.786566381855 0.00667574251106
1.6937504422 0.725000241355 0.00876298929373
1.69645576821 0.789047167245 0.00748646278233
1.69916109422 0.780534219435 0.00723923937752
1.70186642023 0.769537461449 0.00726986188591
1.70457174624 0.788356245998 0.00723910937512
1.70727707225 0.791221810239 0.00776874057759
1.70998239827 0.794650669725 0.00784993633687
1.71268772428 0.789203839111 0.00756626675143
1.71539305029 0.792568828206 0.00860058019747
1.7180983763 0.785433452679 0.00863248169036
1.72080370231 0.830733587815 0.00861330794388
1.72350902832 0.84506206958 0.00796237227744
1.72621435434 0.795036769853 0.010061903214
1.72891968035 0.86379960934 0.00763265989305
1.73162500636 0.837292676009 0.00816803331344
1.73433033237 0.823515736781 0.00850487718237
1.73703565838 0.792137952361 0.00867865057563
1.73974098439 0.838140008479 0.00850099818886
1.7424463104 0.839936739009 0.00829223767267
1.74515163642 0.860448619743 0.00872706218009
1.74785696243 0.838662907725 0.00967755349246
1.75056228844 0.91112851182 0.00700855374435
1.75326761445 0.888432727824 0.00737289717774
1.75597294046 0.859812480213 0.0086901745956
1.75867826647 0.887966481282 0.00831049297388
1.76138359249 0.851477101813 0.0115591118536
1.7640889185 0.865496815505 0.0110382497161
1.76679424451 0.857032779416 0.00987141791452
1.76949957052 0.871623298807 0.0101891311379
1.77220489653 0.852226127291 0.010419501229
1.77491022254 0.879570690434 0.0102601842441
1.77761554855 0.931589187869 0.0067728640947
1.78032087457 0.908150841747 0.00920504526213
1.78302620058 0.905648636801 0.0095002283089
1.78573152659 0.888925178762 0.011650507204
1.7884368526 0.892737610199 0.010820753565
1.79114217861 0.900025940039 0.0107917675118
1.79384750462 0.935297396257 0.00757167631086
1.79655283064 0.944881472221 0.00532941796492
1.79925815665 0.918264143483 0.00697262068476
1.80196348266 0.918558790342 0.00776867513046
1.80466880867 0.92932645944 0.00929062886776
1.80737413468 0.956982197065 0.00679750191376
1.81007946069 0.96267457694 0.00572344789076
1.81278478671 0.94144626793 0.00649261286893
1.81549011272 0.925190382548 0.0107315183166
1.81819543873 0.923732518043 0.00977442633974
1.82090076474 0.921290838319 0.0121294092219
1.82360609075 0.95056819354 0.00527733164068
1.82631141676 0.956102579243 0.00736375564993
1.82901674277 0.936129099713 0.00894418660945
1.83172206879 0.910232873611 0.00791092824852
1.8344273948 0.923896101833 0.00946531678867
1.83713272081 0.970976725874 0.00372534816255
1.83983804682 0.954385943544 0.00684176856624
1.84254337283 0.934826946722 0.010501378808
1.84524869884 0.922427452765 0.0169822428426
1.84795402486 0.964158115846 0.00450679999734
1.85065935087 0.92947907934 0.0107213606314
1.85336467688 0.872428275611 0.0149030814247
1.85607000289 0.944414703912 0.0103016243636
1.8587753289 0.929143810033 0.0121944588416
1.86148065491 0.93869222587 0.010476832317
1.86418598092 0.93467409806 0.0100557553033
1.86689130694 0.932532836093 0.0113832152268
1.86959663295 0.948733933361 0.0133164002545
1.87230195896 0.960591873461 0.0104260560527
1.87500728497 0.795056583007 0.0269423118106
1.87771261098 0.973440615104 0.00460849669039
1.88041793699 0.977982732607 0.00444140138116
1.88312326301 0.940639963489 0.0199240034312
1.88582858902 0.945698585374 0.0121334488486
1.88853391503 0.871113136118 0.0162919312492
1.89123924104 0.985969990645 0.00235331426705
1.89394456705 0.973402541922 0.00376218542537
1.89664989306 0.926418364904 0.00696427759439
1.89935521908 0.800805755124 0.0205673563155
1.90206054509 0.902062308257 0.017736363462
1.9047658711 0.959673517502 0.0157912102566
1.90747119711 0.97425329294 0.00734944931142
1.91017652312 0.89593035419 0.0338476212186
1.91288184913 0.91307229727 0.0308211424173
1.91558717514 0.983753536672 0.00199732646768
1.91829250116 0.963037832387 0.0148550552356
1.92099782717 0.943953248666 0.0178606005609
1.92370315318 0.924329411866 0.0233220356963
1.92640847919 0.978858490344 0.00836000658009
1.9291138052 0.983348859967 0.00505332721968
1.93181913121 0.986109616327 0.00178641317516
1.93452445723 0.958352519685 0.0241248988945
1.93722978324 0.972820503019 0.0133964119742
1.93993510925 0.930957915988 0.0576755966764
1.94264043526 0.990927290334 0.0002859532383
1.94534576127 0.988549822368 0.00154763166194
1.94805108728 0.98452476781 0.00413028895954
1.95075641329 0.935354390056 0.0288885303574
1.95346173931 0.896622079699 0.0442844011162
1.95616706532 0.981138036097 0.0088933920919
1.95887239133 0.965241762013 0.0222712360838
1.96157771734 0.991441284253 0.000469189561307
1.96428304335 0.991204743942 0.000624855677294
1.96698836936 0.988836399622 0.00316917513362
1.96969369538 0.974199870805 0.0115568802366
1.97239902139 0.946507109534 0.0257176752716
1.9751043474 0.990155186668 0.00197536774513
1.97780967341 0.921247001582 0.0666792986819
1.98051499942 0.791370674636 0.0848634643984
1.98322032543 0.897822580346 0.0621280669172
1.98592565145 0.954726251108 0.0324410969416
1.98863097746 0.966481918416 0.0149683263852
1.99133630347 0.988620224751 0.00420713365188
1.99404162948 0.989613553867 0.00213583123934
1.99674695549 0.988169672078 0.00310271168811
1.9994522815 0.991238491827 0.000786503604064
2.00215760751 0.980501816614 0.0065262023704
2.00486293353 0.992402344442 0.0
2.00756825954 0.991812220923 0.000157930324573
2.01297891156 0.992272402921 0.000261054535219
2.01568423757 0.991870690612 0.000459295790082
2.0210948896 0.99201919162 0.000485100537935
2.02380021561 0.980756557398 0.0114069022258
2.02650554162 0.985464192731 0.00660505637011
2.02921086763 0.977826894422 0.011279705409
2.03191619364 0.992360486859 0.000387018244782
2.03732684566 0.935555618115 0.0
2.04003217168 0.951131250252 0.0
2.04273749769 0.992957820685 0.000279870437415
2.05355880173 0.992940225511 0.000438968168091
2.05626412775 0.993345001505 0.0
2.05896945376 0.971990778008 5.07736934861e-05
2.06438010578 0.992506308267 0.000297271182917
2.06708543179 0.993007588341 0.000772514119015
2.07249608382 0.990471801166 0.00198806684458
2.07520140983 0.979742617123 0.0128326841656
2.07790673584 0.993339132307 0.0
2.08061206185 0.993070170066 0.000473954920429
2.08331738786 0.993311989991 0.000419639076028
2.08602271387 0.968906571457 0.005496005053
2.08872803988 0.993270120168 0.000632543420354
2.0914333659 0.992564139184 0.0
2.09413869191 0.993396572515 2.5369141297e-05
2.09684401792 0.992455670004 3.51223737591e-09
2.09954934393 0.993510879191 5.54404886409e-05
2.10225466994 0.99345546346 0.000191363315804
2.10495999595 0.99457532944 0.0
2.10766532197 0.991295805596 0.00112168607359
2.11307597399 0.988534562997 0.000185212725307
2.1157813 0.994133060594 0.000307810771114
2.11848662601 0.993340727049 0.0
2.12389727803 0.992972886863 0.000508619291698
2.12660260405 0.993840776105 0.000685557200936
2.13471858208 0.994423960142 0.0
2.13742390809 0.993303791893 0.0
2.15095053815 0.990938160349 0.00108856220706
2.1617718422 0.98819150821 0.0012295316134
2.19694108035 0.99384421362 7.3653237167e-05
2.19964640636 0.990789948455 0.000180822367692
2.2104677104 0.994288644026 0.0
2.21317303642 0.993566025142 0.0
2.21858368844 0.994220447287 0.000360215588958
2.34843933699 0.995786321781 0.0
