0.00967002351738 0.0804543922241 0.0477790092898
0.0144820705521 0.0596495848904 0.043138936212
0.0192941175869 0.00926062199665 0.00029378198571
0.0241061646217 0.0553158033891 0.035068243554
0.0289182116564 0.0659468126683 0.0381385348306
0.0337302586912 0.0591307189067 0.03423440642
0.038542305726 0.0346939579105 0.0170413565737
0.0433543527607 0.0827205075292 0.038347863538
0.0481663997955 0.0536694637087 0.0240449116441
0.0529784468303 0.0278060963816 0.00999050761428
0.057790493865 0.0522664630478 0.0153751994962
0.0626025408998 0.0285026232785 0.0134948174992
0.0674145879346 0.0431865102443 0.0148802660499
0.0722266349693 0.0559968944352 0.0197022907333
0.0770386820041 0.0408359473744 0.0101100962782
0.0818507290389 0.0486760688592 0.0131350813939
0.0866627760736 0.0524906278433 0.0122066224679
0.0914748231084 0.0286003995868 0.00684166251496
0.0962868701431 0.0388038332516 0.00678580445894
0.101098917178 0.0285174662944 0.00513153847802
0.105910964213 0.0275739971065 0.00512692108072
0.110723011247 0.0202307430943 0.00329705554004
0.115535058282 0.0190762208533 0.00255238884816
0.120347105317 0.016348012017 0.00225099070406
0.125159152352 0.0113645033992 0.00113516775189
0.129971199387 0.0110309244933 0.0010968552221
0.134783246421 0.0100848385284 0.000960766090342
0.139595293456 0.00968473796099 0.000925953702156
0.144407340491 0.00965222633528 0.000750898210764
0.149219387526 0.0102926694297 0.000898911848559
0.15403143456 0.0075813814826 0.000452294270836
0.158843481595 0.00836228472338 0.000462725459172
0.16365552863 0.00767908107677 0.000447916655561
0.168467575665 0.00812988348588 0.000524673919115
0.173279622699 0.00824993707154 0.000475371877102
0.178091669734 0.00715047154147 0.000335354850276
0.182903716769 0.00778014473396 0.000387843687077
0.187715763804 0.00764680539764 0.000390618470146
0.192527810838 0.00722848876917 0.000316663166286
0.197339857873 0.00668814263036 0.000258884140576
0.202151904908 0.00729264608838 0.000255183439785
0.206963951943 0.00680874809163 0.000246896927205
0.211775998978 0.00691423160862 0.000226966367782
0.216588046012 0.00707809737495 0.000243796337596
0.221400093047 0.00721178732531 0.000252949189696
0.226212140082 0.00673557695604 0.000208080654548
0.231024187117 0.00694664661171 0.000212513584306
0.235836234151 0.00777148026165 0.000287339105638
0.240648281186 0.00729409305873 0.000239343955477
0.245460328221 0.00703760820217 0.000224847123689
0.250272375256 0.0072436251731 0.000212705314221
0.25508442229 0.00734405769278 0.00021613491439
0.259896469325 0.00757599406274 0.000238776204457
0.26470851636 0.00722472859402 0.000220561929706
0.269520563395 0.00732531200439 0.000196122872271
0.274332610429 0.00755370503441 0.000216768058842
0.279144657464 0.00763962747207 0.000203810763534
0.283956704499 0.00759494863698 0.000244097012301
0.288768751534 0.00757231771968 0.000193455458333
0.293580798569 0.0079901196436 0.000227030316505
0.298392845603 0.00783419894116 0.000212557867898
0.303204892638 0.00803200003735 0.000225538881047
0.308016939673 0.00856099202725 0.000248423999672
0.312828986708 0.00850190669223 0.00023634020902
0.317641033742 0.00918102281574 0.000250057037817
0.322453080777 0.00908067696046 0.000266606866191
0.327265127812 0.00899565331431 0.000250558208208
0.332077174847 0.0093764233408 0.000275896156908
0.336889221881 0.0100985428506 0.000321176353279
0.341701268916 0.00975754858477 0.000276514981939
0.346513315951 0.0101218146539 0.000293518270926
0.351325362986 0.0115246854613 0.000370373653849
0.35613741002 0.0118052535911 0.000371896902776
0.360949457055 0.0121030190342 0.000413812649043
0.36576150409 0.0126137660151 0.000391635256594
0.370573551125 0.013233577022 0.000415734916634
0.37538559816 0.0135239475051 0.000420630737486
0.380197645194 0.0150533037996 0.000470991364856
0.385009692229 0.0164564276034 0.000536098948793
0.389821739264 0.0162921643 0.000523461061467
0.394633786299 0.0181359526702 0.000630291453192
0.399445833333 0.019728249336 0.000684064776893
0.404257880368 0.0218022551803 0.000771706455457
0.409069927403 0.025077312826 0.000853246637706
0.413881974438 0.026846571631 0.000936353318075
0.418694021472 0.0307700575625 0.00104238599168
0.423506068507 0.0352711775735 0.00115926140354
0.428318115542 0.0404394308462 0.00128271248262
0.433130162577 0.0462896868739 0.00145802469157
0.437942209611 0.0525119618309 0.00163164370911
0.442754256646 0.0653224944605 0.00199360468847
0.447566303681 0.0715772543314 0.00213619070276
0.452378350716 0.0866178895181 0.00243437860765
0.457190397751 0.108906516889 0.00265475832001
0.462002444785 0.118803416289 0.00285473911224
0.46681449182 0.133893495516 0.00292351899286
0.471626538855 0.150499579443 0.00303511835058
0.47643858589 0.16094869901 0.0032346964334
0.481250632924 0.168270052447 0.00303824834251
0.486062679959 0.175664648603 0.00314232591449
0.490874726994 0.183332813412 0.00323394835892
0.495686774029 0.188692099043 0.00315417218155
0.500498821063 0.194210296382 0.00312149580268
0.505310868098 0.196053604154 0.00312131832421
0.510122915133 0.199491472803 0.00311734801611
0.514934962168 0.198370189158 0.0031041336375
0.519747009202 0.202596666762 0.00308448510861
0.524559056237 0.201047318972 0.00307467101976
0.529371103272 0.200333338481 0.00295486253431
0.534183150307 0.202395653681 0.00291753929448
0.538995197342 0.198145960716 0.00281272952828
0.543807244376 0.19496327956 0.00262530338859
0.548619291411 0.197074969654 0.00267858602576
0.553431338446 0.193699130729 0.00259026329426
0.558243385481 0.195621725293 0.00255268166297
0.563055432515 0.190662206559 0.00239630410975
0.56786747955 0.188597452983 0.00235360354662
0.572679526585 0.184692732647 0.00223230947892
0.57749157362 0.18416978969 0.00216381868729
0.582303620654 0.18058440215 0.00207555657461
0.587115667689 0.174079366113 0.00195175126247
0.591927714724 0.172440254149 0.00187785479615
0.596739761759 0.170197244449 0.00187468226468
0.601551808793 0.163399618933 0.00170527577671
0.606363855828 0.164385385902 0.00169629839662
0.611175902863 0.160704577854 0.00160543553395
0.615987949898 0.155885078346 0.00150542381101
0.620799996933 0.150800955168 0.00139473062133
0.625612043967 0.147442313582 0.0013470674393
0.630424091002 0.145644343029 0.00131486075346
0.635236138037 0.141611356175 0.00125824256545
0.640048185072 0.136766640544 0.00113650150112
0.644860232106 0.135179477172 0.00110262319292
0.649672279141 0.133709711114 0.00109900197538
0.654484326176 0.128394723046 0.000977087485095
0.659296373211 0.124718106784 0.000950564757251
0.664108420245 0.12251213815 0.000903964067601
0.66892046728 0.119602906437 0.000865268535193
0.673732514315 0.117627396582 0.00084086625641
0.67854456135 0.114519141383 0.000779393336926
0.683356608384 0.110876378345 0.000738364040955
0.688168655419 0.108744545278 0.000682220737269
0.692980702454 0.105779036508 0.000660023127111
0.697792749489 0.103466698483 0.000611658131609
0.702604796524 0.100444487791 0.000581811392693
0.707416843558 0.0975113663306 0.000531583928219
0.712228890593 0.0958423542469 0.000508852269301
0.717040937628 0.0924505247099 0.000474369629112
0.721852984663 0.0917861111529 0.000473359370622
0.726665031697 0.0892723609707 0.000436024216837
0.731477078732 0.0874421910689 0.00040402114727
0.736289125767 0.0853384603345 0.000394318584945
0.741101172802 0.0834718753729 0.000375636120676
0.745913219836 0.0814323024615 0.000346002745733
0.750725266871 0.0794910293243 0.000324700515997
0.755537313906 0.0775199371713 0.000309372534519
0.760349360941 0.0761442899203 0.000291633889601
0.765161407975 0.074611409645 0.000274022119154
0.76997345501 0.0729857484639 0.000261902185378
0.774785502045 0.0715481146938 0.000249199844272
0.77959754908 0.0705646579633 0.000242025773509
0.784409596115 0.0689335240202 0.000222462122221
0.789221643149 0.0672742432018 0.000211871193794
0.794033690184 0.0659483189087 0.000202454712228
0.798845737219 0.064815972147 0.000198711185383
0.803657784254 0.063713453464 0.000185878408562
0.808469831288 0.0625825813669 0.000176964968009
0.813281878323 0.0614327065124 0.000168702190687
0.818093925358 0.0607479208188 0.000164389462092
0.822905972393 0.0598471254745 0.00015840227876
0.827718019427 0.0587545219149 0.000149308956751
0.832530066462 0.0576385945063 0.000141311065852
0.837342113497 0.0564153051771 0.000134215466664
0.842154160532 0.0556613394994 0.000132694646874
0.846966207566 0.0550677003261 0.000128072301134
0.851778254601 0.0541601221325 0.000122822751324
0.856590301636 0.0539760259453 0.000122666423468
0.861402348671 0.0532079121639 0.000116433300757
0.866214395706 0.0526623132492 0.000113002678
0.87102644274 0.0519249506179 0.000108247318216
0.875838489775 0.0514349094281 0.000107921203994
0.88065053681 0.0510696200085 0.000103861075959
0.885462583845 0.050425254097 0.0001022239693
0.890274630879 0.0500079336299 0.000100597295801
0.895086677914 0.0495303443134 9.84124863291e-05
0.899898724949 0.0491509372121 9.68239972246e-05
0.904710771984 0.0487673526887 9.4293411264e-05
0.909522819018 0.0485521116401 9.26397869741e-05
0.914334866053 0.0480164780511 8.91742243555e-05
0.919146913088 0.0477878354519 8.79995643745e-05
0.923958960123 0.0474054530202 8.59474110211e-05
0.928771007157 0.0473940941367 8.7188328553e-05
0.933583054192 0.0471894888322 8.59855736404e-05
0.938395101227 0.0467539754374 8.42309102309e-05
0.943207148262 0.0465352134305 8.29338474156e-05
0.948019195297 0.0467328836156 8.28920521587e-05
0.952831242331 0.0463767404047 8.07571732554e-05
0.957643289366 0.0465302388303 8.1382497771e-05
0.962455336401 0.0462766685501 8.01763106769e-05
0.967267383436 0.0461881546227 8.00793854964e-05
0.97207943047 0.0462330737323 8.01586930321e-05
0.976891477505 0.0462454089698 7.98538422735e-05
0.98170352454 0.0464429461927 8.00804546184e-05
0.986515571575 0.0463379017733 7.94366309728e-05
0.991327618609 0.0465063498281 7.93059126541e-05
0.996139665644 0.0466098310144 7.91521647308e-05
1.00095171268 0.0466713270776 7.84652513745e-05
1.00576375971 0.0470037829926 7.96547235515e-05
1.01057580675 0.0472763179795 8.06341423129e-05
1.01538785378 0.0474128904006 8.08390024348e-05
1.02019990082 0.0476782701786 8.19378975949e-05
1.02501194785 0.0480010232699 8.26161571701e-05
1.02982399489 0.0484609946215 8.44569947921e-05
1.03463604192 0.0485738195398 8.4527563867e-05
1.03944808896 0.049014346881 8.57660734066e-05
1.04426013599 0.0493999059511 8.49858012729e-05
1.04907218303 0.0497288816143 8.77912886323e-05
1.05388423006 0.0501941997993 8.86245654749e-05
1.0586962771 0.0509026441565 9.04199919024e-05
1.06350832413 0.0513360269422 9.1617180235e-05
1.06832037117 0.0517485138051 9.26806236813e-05
1.0731324182 0.0527922387171 9.59556966033e-05
1.07794446524 0.0532507697215 9.60942284982e-05
1.08275651227 0.0541718487172 0.000100259032923
1.0875685593 0.0547986531704 0.00010364412998
1.09238060634 0.0557340908777 0.000105861689213
1.09719265337 0.0562268260624 0.000107076548918
1.10200470041 0.0571852112212 0.000108217012962
1.10681674744 0.0582407336268 0.0001122762555
1.11162879448 0.0591742710257 0.000117097388039
1.11644084151 0.0602061694748 0.00012081331302
1.12125288855 0.0612101496884 0.000121293416743
1.12606493558 0.0624896173336 0.000128103587779
1.13087698262 0.0636621267156 0.000133137512833
1.13568902965 0.064834972183 0.000137178605372
1.14050107669 0.0661937846967 0.000144919185828
1.14531312372 0.0675299848231 0.000147858656804
1.15012517076 0.0688724819182 0.000153550585194
1.15493721779 0.0704641352081 0.00015949110507
1.15974926483 0.0722567451343 0.000163995990029
1.16456131186 0.0737222505257 0.0001722214084
1.1693733589 0.0754631706372 0.000178412055221
1.17418540593 0.0770021770351 0.000188679898467
1.17899745297 0.0788892727634 0.000193799164231
1.1838095 0.081512202152 0.000206722404633
1.18862154703 0.0837433049375 0.000219806605496
1.19343359407 0.0859152636959 0.00022909267085
1.1982456411 0.0883752646451 0.00024374209455
1.20305768814 0.0901561626585 0.000254022770802
1.20786973517 0.0917418049371 0.000259476775384
1.21268178221 0.0943729006971 0.000269140225234
1.21749382924 0.0974974991767 0.000291600208353
1.22230587628 0.100775699939 0.000311847181751
1.22711792331 0.103592246271 0.000326430401201
1.23192997035 0.10670433939 0.000342666029677
1.23674201738 0.109774117037 0.000360206375424
1.24155406442 0.113710390406 0.000376796284034
1.24636611145 0.117236416785 0.000403401723655
1.25117815849 0.120757249064 0.000425889665684
1.25599020552 0.124309177616 0.000449204963997
1.26080225256 0.129496649271 0.000481832115788
1.26561429959 0.133900899297 0.000513425761165
1.27042634663 0.138726936879 0.000545471157646
1.27523839366 0.142301925926 0.000564248167489
1.2800504407 0.146713174837 0.000593759474366
1.28486248773 0.150281195996 0.000619974631279
1.28967453476 0.154681151887 0.000647522901054
1.2944865818 0.161410966692 0.000691328840392
1.29929862883 0.165598811495 0.000736638280579
1.30411067587 0.17051628893 0.000771023953407
1.3089227229 0.178337482398 0.000814103394242
1.31373476994 0.186190833763 0.000877826212269
1.31854681697 0.193408980303 0.000933716417233
1.32335886401 0.199363515803 0.000990479769016
1.32817091104 0.20332710009 0.00100142332878
1.33298295808 0.207097057834 0.00103979642732
1.33779500511 0.213866280288 0.0010935209926
1.34260705215 0.22095310458 0.00114908564838
1.34741909918 0.229257703133 0.00123449139921
1.35223114622 0.234219361377 0.00123935128584
1.35704319325 0.242587711938 0.00131953432781
1.36185524029 0.254164294551 0.00146144228163
1.36666728732 0.261788528562 0.00152039034953
1.37147933436 0.268428487886 0.00152402180665
1.37629138139 0.276329477169 0.0016188624346
1.38110342843 0.282268941163 0.00167939198672
1.38591547546 0.295656094116 0.00179463958851
1.39072752249 0.30138882359 0.00185633330433
1.39553956953 0.31317910302 0.00192616039227
1.40035161656 0.320314217552 0.00200842330917
1.4051636636 0.329183913437 0.00209777900598
1.40997571063 0.33778431903 0.00220918461005
1.41478775767 0.348540887528 0.00231452022428
1.4195998047 0.357489480125 0.00237853271195
1.42441185174 0.373883409195 0.00249372595368
1.42922389877 0.382441936777 0.00260107859943
1.43403594581 0.388686439761 0.00264678590634
1.43884799284 0.39560978161 0.00271191058757
1.44366003988 0.401046005732 0.0028556086039
1.44847208691 0.41086522653 0.00293697191633
1.45328413395 0.428449497109 0.00303225693137
1.45809618098 0.435928922786 0.00316910321694
1.46290822802 0.441826581146 0.00315999030428
1.46772027505 0.457354556847 0.00333980303538
1.47253232209 0.465820021521 0.00343726054624
1.47734436912 0.480995087305 0.00357807473389
1.48215641616 0.489625000302 0.00370298572968
1.48696846319 0.492918464548 0.00378742386078
1.49178051022 0.500809336824 0.00384607853068
1.49659255726 0.513944744982 0.00401469378562
1.50140460429 0.522417408245 0.00410266371484
1.50621665133 0.533601422203 0.00422504916566
1.51102869836 0.543184104731 0.00435269358656
1.5158407454 0.549455288983 0.00452344139563
1.52065279243 0.559043332245 0.00453101465315
1.52546483947 0.576022056612 0.00472461649966
1.5302768865 0.57592512034 0.00476258249189
1.53508893354 0.591559813273 0.00492207216117
1.53990098057 0.608596764395 0.00509055704111
1.54471302761 0.604446050037 0.00514298069979
1.54952507464 0.621471861565 0.00544783487274
1.55433712168 0.625903611076 0.00555498513767
1.55914916871 0.64226887081 0.00570204704979
1.56396121575 0.653157077942 0.00589710474908
1.56877326278 0.655768850185 0.00600558449324
1.57358530982 0.663210307816 0.00616721714053
1.57839735685 0.674149013387 0.00618896100137
1.58320940389 0.681774186537 0.00628581814405
1.58802145092 0.681309079786 0.00640491028468
1.59283349796 0.686721686817 0.00641890118476
1.59764554499 0.676631304459 0.00687603892788
1.60245759202 0.702649446845 0.00686292394992
1.60726963906 0.699409500963 0.00771736534638
1.61208168609 0.706036767825 0.00756558775097
1.61689373313 0.714712941466 0.00769158614941
1.62170578016 0.72279384381 0.0077322747982
1.6265178272 0.725025645333 0.00781640569844
1.63132987423 0.729622031312 0.00784944496073
1.63614192127 0.748406059958 0.00824248427614
1.6409539683 0.769648876194 0.00811321903743
1.64576601534 0.78934722449 0.00780446178127
1.65057806237 0.777467288625 0.00855907937941
1.65539010941 0.768507858145 0.00912097318177
1.66020215644 0.784959687651 0.0090172644482
1.66501420348 0.783069777296 0.00917058079783
1.66982625051 0.799206971387 0.00913452680718
1.67463829755 0.792101181918 0.00986784378277
1.67945034458 0.802599439193 0.0103790608012
1.68426239162 0.81971358322 0.00966447062687
1.68907443865 0.824502079798 0.00957673852752
1.69388648569 0.818617189263 0.0101442239706
1.69869853272 0.827950504236 0.00994013754968
1.70351057975 0.814366706754 0.010850570206
1.70832262679 0.811302898261 0.0126399959011
1.71313467382 0.848347310583 0.0113067885196
1.71794672086 0.834970168526 0.0117135415756
1.72275876789 0.829757193452 0.0117801397462
1.72757081493 0.871738933679 0.00986934504379
1.73238286196 0.867152441357 0.0100438686598
1.737194909 0.867172418526 0.0113149041452
1.74200695603 0.870588379052 0.0111883548954
1.74681900307 0.889903747984 0.0109932186227
1.7516310501 0.88471721452 0.0111352980771
1.75644309714 0.875757453761 0.0110102231674
1.76125514417 0.910837600698 0.00921237461643
1.76606719121 0.906669027005 0.0110714302723
1.77087923824 0.889887660062 0.0130820179095
1.77569128528 0.894815714979 0.0136502229816
1.78050333231 0.901556748365 0.0127220245751
1.78531537935 0.917419758066 0.0110357555406
1.79012742638 0.907622855945 0.0153234949785
1.79493947342 0.912075404596 0.0139827115414
1.79975152045 0.899389218277 0.0157456701453
1.80456356748 0.911484886044 0.0135957518205
1.80937561452 0.854704401193 0.0205599889758
1.81418766155 0.874327083501 0.0230147568994
1.81899970859 0.851980503158 0.0216599901794
1.82381175562 0.879249169038 0.0211048557588
1.82862380266 0.917041662295 0.0153961280459
1.83343584969 0.936682639986 0.0110941763816
1.83824789673 0.929127444063 0.0188991960375
1.84305994376 0.929034796045 0.0229869893278
1.8478719908 0.922697829443 0.0186777088411
1.85268403783 0.858466298517 0.0304409908415
1.85749608487 0.923208085011 0.0253910214072
1.8623081319 0.936658714204 0.0170441708724
1.86712017894 0.882817975154 0.0264160885508
1.87193222597 0.956446943978 0.0146074849991
1.87674427301 0.909124731461 0.0243697673365
1.88155632004 0.934114174139 0.0209666106262
1.88636836708 0.91519378306 0.0290604575998
1.89118041411 0.965753725095 0.00888027088456
1.89599246115 0.950952662436 0.0143576914807
1.90080450818 0.895145887331 0.0408142583884
1.90561655521 0.880755917544 0.0354072263402
1.91042860225 0.914897412284 0.0280896677586
1.91524064928 0.858214754765 0.0358764301941
1.92005269632 0.868512876705 0.0380995087656
1.92486474335 0.869539231612 0.0508746185974
1.92967679039 0.936739843058 0.0254417568935
1.93448883742 0.987279905932 0.00152786584107
1.93930088446 0.968472675827 0.0127897318271
1.94411293149 0.985336589791 0.00192242531831
1.94892497853 0.977353854462 0.0100141305492
1.95373702556 0.98912763005 0.000874089849278
1.9585490726 0.951423208417 0.0164503172805
1.96336111963 0.97173590974 0.00959240533719
1.96817316667 0.956172431851 0.0198223852649
1.9729852137 0.960304831394 0.0197928273295
1.97779726074 0.991876678997 0.00145531219204
1.98260930777 0.976492482909 0.0071883374214
1.98742135481 0.988789724957 0.00146203821804
1.99223340184 0.971578665327 0.0184583472291
1.99704544888 0.976842389565 0.00762118102661
2.00185749591 0.971392629472 0.021681598114
2.00666954294 0.990608077142 0.0
2.01148158998 0.987464907631 0.00400513709566
2.01629363701 0.984338533923 0.00748134266862
2.02110568405 0.978348551477 0.012614892356
2.02591773108 0.979113711486 0.00655251327613
2.03072977812 0.989640018559 0.00186573261532
2.03554182515 0.972396294688 0.0172018876001
2.04035387219 0.914644807866 0.0502531836466
2.04516591922 0.936479348055 0.0545465520879
2.04997796626 0.992854464996 0.00143960255352
2.05479001329 0.985707740515 0.00419585641682
2.05960206033 0.994685730898 0.000328504249106
2.06441410736 0.980972357528 0.00661213209278
2.07403820143 0.995412432317 0.0
2.07885024847 0.992601967692 0.00124564627195
2.08847434254 0.967938141994 0.0
2.09328638957 0.942216465641 0.0
2.09809843661 0.950224505921 0.0163252734105
2.10291048364 0.955907950841 0.025988332974
2.10772253067 0.993740993807 0.000668359039171
2.11253457771 0.977416348726 0.0113863269978
2.11734662474 0.917420616333 0.0
2.12215867178 0.993769143112 0.000697295613178
2.12697071881 0.989737517961 0.0
2.13178276585 0.97268834418 0.0186987741385
2.13659481288 0.975331637149 0.016907363854
2.17509118916 0.995999136508 0.0
2.1799032362 0.988810349147 0.0
2.1943393773 0.989385556655 0.000550547734904
2.2087755184 0.993690106347 0.000543778911542
2.24727189468 0.992538927538 0.00230699933999
2.35794897648 0.99636515128 0.0
