0.0091399244713 0.00461022518264 8.17804581526e-05
0.0125537734139 0.0293144960868 0.0264303188773
0.0159676223565 0.00521710229453 0.00120967341334
0.0193814712991 0.0267188930879 0.0139027515379
0.0227953202417 0.00605694778545 0.000806687016803
0.0262091691843 0.0194522520485 0.0148526247791
0.0296230181269 0.00808265533136 0.00365401168012
0.0330368670695 0.0401873219308 0.0336658052625
0.0364507160121 0.0953633515733 0.052046756586
0.0398645649547 0.0887266010429 0.0473917520584
0.0432784138973 0.0479391908355 0.0145293737185
0.0466922628399 0.021413003189 0.0150868893942
0.0501061117825 0.0482779174841 0.0285323314791
0.0535199607251 0.0400034714374 0.019824608741
0.0569338096677 0.0595232365684 0.0254528907022
0.0603476586103 0.0852294178908 0.0305351369432
0.0637615075529 0.04403760627 0.0168371725627
0.0671753564955 0.0775976730164 0.0215754810678
0.0705892054381 0.061567618062 0.0216101147122
0.0740030543807 0.0605172136914 0.0168732496251
0.0774169033233 0.0570671342026 0.0150626173018
0.0808307522659 0.0358888028502 0.0110314518947
0.0842446012085 0.026285208536 0.00553867959921
0.0876584501511 0.0396538872433 0.00824022629734
0.0910722990937 0.026521159209 0.00539653566663
0.0944861480363 0.0261932993494 0.00461674148657
0.0978999969789 0.0252013238638 0.00474793431105
0.101313845921 0.0229588211472 0.00398902415549
0.104727694864 0.0197794911601 0.00341576559515
0.108141543807 0.0135485716733 0.00227898306851
0.111555392749 0.0120242977618 0.00183497959219
0.114969241692 0.0106617006997 0.00134706220029
0.118383090634 0.00950560691417 0.00121897429711
0.121796939577 0.00713810378228 0.000725473925524
0.12521078852 0.00770214861336 0.000711431956581
0.128624637462 0.0062085562049 0.000513628665819
0.132038486405 0.00546189930604 0.000335803602355
0.135452335347 0.00590844673346 0.000426106805758
0.13886618429 0.00593791084052 0.000464078399998
0.142280033233 0.00515492689931 0.000266354763075
0.145693882175 0.00503942792237 0.000286540753793
0.149107731118 0.00455811141446 0.000259856250329
0.15252158006 0.00496466388617 0.000279439514922
0.155935429003 0.00458190694456 0.00021992521501
0.159349277946 0.00445083754966 0.000188435984235
0.162763126888 0.00457817547701 0.000220687467204
0.166176975831 0.00407616886908 0.000160695555116
0.169590824773 0.00415270852813 0.000171320963708
0.173004673716 0.00402070111189 0.000142136214845
0.176418522659 0.00433772901586 0.000161101010372
0.179832371601 0.00395336865189 0.000130567461833
0.183246220544 0.00400521831863 0.000127191390062
0.186660069486 0.00397620720673 0.000139517793038
0.190073918429 0.00394210193774 0.000125434291278
0.193487767372 0.00397005034557 0.000136099276418
0.196901616314 0.00375930140967 0.000108238850347
0.200315465257 0.00376824678945 9.41030646811e-05
0.203729314199 0.00391540090377 0.000115778657815
0.207143163142 0.00368402995586 9.96594557932e-05
0.210557012085 0.00369258607985 9.38338787871e-05
0.213970861027 0.00364854899902 8.48448601402e-05
0.21738470997 0.00377359451382 8.66906979261e-05
0.220798558912 0.00375810310791 8.10683133175e-05
0.224212407855 0.0037688362822 8.9027844541e-05
0.227626256798 0.00373535301574 8.06319442632e-05
0.23104010574 0.00378973392056 7.69397698878e-05
0.234453954683 0.00367130194461 7.55806550291e-05
0.237867803625 0.00394687519784 9.36952350696e-05
0.241281652568 0.00378408446461 8.0560817533e-05
0.244695501511 0.00376601506474 7.72334758176e-05
0.248109350453 0.00382189856436 7.61055080485e-05
0.251523199396 0.00371946920511 7.16190489255e-05
0.254937048338 0.00375501497171 7.29009396278e-05
0.258350897281 0.00398288655371 7.6052096641e-05
0.261764746224 0.00392422398696 7.64477127954e-05
0.265178595166 0.00400866689105 7.96210046031e-05
0.268592444109 0.0040013054065 7.65830555412e-05
0.272006293051 0.00396142479346 7.80669995626e-05
0.275420141994 0.00404236992255 7.6547054352e-05
0.278833990937 0.00396542341988 6.93194271541e-05
0.282247839879 0.00397963150411 7.75111818327e-05
0.285661688822 0.00419743135943 7.85297110677e-05
0.289075537764 0.00410188627125 7.04528302454e-05
0.292489386707 0.00409010481219 7.26857824429e-05
0.29590323565 0.00423244648438 7.48377731635e-05
0.299317084592 0.00419198972845 7.47790784466e-05
0.302730933535 0.00439216378421 8.20195568909e-05
0.306144782477 0.00445179621043 8.24914963426e-05
0.30955863142 0.00430959647401 7.86044140141e-05
0.312972480363 0.00445821146686 8.23859301778e-05
0.316386329305 0.00457575425806 8.07075924692e-05
0.319800178248 0.00471731639445 8.78519714138e-05
0.32321402719 0.00458534262949 8.14161238232e-05
0.326627876133 0.00482243384408 9.23768337676e-05
0.330041725076 0.00491160475048 8.85558595024e-05
0.333455574018 0.00494499561252 8.88799735975e-05
0.336869422961 0.00522376028205 9.87192187826e-05
0.340283271903 0.00535977426225 0.000101426572722
0.343697120846 0.00530631490516 0.00010203594022
0.347110969789 0.00535134811034 0.00010374416142
0.350524818731 0.00559164099978 0.000104078145449
0.353938667674 0.00570501269803 0.000109161695719
0.357352516616 0.00592678282357 0.000113786430012
0.360766365559 0.00611925976777 0.000119142160656
0.364180214502 0.00638515769549 0.000125919317027
0.367594063444 0.00647423448511 0.000136926127046
0.371007912387 0.00678867541921 0.000138908831708
0.374421761329 0.0069686816798 0.000142216475344
0.377835610272 0.00729961205543 0.00015739799812
0.381249459215 0.00806901505392 0.000184911848085
0.384663308157 0.00808682286315 0.000177641757744
0.3880771571 0.00808608224942 0.000174661048005
0.391491006042 0.00902182827552 0.000196375505019
0.394904854985 0.00906610824311 0.000208372311849
0.398318703927 0.0100861240463 0.000228935784219
0.40173255287 0.0112084425587 0.000306564121917
0.405146401813 0.0118211661774 0.000277966070094
0.408560250755 0.0123843954176 0.000288958413158
0.411974099698 0.013343123037 0.000325638361074
0.41538794864 0.0149472811377 0.000357052357784
0.418801797583 0.0154014826771 0.000361968487584
0.422215646526 0.0173944614864 0.000439932768785
0.425629495468 0.0196745255263 0.000496466971308
0.429043344411 0.0214971394101 0.000529140685209
0.432457193353 0.0234443199055 0.000545301518647
0.435871042296 0.0279534317387 0.000652170307027
0.439284891239 0.0314606946931 0.000728547291688
0.442698740181 0.0346205756628 0.000816120412803
0.446112589124 0.0419068473676 0.000944186875847
0.449526438066 0.0470889563725 0.0010217476044
0.452940287009 0.0540374121359 0.00112801672109
0.456354135952 0.0620954242803 0.00123677262777
0.459767984894 0.0689473170422 0.00134616614593
0.463181833837 0.0753636903584 0.00139786038488
0.466595682779 0.0858631827177 0.00150451749146
0.470009531722 0.0903697712349 0.00154715620358
0.473423380665 0.0986899633595 0.0016074282245
0.476837229607 0.103580034446 0.00163209005186
0.48025107855 0.108222625792 0.00168912357474
0.483664927492 0.111798470734 0.00168701628996
0.487078776435 0.116960470906 0.00183361326259
0.490492625378 0.118404371681 0.00190861218248
0.49390647432 0.121834443157 0.00190309157824
0.497320323263 0.122309527125 0.00185694491088
0.500734172205 0.120746883721 0.00178682804103
0.504148021148 0.125343853149 0.00186253944056
0.507561870091 0.124832419524 0.00183103032832
0.510975719033 0.124371716742 0.00178824874617
0.514389567976 0.127453832875 0.00189269523458
0.517803416918 0.125728307193 0.00186213865784
0.521217265861 0.124528097777 0.00175568123171
0.524631114804 0.12422257102 0.00169042313905
0.528044963746 0.125447233342 0.00171163126389
0.531458812689 0.121082938105 0.0015921303867
0.534872661631 0.121481834481 0.0015860442062
0.538286510574 0.11777831283 0.00152611358739
0.541700359517 0.121312305908 0.0015859051737
0.545114208459 0.115471508726 0.00140237397686
0.548528057402 0.118892858205 0.00142163419756
0.551941906344 0.116060293438 0.00136770268739
0.555355755287 0.115589795972 0.00132166248388
0.55876960423 0.113005330428 0.00125673818141
0.562183453172 0.110726000455 0.00122223059413
0.565597302115 0.109844509561 0.00119006971999
0.569011151057 0.106892277014 0.0011637486514
0.572425 0.105192272971 0.00111147279225
0.575838848943 0.105355805173 0.00108998966022
0.579252697885 0.102491962724 0.00103292787236
0.582666546828 0.102039765479 0.00100581586963
0.58608039577 0.0990374250341 0.000982529240098
0.589494244713 0.0996701997852 0.000959859384991
0.592908093656 0.0972364868547 0.000902545498467
0.596321942598 0.0953838227406 0.000865449237099
0.599735791541 0.0931483475764 0.000807396434803
0.603149640483 0.0913962736741 0.000790487751176
0.606563489426 0.0897212695735 0.000749541606156
0.609977338369 0.0872342675464 0.000723817900171
0.613391187311 0.0847671509766 0.000650492128946
0.616805036254 0.0830120507702 0.000632786842818
0.620218885196 0.081661479372 0.000601457431874
0.623632734139 0.0807831614021 0.000609297415103
0.627046583082 0.0792537965591 0.000585217029361
0.630460432024 0.0780841997732 0.000553853990558
0.633874280967 0.0752078348344 0.000496010154137
0.637288129909 0.0750097106452 0.000525684015931
0.640701978852 0.0728781198576 0.00046633925563
0.644115827795 0.0717833890645 0.000470716069898
0.647529676737 0.0702458710107 0.000440515922393
0.65094352568 0.0687525223596 0.000419645855477
0.654357374622 0.0673434256201 0.000404432782367
0.657771223565 0.0663868241927 0.000378218775388
0.661185072508 0.0651455150181 0.00035751576753
0.66459892145 0.0637136921262 0.000348737975143
0.668012770393 0.0629020341425 0.000338961157331
0.671426619335 0.061773648452 0.000323457227837
0.674840468278 0.0603772931287 0.000299644661127
0.678254317221 0.059357989798 0.000290474117681
0.681668166163 0.0578163508825 0.000268927450125
0.685082015106 0.0566675237358 0.000254504015491
0.688495864048 0.0555318438138 0.000245571092407
0.691909712991 0.0546813343509 0.000245787164653
0.695323561934 0.0536558139534 0.000224815763486
0.698737410876 0.052567627956 0.00021771245275
0.702151259819 0.0517304780348 0.000206594587916
0.705565108761 0.0503518460592 0.000195228912454
0.708978957704 0.0495625608158 0.000186975634866
0.712392806647 0.0490840481121 0.000186137771479
0.715806655589 0.0481022771367 0.000176457116884
0.719220504532 0.0473151665906 0.000166996370674
0.722634353474 0.0464714706348 0.000156218419485
0.726048202417 0.0458373258575 0.000147399385245
0.72946205136 0.0449030552093 0.000141537591542
0.732875900302 0.0441766789634 0.000139585321105
0.736289749245 0.0433048608556 0.000129243312266
0.739703598187 0.0426443188194 0.000125286346478
0.74311744713 0.0419055977792 0.000119123115928
0.746531296073 0.0413509483117 0.000115970983318
0.749945145015 0.0407318100213 0.000113818249396
0.753358993958 0.0401241805235 0.000107912164731
0.7567728429 0.0394656797018 0.00010368626447
0.760186691843 0.0388502517049 0.00010136650247
0.763600540785 0.0383766021163 9.78019692339e-05
0.767014389728 0.0381110514281 9.47649046006e-05
0.770428238671 0.0373914566301 8.9610944054e-05
0.773842087613 0.036542836284 8.48809619979e-05
0.777255936556 0.0360408044163 8.40872210445e-05
0.780669785498 0.035603125612 8.10790571914e-05
0.784083634441 0.0353193899927 7.85308059114e-05
0.787497483384 0.0346530537162 7.42100645032e-05
0.790911332326 0.0342698429278 7.19830527353e-05
0.794325181269 0.0335653017765 6.78594183962e-05
0.797739030211 0.0332209945697 6.71055343979e-05
0.801152879154 0.0328686517139 6.42137420427e-05
0.804566728097 0.0324116623925 6.14258086126e-05
0.807980577039 0.0319802802273 5.96464175821e-05
0.811394425982 0.0316038534735 5.8089897301e-05
0.814808274924 0.0311213866468 5.56167035324e-05
0.818222123867 0.0308050535579 5.43940697699e-05
0.82163597281 0.0305078832716 5.35598584662e-05
0.825049821752 0.0302621736706 5.28521957612e-05
0.828463670695 0.0299253377264 5.03077617102e-05
0.831877519637 0.0294667028776 4.94308358839e-05
0.83529136858 0.0292303179873 4.85515128179e-05
0.838705217523 0.029017660094 4.67256771042e-05
0.842119066465 0.0286567121869 4.57310824463e-05
0.845532915408 0.0283637015589 4.46943263241e-05
0.84894676435 0.0281524746965 4.35459908358e-05
0.852360613293 0.0279220111309 4.28951021536e-05
0.855774462236 0.0276930158085 4.22376629749e-05
0.859188311178 0.0276012590782 4.11157735221e-05
0.862602160121 0.0273554658375 4.04539371221e-05
0.866016009063 0.0270279705644 3.92246598389e-05
0.869429858006 0.0267771760224 3.84952634715e-05
0.872843706949 0.0266096807939 3.7666473236e-05
0.876257555891 0.0264656701573 3.69857744606e-05
0.879671404834 0.0262310145347 3.63648214302e-05
0.883085253776 0.02603290398 3.60380450729e-05
0.886499102719 0.0259198423475 3.51843553697e-05
0.889912951662 0.0257977985902 3.47854956434e-05
0.893326800604 0.0256538108877 3.42375031e-05
0.896740649547 0.0255236925713 3.34958519042e-05
0.900154498489 0.0253249351223 3.28124975395e-05
0.903568347432 0.025172149003 3.25216952975e-05
0.906982196375 0.025092842021 3.2316599606e-05
0.910396045317 0.0249367210807 3.18020522891e-05
0.91380989426 0.0248318536139 3.13260947246e-05
0.917223743202 0.0247493967414 3.09251792492e-05
0.920637592145 0.0245882642629 3.05120888396e-05
0.924051441088 0.0245424034433 3.03938058557e-05
0.92746529003 0.0244861302544 3.0186181667e-05
0.930879138973 0.0244403343088 3.00152746319e-05
0.934292987915 0.0243064774469 2.97166271291e-05
0.937706836858 0.0242743507296 2.97121823665e-05
0.941120685801 0.0241980803976 2.93898982959e-05
0.944534534743 0.0241904483123 2.91531875078e-05
0.947948383686 0.0240837916788 2.86874501471e-05
0.951362232628 0.0240449753597 2.83714068001e-05
0.954776081571 0.0241223191554 2.83791310678e-05
0.958189930514 0.0241395733366 2.85720758615e-05
0.961603779456 0.0241152530575 2.81054516909e-05
0.965017628399 0.0240568887674 2.81013809983e-05
0.968431477341 0.0240370919249 2.83390272087e-05
0.971845326284 0.0240456230257 2.83528534465e-05
0.975259175227 0.0240158022074 2.79563224876e-05
0.978673024169 0.0240820347772 2.82374795821e-05
0.982086873112 0.024062816689 2.80564641769e-05
0.985500722054 0.0242126297755 2.82278402854e-05
0.988914570997 0.0242069264031 2.80662866017e-05
0.99232841994 0.0242757452381 2.82254925269e-05
0.995742268882 0.0243022486072 2.81419580491e-05
0.999156117825 0.024345137119 2.80651912816e-05
1.00256996677 0.0244076906197 2.80618161975e-05
1.00598381571 0.0244775760603 2.87241162105e-05
1.00939766465 0.0244806880071 2.81339780908e-05
1.0128115136 0.0247171349921 2.88893309502e-05
1.01622536254 0.0247499600298 2.85371425764e-05
1.01963921148 0.0248707853994 2.90563958707e-05
1.02305306042 0.0249418412333 2.88277027432e-05
1.02646690937 0.0250735935977 2.91879821797e-05
1.02988075831 0.0252126614723 2.95335911242e-05
1.03329460725 0.0253043058391 2.96037140822e-05
1.03670845619 0.0255060500384 2.98611000201e-05
1.04012230514 0.025642141861 3.03296529916e-05
1.04353615408 0.0257599592883 3.08615106879e-05
1.04695000302 0.0259833605737 3.07999025145e-05
1.05036385196 0.0261417897223 3.10279789858e-05
1.05377770091 0.0263789345648 3.14586616187e-05
1.05719154985 0.0265586770227 3.1641076349e-05
1.06060539879 0.0267109896979 3.21779151289e-05
1.06401924773 0.0269432000728 3.2643590669e-05
1.06743309668 0.0272173896211 3.35684976738e-05
1.07084694562 0.0273796366881 3.32859128098e-05
1.07426079456 0.0276635891303 3.35844027695e-05
1.0776746435 0.028006742559 3.46010954711e-05
1.08108849245 0.0282705964411 3.54335976184e-05
1.08450234139 0.0284843271993 3.61039634137e-05
1.08791619033 0.0287877902094 3.65773669532e-05
1.09133003927 0.0291319483671 3.72730399571e-05
1.09474388822 0.0293493920445 3.72085066039e-05
1.09815773716 0.0295852318515 3.85756175009e-05
1.1015715861 0.0299424291093 3.90112439167e-05
1.10498543505 0.0302757434901 3.98535624956e-05
1.10839928399 0.0305565180961 4.03237510322e-05
1.11181313293 0.031056043383 4.09220674329e-05
1.11522698187 0.0315388089592 4.26213745232e-05
1.11864083082 0.0318382331581 4.32138696403e-05
1.12205467976 0.0322581835268 4.52400062276e-05
1.1254685287 0.0327217954901 4.64480344969e-05
1.12888237764 0.0331020175471 4.6944147017e-05
1.13229622659 0.0335033384346 4.82060775142e-05
1.13571007553 0.0340113791978 4.92045271698e-05
1.13912392447 0.0343519448843 5.09267220821e-05
1.14253777341 0.0347647348246 5.09702866058e-05
1.14595162236 0.0352237192444 5.22354204904e-05
1.1493654713 0.035818211996 5.40349280477e-05
1.15277932024 0.0363897509549 5.51169240304e-05
1.15619316918 0.03673225252 5.61600129751e-05
1.15960701813 0.0373491707581 5.82090811689e-05
1.16302086707 0.0380245790219 6.01186970522e-05
1.16643471601 0.0386149943589 6.07156615346e-05
1.16984856495 0.0395960398833 6.37911945237e-05
1.1732624139 0.0404892865445 6.78760643658e-05
1.17667626284 0.0410568582404 7.06039632542e-05
1.18009011178 0.0419689677729 7.31322692769e-05
1.18350396073 0.0425704165246 7.56690892775e-05
1.18691780967 0.0432094101677 7.69446541126e-05
1.19033165861 0.0440927857441 8.02701649221e-05
1.19374550755 0.0448300800503 8.34852093139e-05
1.1971593565 0.0456083570735 8.67857271521e-05
1.20057320544 0.0464415207193 8.93534255787e-05
1.20398705438 0.0475000606352 9.1619833938e-05
1.20740090332 0.0484485045398 9.43083433978e-05
1.21081475227 0.0493021374978 9.89004848269e-05
1.21422860121 0.0501022982332 0.000103863111389
1.21764245015 0.0511975004401 0.000105568263495
1.22105629909 0.0524973770775 0.000112850317831
1.22447014804 0.0536658337368 0.000117146008755
1.22788399698 0.054854809657 0.000121354240015
1.23129784592 0.0559146916335 0.000125618227467
1.23471169486 0.0572800065237 0.000130726502124
1.23812554381 0.0590313263923 0.000140750131633
1.24153939275 0.0604330571291 0.000149278820338
1.24495324169 0.0617383748005 0.000152717849505
1.24836709063 0.0631180433224 0.000158181047207
1.25178093958 0.0647396876346 0.000165009253756
1.25519478852 0.0662330018509 0.000171914275662
1.25860863746 0.0674060677188 0.000177225944111
1.2620224864 0.0687630176089 0.000183919434243
1.26543633535 0.0704599108291 0.000195831033864
1.26885018429 0.0723438660367 0.000207260920181
1.27226403323 0.0744700198476 0.000212272940639
1.27567788218 0.0757955526799 0.000216726746282
1.27909173112 0.0780776096674 0.000235691764146
1.28250558006 0.0797502419307 0.000238064400912
1.285919429 0.0817958605165 0.000254817808964
1.28933327795 0.0839765771356 0.000266873074818
1.29274712689 0.086321521384 0.000284747316608
1.29616097583 0.0876788735652 0.000299324265438
1.29957482477 0.0901546314356 0.000316293587101
1.30298867372 0.0925753344326 0.000332299822499
1.30640252266 0.0955071314108 0.00034471916675
1.3098163716 0.0983504380214 0.000354890672791
1.31323022054 0.10109323508 0.000367126833922
1.31664406949 0.104452889525 0.000392351686693
1.32005791843 0.106879304567 0.000408157266455
1.32347176737 0.109836575228 0.000432134130719
1.32688561631 0.112726252997 0.000453207014999
1.33029946526 0.116991419217 0.000483851435414
1.3337133142 0.120734198446 0.000519370686662
1.33712716314 0.123514771787 0.00054005132302
1.34054101208 0.126196138583 0.000537599040891
1.34395486103 0.129453959234 0.000571382828608
1.34736870997 0.133842469734 0.000603438526313
1.35078255891 0.137607623468 0.0006284732325
1.35419640785 0.140147181465 0.000647966538136
1.3576102568 0.144210135794 0.000685912660271
1.36102410574 0.148076477772 0.000718719843935
1.36443795468 0.152761865542 0.000745525024002
1.36785180363 0.157923259939 0.000793920512817
1.37126565257 0.161728290116 0.000817096638451
1.37467950151 0.166537948047 0.000855167174335
1.37809335045 0.172089019253 0.000900655397401
1.3815071994 0.177473644377 0.000937505846746
1.38492104834 0.181940618775 0.000964901650129
1.38833489728 0.186258337528 0.00100192665816
1.39174874622 0.19321366759 0.00105589193414
1.39516259517 0.196877287174 0.00108874954343
1.39857644411 0.20099224288 0.00111092445243
1.40199029305 0.20671511391 0.00118399004425
1.40540414199 0.213236983188 0.00124081393018
1.40881799094 0.216529402964 0.0012707046704
1.41223183988 0.225549661128 0.00133129780298
1.41564568882 0.227182816139 0.00135451093214
1.41905953776 0.235366184861 0.00144266614696
1.42247338671 0.238180395611 0.00147970756237
1.42588723565 0.241711470205 0.00149113771658
1.42930108459 0.252676852608 0.00156800653375
1.43271493353 0.257654137583 0.00161490387995
1.43612878248 0.261423343452 0.00167780123602
1.43954263142 0.270294268571 0.0017209919103
1.44295648036 0.276910008813 0.00179844290495
1.44637032931 0.287551646577 0.0019241137164
1.44978417825 0.295231394153 0.00196090030689
1.45319802719 0.300848283456 0.00203821404902
1.45661187613 0.314713571999 0.00212586252298
1.46002572508 0.319259623141 0.00217836597362
1.46343957402 0.327844859487 0.0022369309104
1.46685342296 0.333100796168 0.00229995192972
1.4702672719 0.338354951633 0.00233084786517
1.47368112085 0.348886257089 0.0024401408382
1.47709496979 0.356267631324 0.00255106687853
1.48050881873 0.364179435904 0.00265262916781
1.48392266767 0.367917576154 0.00270467513648
1.48733651662 0.370863634536 0.0027657938444
1.49075036556 0.37996803965 0.00279036659011
1.4941642145 0.386348161669 0.00287282620146
1.49757806344 0.405346418167 0.00300487565183
1.50099191239 0.41404560634 0.00306475734075
1.50440576133 0.414387340131 0.00308219783478
1.50781961027 0.427607376056 0.00321431410967
1.51123345921 0.43793174808 0.00331725375783
1.51464730816 0.442782225361 0.00344580249793
1.5180611571 0.45162757709 0.00344408324867
1.52147500604 0.458789118681 0.00359827133652
1.52488885498 0.463914199638 0.00359502061224
1.52830270393 0.478385697607 0.00372332673298
1.53171655287 0.486943256746 0.00392419980936
1.53513040181 0.487675457409 0.00390727022299
1.53854425076 0.492166841798 0.0040085727706
1.5419580997 0.499426372637 0.00418211367034
1.54537194864 0.50419564718 0.00418208166448
1.54878579758 0.506559622349 0.00432140434967
1.55219964653 0.530973934219 0.00441269451865
1.55561349547 0.532343404761 0.00447683189844
1.55902734441 0.544345201548 0.00458155929453
1.56244119335 0.549007105788 0.00462894504974
1.5658550423 0.560657245479 0.00481183630509
1.56926889124 0.571738376946 0.00486119423423
1.57268274018 0.574722343806 0.00504049753019
1.57609658912 0.585576112025 0.00502031631345
1.57951043807 0.591735524139 0.00520470092826
1.58292428701 0.594037447439 0.00526760927666
1.58633813595 0.616219700778 0.00540174633916
1.58975198489 0.620710221491 0.00561001914758
1.59316583384 0.628341260842 0.00570232483225
1.59657968278 0.625043576736 0.00577878116035
1.59999353172 0.628930612893 0.00577580004077
1.60340738066 0.633602059135 0.00587091329896
1.60682122961 0.636245925244 0.00580044851604
1.61023507855 0.655355921117 0.00582695713616
1.61364892749 0.657158216607 0.00608447823181
1.61706277644 0.663421343494 0.00610261042965
1.62047662538 0.675758334177 0.00650084740217
1.62389047432 0.698773790771 0.00668534563616
1.62730432326 0.711724760551 0.00629288794044
1.63071817221 0.693365531207 0.00657962287271
1.63413202115 0.691229576853 0.00666492922988
1.63754587009 0.708078843065 0.00720126087039
1.64095971903 0.724570322792 0.00668150699948
1.64437356798 0.727898485156 0.00726802045076
1.64778741692 0.715458369529 0.00726857105095
1.65120126586 0.72484086949 0.00726487944255
1.6546151148 0.729548747413 0.00711711878602
1.65802896375 0.741214725957 0.00717251091616
1.66144281269 0.739292103419 0.00768956535176
1.66485666163 0.733329408442 0.00791729871979
1.66827051057 0.752829479211 0.00763867627166
1.67168435952 0.76430774467 0.00795329662358
1.67509820846 0.799912228257 0.00770543630423
1.6785120574 0.789652529621 0.00810018359035
1.68192590634 0.777423361309 0.00789075531554
1.68533975529 0.779723428753 0.00852791312879
1.68875360423 0.805078387089 0.00828384100104
1.69216745317 0.791084933486 0.00902615869733
1.69558130211 0.796840905107 0.00861941331138
1.69899515106 0.805380603302 0.00896839689738
1.702409 0.82055429187 0.00850445593322
1.70582284894 0.805157974282 0.00946598046736
1.70923669789 0.802181803522 0.00995228123517
1.71265054683 0.796891172786 0.0102636625155
1.71606439577 0.801980599492 0.00948415293424
1.71947824471 0.799193482648 0.00960433765731
1.72289209366 0.818545771089 0.0098306199167
1.7263059426 0.830553684461 0.00949412139328
1.72971979154 0.841396464793 0.00944589465554
1.73313364048 0.843164365743 0.00944281547987
1.73654748943 0.843076843221 0.0100224656652
1.73996133837 0.856794697592 0.00906907836732
1.74337518731 0.859675883878 0.00990794362753
1.74678903625 0.853139588963 0.0108236319795
1.7502028852 0.866447162247 0.00953853803946
1.75361673414 0.873185375368 0.0104090395509
1.75703058308 0.88786892277 0.0103210405396
1.76044443202 0.873384254657 0.0103108222443
1.76385828097 0.882453357186 0.0109613280517
1.76727212991 0.878373098196 0.0119020274919
1.77068597885 0.873225812351 0.0128267948541
1.77409982779 0.892166886315 0.0111086251182
1.77751367674 0.915568034152 0.00907040264382
1.78092752568 0.913194954011 0.010358036009
1.78434137462 0.884613866558 0.0122280341874
1.78775522356 0.885468631778 0.0125337522091
1.79116907251 0.89006106069 0.0125223346013
1.79458292145 0.90843490897 0.012121258062
1.79799677039 0.904961774367 0.0131840783294
1.80141061934 0.902273639056 0.0132463155843
1.80482446828 0.930711426887 0.0111890420343
1.80823831722 0.912867413658 0.0119348834535
1.81165216616 0.887107165479 0.0144518878145
1.81506601511 0.885326062319 0.0156048058765
1.81847986405 0.906818812519 0.0165049301445
1.82189371299 0.907432563537 0.0135377375856
1.82530756193 0.904827543883 0.0148945314035
1.82872141088 0.939908674582 0.010217799976
1.83213525982 0.937590269126 0.0106652528051
1.83554910876 0.926811093931 0.0146234547638
1.8389629577 0.935109320346 0.0110849704844
1.84237680665 0.9103076473 0.0147335648655
1.84579065559 0.904016012818 0.0202120522895
1.84920450453 0.935260419851 0.0123820762701
1.85261835347 0.919499077724 0.0144094091701
1.85603220242 0.955988704447 0.00947030262042
1.85944605136 0.946191015508 0.010839476803
1.8628599003 0.92947673268 0.014246529413
1.86627374924 0.93216411586 0.0148249399811
1.86968759819 0.927506568299 0.0158647250769
1.87310144713 0.937153005974 0.016556826534
1.87651529607 0.941420220367 0.0143040475358
1.87992914502 0.948163979218 0.0146676130646
1.88334299396 0.950779234387 0.0161430862563
1.8867568429 0.941633975923 0.0186668337002
1.89017069184 0.957049946063 0.00982820628598
1.89358454079 0.981364835356 0.00362143582548
1.89699838973 0.972605027381 0.00587457675909
1.90041223867 0.956361631872 0.0132347099234
1.90382608761 0.973670620814 0.00546540788811
1.90723993656 0.958004612099 0.0172270348661
1.9106537855 0.947895215535 0.0159745958221
1.91406763444 0.952048838229 0.0192969579469
1.91748148338 0.973120722982 0.00677866343699
1.92089533233 0.976088096354 0.00769057531682
1.92430918127 0.961915633673 0.0106895829478
1.92772303021 0.941114416823 0.0284146171945
1.93113687915 0.940005861195 0.0325093232336
1.9345507281 0.925670304194 0.0296695988253
1.93796457704 0.906178734133 0.0434093444903
1.94137842598 0.950539533105 0.0276087895861
1.94479227492 0.954222127424 0.0156607802923
1.94820612387 0.983425164085 0.00737916502649
1.95161997281 0.962563328922 0.0100976654919
1.95503382175 0.973530445253 0.0179741831507
1.95844767069 0.985335301958 0.00681202270916
1.96186151964 0.923479419265 0.046736778725
1.96527536858 0.89478333679 0.0510272229118
1.96868921752 0.896791137195 0.0450842318388
1.97210306647 0.777369620429 0.0928719301398
1.97551691541 0.932265922867 0.0363977942316
1.97893076435 0.987503003905 0.00375584361781
1.98234461329 0.966618356903 0.0230301913222
1.98575846224 0.986376718498 0.00330460971767
1.98917231118 0.987002567845 0.00518778993438
1.99258616012 0.992526287956 0.00135419859224
1.99600000906 0.991329728842 0.000324887731334
1.99941385801 0.991879061775 0.000533726817561
2.00282770695 0.991733950739 0.000776406218582
2.00624155589 0.989335437315 0.00108255188886
2.00965540483 0.991444255594 0.000346809594093
2.01306925378 0.993312711006 0.00107376923786
2.01648310272 0.992962878284 0.000291734295846
2.01989695166 0.991665230972 0.000711307430592
2.0233108006 0.991777036331 0.000640215120725
2.02672464955 0.992067604955 0.000360898059156
2.03355234743 0.991838919378 0.000786578162438
2.03696619637 0.987447259042 0.00396811704038
2.04038004532 0.990432422009 0.000884336617459
2.04379389426 0.983637565864 0.0
2.05062159215 0.989708896418 0.00112597445706
2.05403544109 0.990926805974 0.0
2.05744929003 0.964897154052 0.0
2.06769083686 0.992058919114 0.000894061293259
2.0711046858 0.992155544599 0.000523706130637
2.07451853474 0.991310815389 0.00155874770651
2.07793238369 0.99254326592 0.000929949285574
2.08134623263 0.991501345701 0.00161922516772
2.08476008157 0.987345689721 0.00586150478829
2.08817393051 0.993468888563 0.0
2.09158777946 0.986585197394 0.0
2.0950016284 0.992061635805 0.000714883479586
2.10182932628 0.992092808353 0.000726113079791
2.10524317523 0.993231318834 0.0005986820204
2.10865702417 0.993644110615 0.000229225242655
2.11207087311 0.987853379833 0.00326320081218
2.11548472205 0.993123782491 0.0
2.12572626888 0.993913183515 0.0
2.12914011782 0.992037705739 0.0
2.1427955136 0.993621107699 0.0
2.14620936254 0.991729570686 0.0
2.16327860725 0.993099908299 0.000536656366075
2.17693400302 0.994554995455 0.0
2.18034785196 0.992460584529 0.0
2.24862483082 0.994327141662 0.000622628247047
2.26569407553 0.995541330175 0.0
