-0.00920916804201 0.041196792315 0.0
0.000701487621905 0.0244744498173 0.00666727744081
0.00317915153788 0.0119875471816 0.00157849429916
0.00565681545386 0.019668498821 0.00213533770207
0.00813447936984 0.0140505355444 0.00133739398197
0.0106121432858 0.011261699158 0.00106315576755
0.0130898072018 0.0132473243088 0.00101472668065
0.0155674711178 0.0121809254038 0.000755121191215
0.0180451350338 0.0118127245346 0.000880523564161
0.0205227989497 0.0126402723945 0.000876477911392
0.0230004628657 0.013280376416 0.000976790705816
0.0254781267817 0.0109254699704 0.000635633922417
0.0279557906977 0.0124418229483 0.000732134928151
0.0304334546137 0.0115079201858 0.000734631081718
0.0329111185296 0.0123001392527 0.000795567900304
0.0353887824456 0.0108374293989 0.000479145628663
0.0378664463616 0.0104584677143 0.000537967304383
0.0403441102776 0.0100044748719 0.000423447699638
0.0428217741935 0.0104148106387 0.000387198931187
0.0452994381095 0.00972408966463 0.000359268470179
0.0477771020255 0.0103956590366 0.00037672011032
0.0502547659415 0.0106732230761 0.000383293732698
0.0527324298575 0.0102300723612 0.000388584961152
0.0552100937734 0.00963638562077 0.000326507557201
0.0576877576894 0.0092554965588 0.000265163541861
0.0601654216054 0.00951284381342 0.000259450338606
0.0626430855214 0.0094868736118 0.000313755181151
0.0651207494374 0.00909855454286 0.000269097189142
0.0675984133533 0.00933237128163 0.0002893085878
0.0700760772693 0.00890902160617 0.000234073143634
0.0725537411853 0.00991495854298 0.000440673127289
0.0750314051013 0.00886589082812 0.000397383501035
0.0775090690173 0.010151454679 0.000317627680174
0.0799867329332 0.00948734947372 0.000256496332202
0.0824643968492 0.00931266868856 0.000224671325028
0.0849420607652 0.00956241290619 0.000242643938924
0.0874197246812 0.00925081877738 0.000243195793859
0.0898973885971 0.00992530319323 0.000378042906223
0.0923750525131 0.00930804623187 0.000231604682052
0.0948527164291 0.00998522330379 0.0002666114377
0.0973303803451 0.0096110154113 0.000224904886335
0.0998080442611 0.00924548721953 0.000211961289061
0.102285708177 0.00930023671037 0.000199162064075
0.104763372093 0.00971102408728 0.000204342497016
0.107241036009 0.00936082937993 0.000212956276905
0.109718699925 0.00931992530367 0.00018632293548
0.112196363841 0.00940114098944 0.000185990260082
0.114674027757 0.00941420611323 0.000218223525627
0.117151691673 0.00944771710911 0.000186024273172
0.119629355589 0.00941913138536 0.000166015986255
0.122107019505 0.00935255406283 0.000182090579204
0.124584683421 0.00965131285487 0.000196990809721
0.127062347337 0.00952850950689 0.000180843335509
0.129540011253 0.00941596648697 0.000187464198242
0.132017675169 0.00958951118444 0.000158715769203
0.134495339085 0.00954167109596 0.000161936395791
0.136973003001 0.00968417686338 0.000163166781042
0.139450666917 0.00997586067202 0.000170304514427
0.141928330833 0.0100187938436 0.000170810012772
0.144405994749 0.0100638431953 0.000161871431592
0.146883658665 0.009708777923 0.000165771892656
0.149361322581 0.00991725734481 0.000162690648068
0.151838986497 0.00963127153303 0.000146626941321
0.154316650413 0.0104183681076 0.000170622058792
0.156794314329 0.0100066259922 0.000152332461876
0.159271978245 0.0102617785208 0.000169052711443
0.161749642161 0.0100910122913 0.000153018536684
0.164227306077 0.0104081544195 0.00015243881525
0.166704969992 0.010287576913 0.000157006518216
0.169182633908 0.0103611786869 0.000146818932105
0.171660297824 0.0102941795073 0.000146081160373
0.17413796174 0.0106225489022 0.000163292454588
0.176615625656 0.0105655313207 0.000149761898968
0.179093289572 0.0105858615417 0.000150003281901
0.181570953488 0.0106244764468 0.000137730987613
0.184048617404 0.010984266431 0.000166606535912
0.18652628132 0.010971061553 0.000139598587104
0.189003945236 0.0113207937332 0.000159864069692
0.191481609152 0.0111790336977 0.000141384594305
0.193959273068 0.0118266769234 0.000167004352556
0.196436936984 0.0116480184019 0.000153972817021
0.1989146009 0.0119936999271 0.000171276179273
0.201392264816 0.0122016873968 0.000167764155179
0.203869928732 0.0123606729123 0.000157654218232
0.206347592648 0.0121141075542 0.000155117920591
0.208825256564 0.0126520217434 0.000165994558678
0.21130292048 0.0125332501651 0.000177279624394
0.213780584396 0.0127758546045 0.000156296027738
0.216258248312 0.0132676901489 0.000186530739979
0.218735912228 0.0131975998893 0.00017524048582
0.221213576144 0.0135629052354 0.000177376418212
0.22369124006 0.0134182629761 0.000168615966208
0.226168903976 0.0139854857114 0.000167755650484
0.228646567892 0.0143486452233 0.000174428173271
0.231124231808 0.0146330956823 0.000193403680029
0.233601895724 0.0149407970265 0.000183978198919
0.23607955964 0.0148267240376 0.000192527685379
0.238557223556 0.0148226250136 0.000179424331024
0.241034887472 0.0155670602207 0.000199935262262
0.243512551388 0.0158575576811 0.000189400662179
0.245990215304 0.0164719777105 0.000197071428202
0.24846787922 0.0171325635621 0.000214554245932
0.250945543136 0.0175205153398 0.000229996245058
0.253423207052 0.0173606663833 0.00019655617246
0.255900870968 0.0177938082366 0.000210770457354
0.258378534884 0.0180306519512 0.000217743323477
0.2608561988 0.0194555264223 0.000247021324307
0.263333862716 0.0193775928423 0.00023096086125
0.265811526632 0.0201385305343 0.000223190320091
0.268289190548 0.0201480665422 0.000236146721373
0.270766854464 0.0209824807564 0.000245082231221
0.27324451838 0.0209712180071 0.000237659555905
0.275722182296 0.0224664721645 0.000247604117744
0.278199846212 0.0224068963204 0.000250266125056
0.280677510128 0.023719696344 0.000268733715808
0.283155174044 0.0237350785574 0.000249180743611
0.285632837959 0.0243430333934 0.000260659808249
0.288110501875 0.0253390490298 0.000267457394423
0.290588165791 0.0258907631558 0.00027149959393
0.293065829707 0.0267603037419 0.000293233491464
0.295543493623 0.027016752337 0.000273678868939
0.298021157539 0.0271714295031 0.000263861338439
0.300498821455 0.0284749108665 0.000283010283966
0.302976485371 0.028690747267 0.000277057077335
0.305454149287 0.0291515404733 0.000277458906415
0.307931813203 0.0298884173081 0.000277321277043
0.310409477119 0.0308778543794 0.000287215786024
0.312887141035 0.0305066859453 0.000276780612032
0.315364804951 0.0308758074756 0.000272182700934
0.317842468867 0.0314682840689 0.000275240439052
0.320320132783 0.0326032083764 0.000294881301789
0.322797796699 0.0324164167068 0.000289108132984
0.325275460615 0.0324210980324 0.000298404967506
0.327753124531 0.0321597403031 0.000265834509552
0.330230788447 0.0334136934265 0.00027398420875
0.332708452363 0.0332186814049 0.000289055655498
0.335186116279 0.0332012844727 0.000272507336691
0.337663780195 0.0336835442005 0.00028722709664
0.340141444111 0.0338266835563 0.000261058128278
0.342619108027 0.0346703789902 0.000300138198659
0.345096771943 0.0345298787206 0.000277026309575
0.347574435859 0.0340698511534 0.000244364285639
0.350052099775 0.0338961812723 0.000251629287736
0.352529763691 0.034275414111 0.00025554356952
0.355007427607 0.0347073801056 0.000254766442505
0.357485091523 0.0343618159937 0.000219767521388
0.359962755439 0.0347244767282 0.000242705859335
0.362440419355 0.0347641032801 0.000244525222648
0.364918083271 0.035525336225 0.000265803702681
0.367395747187 0.0345916910396 0.000222900962817
0.369873411103 0.0342978095396 0.000220397383674
0.372351075019 0.0344333651389 0.000214615398402
0.374828738935 0.0346516074851 0.000229512523594
0.377306402851 0.0341312689772 0.000220145849962
0.379784066767 0.0342784340476 0.000218232675155
0.382261730683 0.0347959212899 0.000219928249804
0.384739394599 0.0346377472695 0.000227594820431
0.387217058515 0.0343458106534 0.00022036395591
0.389694722431 0.0338029035118 0.00020171747912
0.392172386347 0.0342786170463 0.000202849707209
0.394650050263 0.0335807734325 0.000195871955737
0.397127714179 0.0338566734371 0.000201888573024
0.399605378095 0.0337299939589 0.000194909330344
0.402083042011 0.0337008292599 0.000196966968061
0.404560705926 0.0338918235153 0.000198071599863
0.407038369842 0.0330302646131 0.000182130282535
0.409516033758 0.0340592812321 0.000203793908362
0.411993697674 0.0335400975479 0.000193417821852
0.41447136159 0.0333775084606 0.000186677999709
0.416949025506 0.0332089557337 0.000187611363575
0.419426689422 0.0330730906487 0.000180679015056
0.421904353338 0.0325263250752 0.000171950373841
0.424382017254 0.0325789682215 0.000174731951946
0.42685968117 0.0322966608247 0.000161377372234
0.429337345086 0.0322523957033 0.000166494515292
0.431815009002 0.0321919480265 0.000164438168392
0.434292672918 0.0325832659305 0.000167237728532
0.436770336834 0.0317659633678 0.000154856765973
0.43924800075 0.0322060444685 0.000162678976745
0.441725664666 0.0318502093622 0.000157834955947
0.444203328582 0.0319964042749 0.000161172630607
0.446680992498 0.0315260377977 0.000156319380903
0.449158656414 0.0313378215849 0.000149511098668
0.45163632033 0.0316375893241 0.000155411767006
0.454113984246 0.0318138505972 0.000153587135435
0.456591648162 0.0312087897048 0.00014975530783
0.459069312078 0.0312921484937 0.000146169086168
0.461546975994 0.0308453236445 0.000143910101282
0.46402463991 0.0307073958113 0.000137383459406
0.466502303826 0.0305130788582 0.000139735283797
0.468979967742 0.0304821848541 0.000135003033603
0.471457631658 0.0304616363394 0.00014183790014
0.473935295574 0.0301171985665 0.000132199656507
0.47641295949 0.0303699072132 0.000135291425558
0.478890623406 0.0304826555889 0.000138358215554
0.481368287322 0.0297232755296 0.000132689584291
0.483845951238 0.0301010968336 0.000130217919054
0.486323615154 0.0299250854266 0.000133873917753
0.48880127907 0.0296395997961 0.000122535983239
0.491278942986 0.0294211739274 0.000124749918596
0.493756606902 0.0293287455961 0.000129950362079
0.496234270818 0.029405531288 0.000152350371627
0.498711934734 0.0289746202175 0.000122243569789
0.50118959865 0.0293226663239 0.000148012097877
0.503667262566 0.0288888220522 0.000118185264676
0.506144926482 0.0289938576897 0.000128061797467
0.508622590398 0.0289088028214 0.000122209101209
0.511100254314 0.0287536762168 0.000122634943286
0.51357791823 0.0287911186955 0.000127127156604
0.516055582146 0.0287682008285 0.000122908704107
0.518533246062 0.0285661740923 0.000121035254718
0.521010909977 0.0286691873662 0.000118875372072
0.523488573893 0.0288546386208 0.000125322009159
0.525966237809 0.0285676883407 0.000119456115692
0.528443901725 0.0286503717488 0.000117316993995
0.530921565641 0.028523422045 0.000120073678498
0.533399229557 0.0284886964626 0.000111094980351
0.535876893473 0.0284099553351 0.000117384151292
0.538354557389 0.0281086540578 0.00011130990277
0.540832221305 0.0276922941435 0.000105298826122
0.543309885221 0.0277769250571 0.000108787712455
0.545787549137 0.0276081059096 0.000114344872869
0.548265213053 0.0276198556979 0.000106773632613
0.550742876969 0.0274503137865 0.000105742653945
0.553220540885 0.0274093459996 0.000105254798177
0.555698204801 0.0273818777606 0.000106791095992
0.558175868717 0.0273276205435 0.000102090826263
0.560653532633 0.0270360191729 0.000104642236326
0.563131196549 0.0271778838828 0.000122555747222
0.565608860465 0.0269902690198 9.83058479662e-05
0.568086524381 0.0272433546845 0.000110524453278
0.570564188297 0.0270947340934 0.000102411263841
0.573041852213 0.0268371923156 0.000104826690878
0.575519516129 0.0268422046073 0.000100068995267
0.577997180045 0.0266588039919 0.000101507504091
0.580474843961 0.0265776400051 9.75846771475e-05
0.582952507877 0.0263979930002 0.000100253469117
0.585430171793 0.0263346682359 9.81333301027e-05
0.587907835709 0.0264404716947 9.49611592616e-05
0.590385499625 0.0263462015817 0.000100974918938
0.592863163541 0.0264232193282 0.000100307312313
0.595340827457 0.026302042866 9.04687934966e-05
0.597818491373 0.0261877134672 8.95844893692e-05
0.600296155289 0.0262856239029 9.10544738091e-05
0.602773819205 0.0261855220251 9.44869812455e-05
0.605251483121 0.0261593759339 9.22659971525e-05
0.607729147037 0.0261217928983 8.91200870114e-05
0.610206810953 0.0262678979063 8.9136910884e-05
0.612684474869 0.0260512242062 8.73653725026e-05
0.615162138785 0.0260092454327 8.43004906905e-05
0.617639802701 0.0258969947046 8.14709500677e-05
0.620117466617 0.0255435797835 8.1977914378e-05
0.622595130533 0.0258929957113 8.92818444918e-05
0.625072794449 0.0257107649884 8.41692759585e-05
0.627550458365 0.0256464648157 8.65048592099e-05
0.630028122281 0.0255857876046 8.38309938684e-05
0.632505786197 0.0255936177316 8.71337077343e-05
0.634983450113 0.0256986186608 8.37546286277e-05
0.637461114029 0.0257445667402 8.48770429942e-05
0.639938777944 0.0255081060811 8.38693308314e-05
0.64241644186 0.0255578750447 8.52843492729e-05
0.644894105776 0.025275870249 7.86699750144e-05
0.647371769692 0.025286131947 8.04136445167e-05
0.649849433608 0.025311292867 7.91734778826e-05
0.652327097524 0.025006241968 7.64477147157e-05
0.65480476144 0.0253755909361 8.00882698861e-05
0.657282425356 0.0251797659986 7.81427094543e-05
0.659760089272 0.025284659904 7.8676084721e-05
0.662237753188 0.0251854992715 7.83096667683e-05
0.664715417104 0.0249471608286 7.58271723008e-05
0.66719308102 0.0250836512237 7.57776727621e-05
0.669670744936 0.0252411282087 7.79764918884e-05
0.672148408852 0.0250198492708 7.62437371182e-05
0.674626072768 0.025221648827 7.6761737216e-05
0.677103736684 0.0250962437832 7.46451008172e-05
0.6795814006 0.0249156027261 7.12187895532e-05
0.682059064516 0.0250666124773 7.50396595384e-05
0.684536728432 0.0250612066354 7.38380972297e-05
0.687014392348 0.0250159179689 7.26781316195e-05
0.689492056264 0.0249770262031 7.3222986479e-05
0.69196972018 0.024876966341 7.25317586798e-05
0.694447384096 0.0249120099159 7.23692545229e-05
0.696925048012 0.0248415900174 7.06740422265e-05
0.699402711928 0.0248279624329 7.22467772219e-05
0.701880375844 0.0248834588127 7.2330928312e-05
0.70435803976 0.0250011614752 7.40474579332e-05
0.706835703676 0.0248914540809 6.98991305658e-05
0.709313367592 0.0249204181579 7.11237565207e-05
0.711791031508 0.0249773255317 7.39495921191e-05
0.714268695424 0.0248718744046 7.17674126945e-05
0.71674635934 0.0248335178703 7.11883031066e-05
0.719224023256 0.0249204065195 7.18143416614e-05
0.721701687172 0.0248739210564 7.15675580222e-05
0.724179351088 0.0248242081711 6.93005679614e-05
0.726657015004 0.0249070290538 7.06325552833e-05
0.72913467892 0.0249038173065 6.91069586507e-05
0.731612342836 0.0246760451596 6.85351868358e-05
0.734090006752 0.0248792038129 7.03462061996e-05
0.736567670668 0.024697322298 6.96837181186e-05
0.739045334584 0.0247518802049 6.78809037429e-05
0.7415229985 0.0248113735651 6.86162850764e-05
0.744000662416 0.024717964852 6.76905041553e-05
0.746478326332 0.0247974222347 6.61401915823e-05
0.748955990248 0.0248946280104 6.86223009479e-05
0.751433654164 0.0248683868417 6.75439791545e-05
0.75391131808 0.0249087322931 6.96946236954e-05
0.756388981995 0.0247751363949 6.58166065591e-05
0.758866645911 0.0250352083512 6.9172141567e-05
0.761344309827 0.0248303238788 6.87298929066e-05
0.763821973743 0.0247990710814 6.73099236554e-05
0.766299637659 0.025023568681 6.89117939275e-05
0.768777301575 0.025104264806 6.76737902826e-05
0.771254965491 0.0247969668687 6.56956377449e-05
0.773732629407 0.0248655727374 6.69847862513e-05
0.776210293323 0.0251620876184 6.91729544223e-05
0.778687957239 0.024901444308 6.76953853064e-05
0.781165621155 0.0246900094609 6.48556463048e-05
0.783643285071 0.0248186697567 6.52364459729e-05
0.786120948987 0.0250642331145 6.73428315906e-05
0.788598612903 0.0249145675543 6.68657578267e-05
0.791076276819 0.0250039851728 6.51995568385e-05
0.793553940735 0.0250973349778 6.63460906372e-05
0.796031604651 0.0250172039361 6.6087545833e-05
0.798509268567 0.0250891617684 6.61109180099e-05
0.800986932483 0.0249969954106 6.58003547507e-05
0.803464596399 0.0253151988536 6.94439835113e-05
0.805942260315 0.0251033123768 6.43356352978e-05
0.808419924231 0.0251857820301 6.71365729617e-05
0.810897588147 0.0250153459384 6.59398831247e-05
0.813375252063 0.0251309826524 6.53846269389e-05
0.815852915979 0.0250569891505 6.50900913854e-05
0.818330579895 0.0253578688603 6.80257551126e-05
0.820808243811 0.0253414144871 6.75061526232e-05
0.823285907727 0.0252519366965 6.59431119251e-05
0.825763571643 0.0253310526111 6.7752415398e-05
0.828241235559 0.0252125725828 6.68057865742e-05
0.830718899475 0.0253369048445 6.51442171708e-05
0.833196563391 0.0253446166611 6.61539270716e-05
0.835674227307 0.0253100141296 6.66349907576e-05
0.838151891223 0.0253800828203 6.69441792136e-05
0.840629555139 0.0254933388151 6.74521376805e-05
0.843107219055 0.025423861378 6.64736473568e-05
0.845584882971 0.0254673614958 6.63369937938e-05
0.848062546887 0.0255937876055 6.60783587595e-05
0.850540210803 0.0255273290174 6.44737923132e-05
0.853017874719 0.0257657288272 6.73586040756e-05
0.855495538635 0.0258276865524 6.78073632249e-05
0.857973202551 0.0258303570839 6.62735394276e-05
0.860450866467 0.025822383429 6.64226463711e-05
0.862928530383 0.0257241427213 6.68457795343e-05
0.865406194299 0.0258102408971 6.52794316963e-05
0.867883858215 0.0259153479211 6.75333210855e-05
0.870361522131 0.0258943262466 6.65159359258e-05
0.872839186047 0.0259790282661 6.58715587909e-05
0.875316849962 0.0262435687192 6.93895756482e-05
0.877794513878 0.0262524998189 6.84330844293e-05
0.880272177794 0.026256642781 6.76870642976e-05
0.88274984171 0.0262975768404 6.74814798155e-05
0.885227505626 0.0262161325232 6.64112128244e-05
0.887705169542 0.0263424095475 6.67312638202e-05
0.890182833458 0.0263833367589 6.6858918022e-05
0.892660497374 0.0265022031441 6.80136736909e-05
0.89513816129 0.0267529846201 6.9715379537e-05
0.897615825206 0.0267903673229 6.95506998614e-05
0.900093489122 0.0269711342092 6.87629937487e-05
0.902571153038 0.0268590630138 6.85136098272e-05
0.905048816954 0.0269201769635 7.04363443169e-05
0.90752648087 0.0269336324551 6.99594696393e-05
0.910004144786 0.0270258882755 7.22575147197e-05
0.912481808702 0.0270226200797 7.13826785309e-05
0.914959472618 0.0270470041322 7.16459922105e-05
0.917437136534 0.0271308985628 7.27537355064e-05
0.91991480045 0.0272674553015 7.29328497014e-05
0.922392464366 0.0274601312541 7.2790372548e-05
0.924870128282 0.0273008410304 7.17588564485e-05
0.927347792198 0.0274421262362 7.2018491808e-05
0.929825456114 0.0273832443197 7.16800121591e-05
0.93230312003 0.0277496911392 7.32941621727e-05
0.934780783946 0.0277551376785 7.1286129017e-05
0.937258447862 0.0277377904543 7.32425609223e-05
0.939736111778 0.0278528805374 7.59052974457e-05
0.942213775694 0.0278931927679 7.27947585672e-05
0.94469143961 0.0278918342485 7.40618182317e-05
0.947169103526 0.0280529826462 7.43807909658e-05
0.949646767442 0.0282208686913 7.38607703745e-05
0.952124431358 0.0282069214119 7.61538836545e-05
0.954602095274 0.0283218867073 7.54542994921e-05
0.95707975919 0.0283828740607 7.69822597619e-05
0.959557423106 0.0284374081005 7.4926151175e-05
0.962035087022 0.0287858201396 7.7671715276e-05
0.964512750938 0.028770067282 7.62083445495e-05
0.966990414854 0.0287155334464 7.71524783157e-05
0.96946807877 0.0288323477016 7.54674813398e-05
0.971945742686 0.0288777270465 7.69347207264e-05
0.974423406602 0.0291434880176 7.91262205498e-05
0.976901070518 0.0293081726992 7.97568830031e-05
0.979378734434 0.0293789359091 7.98122957685e-05
0.98185639835 0.0293283700688 7.94867471678e-05
0.984334062266 0.0295462393362 8.14667570938e-05
0.986811726182 0.0294638882478 7.97756409349e-05
0.989289390098 0.0297718522127 8.16685021191e-05
0.991767054014 0.0296960334445 8.06191883726e-05
0.994244717929 0.0299995077161 8.43000830008e-05
0.996722381845 0.0301135550101 8.48859112036e-05
0.999200045761 0.0301131715792 8.41437998596e-05
1.00167770968 0.0304130793441 8.391089533e-05
1.00415537359 0.0302736627131 8.39854663185e-05
1.00663303751 0.0308083967783 8.79138180085e-05
1.00911070143 0.0305407956581 8.63326537955e-05
1.01158836534 0.0308810062378 8.84183966148e-05
1.01406602926 0.0307904954054 8.96320919569e-05
1.01654369317 0.0304884549544 8.66301089189e-05
1.01902135709 0.0308388862102 8.5879095506e-05
1.02149902101 0.0312738000661 8.73857927785e-05
1.02397668492 0.0312388133513 8.6296412411e-05
1.02645434884 0.0316228846543 9.0494338073e-05
1.02893201275 0.0316606339452 8.97412151334e-05
1.03140967667 0.031742865852 9.04533187455e-05
1.03388734059 0.0316797592093 8.85382896838e-05
1.0363650045 0.0319784980562 9.06156809255e-05
1.03884266842 0.0321133025178 9.17273884552e-05
1.04132033233 0.0318055019207 8.99016539344e-05
1.04379799625 0.0320027668245 9.05521355393e-05
1.04627566017 0.0322559403178 9.25591214551e-05
1.04875332408 0.0321847134228 9.21587971713e-05
1.051230988 0.0324477222063 9.19718869298e-05
1.05370865191 0.0326329157917 9.09908973107e-05
1.05618631583 0.0329976730032 9.38019582014e-05
1.05866397974 0.0332188354336 9.92987277472e-05
1.06114164366 0.0332768375914 9.7187589146e-05
1.06361930758 0.0333952343621 9.68383595693e-05
1.06609697149 0.0336170600534 0.000102970800004
1.06857463541 0.0338071661944 0.000100113477631
1.07105229932 0.0339505286859 0.00010053838904
1.07352996324 0.0342633938805 0.000104474077564
1.07600762716 0.0341147092914 0.000102915722121
1.07848529107 0.0344582500908 0.000105766843595
1.08096295499 0.0346514413598 0.00010690097222
1.0834406189 0.0343806969288 0.000102030529133
1.08591828282 0.0348196391866 0.000107440739855
1.08839594674 0.0350128419643 0.000103480610548
1.09087361065 0.0351385030994 0.000109314667621
1.09335127457 0.0352279147846 0.000109150159119
1.09582893848 0.0355156265399 0.000106772643742
1.0983066024 0.0360276415491 0.000111048792743
1.10078426632 0.0361755933869 0.000108369648816
1.10326193023 0.0363717332672 0.000114116831728
1.10573959415 0.0364482725472 0.000115856808512
1.10821725806 0.036806367709 0.000121680222778
1.11069492198 0.0368417191334 0.000118097760371
1.1131725859 0.0372767881429 0.00011873740472
1.11565024981 0.0370156304754 0.000114051216222
1.11812791373 0.0373602531273 0.000119016489191
1.12060557764 0.0374579007486 0.000120140786303
1.12308324156 0.0372039752695 0.00011549151451
1.12556090548 0.0378848584613 0.000122995794772
1.12803856939 0.0381285615502 0.000119037816944
1.13051623331 0.0380574662212 0.000120155301338
1.13299389722 0.0382900517482 0.000121033225417
1.13547156114 0.0386160223698 0.000123186614632
1.13794922506 0.0386816857169 0.000122889711132
1.14042688897 0.0390033372697 0.000125287529817
1.14290455289 0.0393358837614 0.000124693483104
1.1453822168 0.0395011036784 0.000130305448377
1.14785988072 0.0397625651659 0.00012886983747
1.15033754464 0.0399850657385 0.000132514149216
1.15281520855 0.0400299045447 0.000134338806736
1.15529287247 0.0405084860872 0.000135257924868
1.15777053638 0.0410101795912 0.000138262427401
1.1602482003 0.0409570328158 0.000140996396066
1.16272586422 0.0416154896405 0.00014551454521
1.16520352813 0.0417821478934 0.00014470583516
1.16768119205 0.0421366839627 0.00014400559831
1.17015885596 0.0424820107275 0.000148720594579
1.17263651988 0.0427568163276 0.000151436698078
1.1751141838 0.042719905907 0.000153314877978
1.17759184771 0.0425650545634 0.000149235785776
1.18006951163 0.0427170286473 0.000147017717823
1.18254717554 0.0430696048733 0.000143970955248
1.18502483946 0.0435947073799 0.00015083443128
1.18750250338 0.0438519574107 0.000150875489478
1.18998016729 0.0437522463184 0.000156374495639
1.19245783121 0.0438952972244 0.000161726213313
1.19493549512 0.0442792657513 0.000160147559576
1.19741315904 0.044388868264 0.000155489311371
1.19989082296 0.044831137204 0.000160713888619
1.20236848687 0.0451960284433 0.000165563874047
1.20484615079 0.045423189903 0.000163320495004
1.2073238147 0.0458667529181 0.000166674956126
1.20980147862 0.0460192640391 0.000163183568432
1.21227914254 0.0462524427866 0.000165357084806
1.21475680645 0.0470121458574 0.000172831431232
1.21723447037 0.0475974287469 0.000176522130188
1.21971213428 0.0478990668613 0.000185353783954
1.2221897982 0.0483630558519 0.000180058446191
1.22466746212 0.0486629767362 0.000182067879631
1.22714512603 0.0487414520969 0.000184580110117
1.22962278995 0.0490639901976 0.000188135557327
1.23210045386 0.0493307006144 0.000187804446542
1.23457811778 0.0500618774549 0.000191321127817
1.2370557817 0.0504314660902 0.000195995561472
1.23953344561 0.0500654445361 0.000203685485203
1.24201110953 0.0504236814926 0.000198387629633
1.24448877344 0.0507489989253 0.000203083707406
1.24696643736 0.0512460691858 0.000201457332914
1.24944410128 0.0510090532975 0.00019387676369
1.25192176519 0.051537161198 0.000198637809867
1.25439942911 0.0512734868744 0.000191071703738
1.25687709302 0.0521769469306 0.000202408322492
1.25935475694 0.0532117095789 0.000208375658952
1.26183242086 0.0533630122067 0.000208734053803
1.26431008477 0.0537607404247 0.000213643440757
1.26678774869 0.0537979989463 0.000207696838188
1.2692654126 0.054750141897 0.000225321604391
1.27174307652 0.0549624951592 0.000227916964728
1.27422074044 0.0551894582887 0.000221165498451
1.27669840435 0.0555581631721 0.000228694173954
1.27917606827 0.0560951273315 0.000231008263867
1.28165373218 0.0564652853298 0.000239304594131
1.2841313961 0.0567579330777 0.000241336017373
1.28660906002 0.0576317168642 0.000248697415632
1.28908672393 0.058008833642 0.000241511699498
1.29156438785 0.0584454836804 0.000253791603475
1.29404205176 0.0591012777245 0.000257452016358
1.29651971568 0.0590558235121 0.000244983208179
1.29899737959 0.0604790147719 0.000263990064556
1.30147504351 0.0608322686184 0.000269961531607
1.30395270743 0.0610195071053 0.000270576816284
1.30643037134 0.0612417638293 0.000272716653685
1.30890803526 0.0619845118129 0.000277237159781
1.31138569917 0.0629531963793 0.000298974461407
1.31386336309 0.0632456625677 0.00030864593912
1.31634102701 0.0629487912982 0.000297678798346
1.31881869092 0.0632918462965 0.000296133465098
1.32129635484 0.0635860829024 0.00030204304815
1.32377401875 0.0644828694032 0.00030889398038
1.32625168267 0.0644163910341 0.000305584849249
1.32872934659 0.0649164261313 0.000304366865517
1.3312070105 0.0649176920874 0.000295986893919
1.33368467442 0.0659511892445 0.000315287841083
1.33616233833 0.0666363652949 0.000307810015809
1.33864000225 0.0679642561421 0.000335594059591
1.34111766617 0.0669777992713 0.000310903965502
1.34359533008 0.066694999729 0.000298733346369
1.346072994 0.0686606674067 0.000332051449525
1.34855065791 0.0688041320431 0.000333468515851
1.35102832183 0.0692726888553 0.000336535152725
1.35350598575 0.0703078195354 0.000362190741122
1.35598364966 0.0705087551789 0.000350693523282
1.35846131358 0.0716810845879 0.000352859121372
1.36093897749 0.0718541437707 0.000357784650775
1.36341664141 0.0728070794277 0.000379234270967
1.36589430533 0.0732034634535 0.000374869230495
1.36837196924 0.0733553343202 0.000372715180207
1.37084963316 0.0737878146053 0.00038284073159
1.37332729707 0.0756233063855 0.000392689518079
1.37580496099 0.0762490650362 0.00040102436364
1.37828262491 0.0766894709042 0.000405411268357
1.38076028882 0.0775925362994 0.000422090420637
1.38323795274 0.0782418209348 0.000427973985526
1.38571561665 0.0783324997013 0.00043539904616
1.38819328057 0.0795211391873 0.000432742656169
1.39067094449 0.0793900816537 0.000416099199107
1.3931486084 0.0798711011463 0.000420459800994
1.39562627232 0.0806361881078 0.000439149809901
1.39810393623 0.0810495630406 0.000428102040814
1.40058160015 0.0826659775053 0.000437771533907
1.40305926407 0.0824685243671 0.000444113784438
1.40553692798 0.0827300149699 0.000456952931382
1.4080145919 0.0834878712102 0.00047489094197
1.41049225581 0.0847610901457 0.000492365692273
1.41296991973 0.084731795262 0.000480636195448
1.41544758365 0.0863925619423 0.000496484303217
1.41792524756 0.0874315635063 0.000511183401441
1.42040291148 0.0878037746639 0.000520445553475
1.42288057539 0.0890404735358 0.000522914844556
1.42535823931 0.0899942542376 0.000520746438856
1.42783590323 0.0899209454987 0.000529823574212
1.43031356714 0.0919265093507 0.000573259572326
1.43279123106 0.0928189292583 0.000576848543413
1.43526889497 0.092694528609 0.000560322219512
1.43774655889 0.09330818761 0.000561080112588
1.44022422281 0.094155961982 0.000580232767062
1.44270188672 0.094944487101 0.000576559568333
1.44517955064 0.095521192243 0.000590344159024
1.44765721455 0.0965998206743 0.00059348703336
1.45013487847 0.0974319407195 0.000593308761139
1.45261254239 0.0986280724482 0.000587024427091
1.4550902063 0.0998145205681 0.0006046323543
1.45756787022 0.101402605741 0.000628866424304
1.46004553413 0.101554895702 0.00063206837338
1.46252319805 0.102559612796 0.000644683958134
1.46500086197 0.102704886988 0.000654885742667
1.46747852588 0.103301977253 0.000647754502123
1.4699561898 0.105312503436 0.000677901041444
1.47243385371 0.106645832631 0.000695507276046
1.47491151763 0.108949514952 0.000711811629353
1.47738918155 0.108535231258 0.000724728308126
1.47986684546 0.11036331556 0.000723655750095
1.48234450938 0.11134734769 0.000764411062592
1.48482217329 0.112462933792 0.000779665810748
1.48729983721 0.11181007074 0.000785115775104
1.48977750113 0.113771262015 0.000768309767831
1.49225516504 0.11584511918 0.000851326869513
1.49473282896 0.116314356036 0.000822051687728
1.49721049287 0.117916956895 0.000845734996019
1.49968815679 0.11612544638 0.000778301673122
1.50216582071 0.117761227506 0.000850810990573
1.50464348462 0.118306397206 0.000841820980706
1.50712114854 0.122171480893 0.000880715503513
1.50959881245 0.120269893461 0.000832287032186
1.51207647637 0.121303564098 0.000829003494498
1.51455414029 0.125731437425 0.000876386805541
1.5170318042 0.124710861529 0.000911663467801
1.51950946812 0.127547251136 0.000934871311476
1.52198713203 0.129142204724 0.00095929162459
1.52446479595 0.1301207099 0.000958608861773
1.52694245986 0.132229418199 0.000989680425172
1.52942012378 0.132085174755 0.00104325866447
1.5318977877 0.132033068055 0.00103311501819
1.53437545161 0.135249095446 0.00105120064839
1.53685311553 0.131973394939 0.00094394252678
1.53933077944 0.134386767289 0.000992419945438
1.54180844336 0.136527553247 0.0010628060255
1.54428610728 0.1380779524 0.00109042339621
1.54676377119 0.137574816281 0.00103052467669
1.54924143511 0.1387909612 0.00107190533541
1.55171909902 0.140125798922 0.00109527241318
1.55419676294 0.139293577459 0.00105781347968
1.55667442686 0.142846512176 0.00109253323613
1.55915209077 0.143714480581 0.00109163632667
1.56162975469 0.148570687973 0.00120148243578
1.5641074186 0.148857640052 0.00121669468339
1.56658508252 0.151201713154 0.0011871730039
1.56906274644 0.152987576355 0.00125922638481
1.57154041035 0.152203977153 0.00122748123411
1.57401807427 0.155758184564 0.00131347104764
1.57649573818 0.156650128027 0.00130786282651
1.5789734021 0.156410022862 0.00129484499578
1.58145106602 0.157208245295 0.00127229819535
1.58392872993 0.159688727301 0.00130690522092
1.58640639385 0.163355905163 0.00137122449889
1.58888405776 0.164277402649 0.00140726919606
1.59136172168 0.16445550837 0.00132913360802
1.5938393856 0.166946431741 0.00138586439233
1.59631704951 0.168017107314 0.00139462334409
1.59879471343 0.176485993373 0.00153538372545
1.60127237734 0.175630133728 0.00158812504544
1.60375004126 0.175587498155 0.0015330272637
1.60622770518 0.177048901135 0.00157621649336
1.60870536909 0.175728554587 0.00159446628389
1.61118303301 0.177503507711 0.00157866247961
1.61366069692 0.178676397 0.00163244541701
1.61613836084 0.179945166252 0.00151209960977
1.61861602476 0.185696386788 0.00166234780407
1.62109368867 0.185680468235 0.00161361610604
1.62357135259 0.186049809561 0.00163587811847
1.6260490165 0.192056876263 0.00172297577382
1.62852668042 0.190282967904 0.00165461729658
1.63100434434 0.193959676582 0.00168090820245
1.63348200825 0.19215233104 0.00169906162857
1.63595967217 0.197247635146 0.00185797643026
1.63843733608 0.19950468884 0.00185821925009
1.640915 0.196710576747 0.00179016865732
1.64339266392 0.196688015015 0.00172032622424
1.64587032783 0.200173018093 0.0017992789248
1.64834799175 0.201828337869 0.00178675519521
1.65082565566 0.206872223865 0.00191297867598
1.65330331958 0.216283389304 0.0019646706218
1.6557809835 0.214662036518 0.00204560189801
1.65825864741 0.219243050024 0.00208427673864
1.66073631133 0.217533618473 0.00197925330924
1.66321397524 0.220706936391 0.00203359240083
1.66569163916 0.22067249923 0.00203524131225
1.66816930308 0.223104733952 0.00213014556967
1.67064696699 0.225130295871 0.0021250185577
1.67312463091 0.228324007957 0.00219730812443
1.67560229482 0.22523562826 0.00209352150866
1.67807995874 0.227358740858 0.0021985369527
1.68055762266 0.229404800807 0.00214959684904
1.68303528657 0.234544606901 0.00233825261461
1.68551295049 0.238371541392 0.00228862611481
1.6879906144 0.240153285338 0.00225267029321
1.69046827832 0.245203098678 0.00238059818724
1.69294594224 0.242900918242 0.00234817962517
1.69542360615 0.249392548714 0.002378401443
1.69790127007 0.252825299145 0.00242159967654
1.70037893398 0.258224882654 0.00246535785011
1.7028565979 0.255729704885 0.0024185418172
1.70533426182 0.267771102728 0.00262879173165
1.70781192573 0.260746782621 0.00262872289633
1.71028958965 0.26765781135 0.00277194085355
1.71276725356 0.263881466539 0.00267858517311
1.71524491748 0.262357983925 0.00266117359129
1.7177225814 0.266947202853 0.00266003352294
1.72020024531 0.273402511611 0.00273932812153
1.72267790923 0.271358494288 0.00280705586581
1.72515557314 0.282514121777 0.00291283342281
1.72763323706 0.283943172217 0.00303649237981
1.73011090098 0.285865800334 0.00295231135645
1.73258856489 0.284599171628 0.00290555941866
1.73506622881 0.282887280422 0.0028895626996
1.73754389272 0.292512747821 0.00303218913291
1.74002155664 0.30514436963 0.00321134989037
1.74249922056 0.30190244135 0.00315028351297
1.74497688447 0.30155713038 0.00322717521431
1.74745454839 0.307688150009 0.0032874205543
1.7499322123 0.307368149053 0.00328480576083
1.75240987622 0.311116861014 0.00328718222968
1.75488754014 0.310830901076 0.00334423485821
1.75736520405 0.312301541294 0.00338926593565
1.75984286797 0.311805032474 0.00321658918444
1.76232053188 0.307837444513 0.00315057941103
1.7647981958 0.316147957134 0.00329666632448
1.76727585971 0.322020199523 0.00336685378853
1.76975352363 0.319137498431 0.00332225832111
1.77223118755 0.320567283713 0.00345066513029
1.77470885146 0.320074037774 0.00345211838399
1.77718651538 0.331844293474 0.00362225515129
1.77966417929 0.329759909382 0.00350899707976
1.78214184321 0.3307025089 0.00341483400034
1.78461950713 0.329352686318 0.00341415118227
1.78709717104 0.335548646928 0.00354968862
1.78957483496 0.347450827073 0.00364391218066
1.79205249887 0.349242659318 0.00358500593642
1.79453016279 0.352992518439 0.00374481234381
1.79700782671 0.354411919096 0.00387984415745
1.79948549062 0.358660284505 0.00399119451441
1.80196315454 0.357819438682 0.00398427492792
1.80444081845 0.364972443441 0.00391990017897
1.80691848237 0.369041254634 0.00400731357426
1.80939614629 0.378230608296 0.00416033591065
1.8118738102 0.380917630069 0.00416643358339
1.81435147412 0.376827087565 0.0040795636068
1.81682913803 0.376804214542 0.00429124643007
1.81930680195 0.377478507995 0.0042529649356
1.82178446587 0.390470233479 0.00429936636348
1.82426212978 0.385884505212 0.0044102272274
1.8267397937 0.38133395306 0.00428158852654
1.82921745761 0.382435146069 0.00421822587864
1.83169512153 0.387896555195 0.00436688264638
1.83417278545 0.389167403934 0.00419829858446
1.83665044936 0.393814793638 0.00443896948087
1.83912811328 0.39518293945 0.00417958063396
1.84160577719 0.40191094488 0.00431802029463
1.84408344111 0.413195560563 0.00454270704976
1.84656110503 0.406447899205 0.00466666692219
1.84903876894 0.413887826397 0.00452618027
1.85151643286 0.412225666172 0.00461033217916
1.85399409677 0.420467448079 0.00451393725144
1.85647176069 0.41285357373 0.00479461525033
1.85894942461 0.419364574697 0.00459671984579
1.86142708852 0.430594466331 0.0048364528848
1.86390475244 0.430971030669 0.00494840972415
1.86638241635 0.433799216111 0.00483189776644
1.86886008027 0.428067868729 0.0048859289151
1.87133774419 0.435394031053 0.00493637480028
1.8738154081 0.430800800264 0.00501547955663
1.87629307202 0.443922529397 0.00504558506329
1.87877073593 0.455165386 0.0052439113645
1.88124839985 0.452238296999 0.00520555593576
1.88372606377 0.44570932874 0.00531865560243
1.88620372768 0.461890520172 0.00553427735393
1.8886813916 0.457957079641 0.00533967255281
1.89115905551 0.464191171522 0.00519379002479
1.89363671943 0.473623258477 0.0055830926605
1.89611438335 0.469075102543 0.00550595116749
1.89859204726 0.476029430612 0.00533920018294
1.90106971118 0.479109037845 0.00550778345974
1.90354737509 0.476184575115 0.00541689759775
1.90602503901 0.485538743872 0.00547671076929
1.90850270293 0.483508556581 0.00592131636297
1.91098036684 0.471982907628 0.00564376699219
1.91345803076 0.478012837835 0.00558198622437
1.91593569467 0.484809477809 0.00562184575195
1.91841335859 0.48391443324 0.00589337199439
1.92089102251 0.479171440206 0.00567501309827
1.92336868642 0.492539469206 0.00593589411823
1.92584635034 0.513765162144 0.00591115121861
1.92832401425 0.499135587135 0.00579418075352
1.93080167817 0.509136528006 0.00615656976877
1.93327934209 0.501529444137 0.00623111577103
1.935757006 0.504453981178 0.00610815849728
1.93823466992 0.523547476271 0.00634470700864
1.94071233383 0.530870855865 0.00608960753665
1.94318999775 0.525793896963 0.00582721349117
1.94566766167 0.522888137824 0.00612573122885
1.94814532558 0.541324134783 0.00660961552733
1.9506229895 0.532558470039 0.00670408303183
1.95310065341 0.551039115813 0.00692868935745
1.95557831733 0.576015851101 0.00693842381533
1.95805598125 0.549112795281 0.00654336564447
1.96053364516 0.56453753974 0.0066351951299
1.96301130908 0.562194739451 0.00663038187289
1.96548897299 0.582206781419 0.00694067581507
1.96796663691 0.575825066177 0.00691970915053
1.97044430083 0.589674852192 0.0069566654146
1.97292196474 0.585289639293 0.00691556269168
1.97539962866 0.575276289666 0.00699022922366
1.97787729257 0.584963152663 0.00744744666107
1.98035495649 0.566666026045 0.0070779543884
1.98283262041 0.567566619761 0.00671208038922
1.98531028432 0.563575222394 0.00741182333281
1.98778794824 0.574787848289 0.00752308876786
1.99026561215 0.590840297403 0.00724104724273
1.99274327607 0.578521414396 0.00746333627593
1.99522093998 0.58211714665 0.00750584096115
1.9976986039 0.627051023783 0.00747954236481
2.00017626782 0.61538541076 0.00716316325541
2.00265393173 0.62920593302 0.007429824328
2.00513159565 0.616427394306 0.00732653466205
2.00760925956 0.604113106368 0.0073085789211
2.01008692348 0.617417037137 0.00726671901239
2.0125645874 0.62641386495 0.00735929295065
2.01504225131 0.622608019299 0.0076822568566
2.01751991523 0.619254842003 0.0076840653043
2.01999757914 0.633512342106 0.00735100286612
2.02247524306 0.634677659934 0.00802040976428
2.02495290698 0.643073889831 0.00753733023002
2.02743057089 0.655376791412 0.00758452959227
2.02990823481 0.648591682396 0.00777095861208
2.03238589872 0.642848834199 0.00755077201276
2.03486356264 0.646831588797 0.00801604147891
2.03734122656 0.665173897826 0.00767047353547
2.03981889047 0.649538440719 0.00804424604616
2.04229655439 0.648092615693 0.00823540653498
2.0447742183 0.655635322224 0.0082823034319
2.04725188222 0.664676452867 0.0081242429604
2.04972954614 0.652070235859 0.00893363414907
2.05220721005 0.677596194217 0.00759138743126
2.05468487397 0.662600937025 0.00817696507498
2.05716253788 0.692461319645 0.00778002205476
2.0596402018 0.694113346715 0.00786483501488
2.06211786572 0.675180001366 0.00846908961776
2.06459552963 0.678547272112 0.00855627719473
2.06707319355 0.685037672349 0.00787527846733
2.06955085746 0.673938546822 0.00800815716311
2.07202852138 0.67695158969 0.00762618868939
2.0745061853 0.693123949392 0.00834497394134
2.07698384921 0.684813719614 0.00904735143319
2.07946151313 0.69382025903 0.00839563206406
2.08193917704 0.711086786554 0.00872807288446
2.08441684096 0.712235167404 0.00830863935004
2.08689450488 0.733455375221 0.00799361966897
2.08937216879 0.697649978246 0.00912643598879
2.09184983271 0.717906514796 0.00962415552095
2.09432749662 0.72328849528 0.00905322311905
2.09680516054 0.738249775132 0.00947775717021
2.09928282446 0.737072975428 0.00944578033248
2.10176048837 0.724102305095 0.00883336555816
2.10423815229 0.728675100235 0.00886674520495
2.1067158162 0.732971417913 0.00890584041511
2.10919348012 0.736886834618 0.00805703908619
2.11167114404 0.745242320789 0.00967297017533
2.11414880795 0.745683321003 0.00927156645269
2.11662647187 0.732799744028 0.0092875632734
2.11910413578 0.710311160661 0.00988151375084
2.1215817997 0.730561217436 0.00896397958042
2.12405946362 0.742820220081 0.00903202569398
2.12653712753 0.746448918681 0.00978888964774
2.12901479145 0.769894107964 0.00994908863892
2.13149245536 0.768353874277 0.00897328325516
2.13397011928 0.747149851346 0.0104111705026
2.1364477832 0.760395042755 0.00939451601369
2.13892544711 0.756355769667 0.00955118863364
2.14140311103 0.758919667588 0.0101408458124
2.14388077494 0.762517836235 0.0108697650616
2.14635843886 0.780081613977 0.00961017291611
2.14883610278 0.783539016258 0.0094343945417
2.15131376669 0.794037224805 0.00952473390035
2.15379143061 0.800139257422 0.0090183186571
2.15626909452 0.799164489046 0.00935650261272
2.15874675844 0.784833648076 0.0089875265559
2.16122442236 0.75642559723 0.00983944748131
2.16370208627 0.79272183931 0.00958500069473
2.16617975019 0.778818071635 0.00975686375633
2.1686574141 0.797907778988 0.00973513621812
2.17113507802 0.797690871113 0.00965140593551
2.17361274194 0.79765499317 0.0101314795055
2.17609040585 0.807089038221 0.0102415384079
2.17856806977 0.817198237219 0.0105085123291
2.18104573368 0.792608033191 0.0106138345269
2.1835233976 0.80916951467 0.00997828209547
2.18600106152 0.792488118249 0.0106213228258
2.18847872543 0.778317647112 0.0111480494168
2.19095638935 0.81500595589 0.00994672155837
2.19343405326 0.836586012843 0.0093253822618
2.19591171718 0.817942237286 0.0100061672187
2.1983893811 0.824727567993 0.00935039367022
2.20086704501 0.811131745058 0.0094042752426
2.20334470893 0.815625306686 0.0109379247999
2.20582237284 0.805948798115 0.0123044958187
2.20830003676 0.794067998326 0.0109039458948
2.21077770068 0.807099405405 0.0105374277756
2.21325536459 0.822106807024 0.0100436116535
2.21573302851 0.818790993715 0.0112636339958
2.21821069242 0.816101766912 0.0114514223314
2.22068835634 0.80557083611 0.0116278956927
2.22316602026 0.837003105709 0.010360686742
2.22564368417 0.870954056983 0.00861531083876
2.22812134809 0.838684817551 0.00933702717083
2.230599012 0.824553098249 0.0102664312007
2.23307667592 0.822694117417 0.0112873245033
2.23555433983 0.861242345449 0.00968966776351
2.23803200375 0.835932221269 0.0102762922923
2.24050966767 0.821044304475 0.010351958977
2.24298733158 0.845475281728 0.0112059820755
2.2454649955 0.844618327349 0.0107731022253
2.24794265941 0.876884030041 0.00875539829034
2.25042032333 0.866805159199 0.00956789974476
2.25289798725 0.856529132158 0.0102188211623
2.25537565116 0.855341098374 0.0107510768921
2.25785331508 0.862558003258 0.011028626748
2.26033097899 0.876222627488 0.00952478172305
2.26280864291 0.86073611611 0.0113601439284
2.26528630683 0.866435038608 0.0118914259444
2.26776397074 0.879448425492 0.00949178053058
2.27024163466 0.873010063131 0.0111226452873
2.27271929857 0.880815878632 0.0107197769454
2.27519696249 0.890717747794 0.0103482268499
2.27767462641 0.865861070111 0.0118468087029
2.28015229032 0.884821386948 0.0106439152269
2.28262995424 0.883579081403 0.0113034184549
2.28510761815 0.84198758196 0.0142812303048
2.28758528207 0.849982987733 0.0130554341996
2.29006294599 0.871205330144 0.0120654912052
2.2925406099 0.882197153483 0.0116427796035
2.29501827382 0.886759506404 0.0112589247907
2.29749593773 0.861552899735 0.0133291495469
2.29997360165 0.881206218456 0.0113085091223
2.30245126557 0.884909070432 0.00944645487495
2.30492892948 0.877270459549 0.0126595975978
2.3074065934 0.896416774562 0.0119420420327
2.30988425731 0.894997371683 0.0110190218603
2.31236192123 0.86730382701 0.0116776539649
2.31483958515 0.88930719528 0.0118126359142
2.31731724906 0.882224343399 0.0122730444336
2.31979491298 0.890253747577 0.0118093676708
2.32227257689 0.87684027534 0.0148030731003
2.32475024081 0.904842843672 0.0115370434018
2.32722790473 0.901014909492 0.0115667529396
2.32970556864 0.918162508302 0.00997942337597
2.33218323256 0.908674667099 0.0102089173749
2.33466089647 0.880909627561 0.0145207138018
2.33713856039 0.935141973337 0.008798958265
2.33961622431 0.932752603144 0.00969343486567
2.34209388822 0.90666659692 0.0118962069699
2.34457155214 0.895007379669 0.0151245618142
2.34704921605 0.916996890634 0.0123541433002
2.34952687997 0.924842647325 0.0128418361111
2.35200454389 0.914799137899 0.0125737663912
2.3544822078 0.887335360486 0.0147710142926
2.35695987172 0.87805744249 0.0155063909332
2.35943753563 0.861204174537 0.0166189567057
2.36191519955 0.918504771155 0.0113425949365
2.36439286347 0.896833992744 0.0148785452748
2.36687052738 0.919785392213 0.0123838279403
2.3693481913 0.924579573783 0.0123630059086
2.37182585521 0.930261516357 0.0109629472581
2.37430351913 0.958674174207 0.00682457730477
2.37678118305 0.929045887678 0.0122181110632
2.37925884696 0.921005213863 0.0110712954914
2.38173651088 0.938815443328 0.0109083480445
2.38421417479 0.925969913071 0.00981355202784
2.38669183871 0.941025226515 0.00846153726302
2.38916950263 0.921538676815 0.0112979395658
2.39164716654 0.953604340697 0.00859067062861
2.39412483046 0.936963235721 0.0106896063681
2.39660249437 0.942877033301 0.00956892398176
2.39908015829 0.942307744173 0.00942285635975
2.40155782221 0.921090759597 0.0128661083595
2.40403548612 0.929069144927 0.0128958544637
2.40651315004 0.952851607897 0.00921351217725
2.40899081395 0.932537197687 0.0133350116258
2.41146847787 0.919919461164 0.0121922459196
2.41394614179 0.939362386588 0.0110546983747
2.4164238057 0.934827721187 0.0128066798415
2.41890146962 0.951894909704 0.00863429534267
2.42137913353 0.927781016743 0.0129006204844
2.42385679745 0.917687947092 0.0140731646925
2.42633446137 0.881927730481 0.0199206238107
2.42881212528 0.893466649934 0.016381458097
2.4312897892 0.937822804435 0.0115134502278
2.43376745311 0.966373772589 0.00714598563946
2.43624511703 0.943855280089 0.0165823974283
2.43872278095 0.957639210037 0.0120580857978
2.44120044486 0.966053420651 0.0115046201102
2.44367810878 0.935549190986 0.0158453994425
2.44615577269 0.953921590466 0.0112190791673
2.44863343661 0.905519449159 0.0178737995014
2.45111110053 0.932232403516 0.0183329505409
2.45358876444 0.975691568832 0.00768131453409
2.45606642836 0.975033549421 0.0063170881995
2.45854409227 0.984201923204 0.00203689137273
2.46102175619 0.98084873424 0.00208256821824
2.46349942011 0.98177814907 0.00355749339084
2.46597708402 0.974502692196 0.00925917951024
2.46845474794 0.960113483487 0.011041708035
2.47093241185 0.961541549951 0.00730099928225
2.47341007577 0.964955304295 0.00802525550803
2.47588773968 0.979898986373 0.00348525619436
2.4783654036 0.974136645877 0.00653999792413
2.48084306752 0.968059281656 0.0109604774392
2.48332073143 0.955368260197 0.0122855550094
2.48579839535 0.961060161131 0.0118385343981
2.48827605926 0.967424887064 0.0122032889595
2.49075372318 0.976052597719 0.00600888873839
2.4932313871 0.954882450662 0.0166294223471
2.49570905101 0.973963707553 0.00754047027815
2.49818671493 0.976214723973 0.0106751622544
2.50066437884 0.976979949808 0.0077167766058
2.50314204276 0.986168018486 0.00239338738668
2.50561970668 0.968779931408 0.0178726902784
2.50809737059 0.978717105288 0.00763148673246
2.51057503451 0.945057225858 0.02457488057
2.51305269842 0.976041110877 0.00704486533074
2.51553036234 0.973498379249 0.00742150616754
2.51800802626 0.977535158937 0.00802943637134
2.52048569017 0.991140741749 0.00157165088973
2.52296335409 0.977233571637 0.0106355206337
2.525441018 0.982696966899 0.00267991387375
2.52791868192 0.982934729525 0.00424948337637
2.53039634584 0.983550196116 0.0024181328838
2.53287400975 0.98729899985 0.00393488748931
2.53535167367 0.985900918216 0.0045407902949
2.53782933758 0.972646175046 0.00753623089499
2.5403070015 0.980084048499 0.00648208630583
2.54278466542 0.982048118496 0.00781883516562
2.54526232933 0.990012015243 0.00401754908763
2.54773999325 0.969656158259 0.0127067130365
2.55021765716 0.960510164596 0.0158648308414
2.55269532108 0.96798672916 0.0124311983911
2.555172985 0.978181710931 0.00994103187044
2.55765064891 0.931001238121 0.0179379424805
2.56012831283 0.974638996161 0.00879631087437
2.56260597674 0.963746661571 0.0125282572013
2.56508364066 0.986438421519 0.00235667411992
2.56756130458 0.992434076724 0.00104129141839
2.57003896849 0.964881888986 0.0194325289129
2.57251663241 0.986636773815 0.00396632672162
2.57499429632 0.976798956876 0.0119626661181
2.57747196024 0.991215375647 0.000904052027654
2.57994962416 0.988401852683 0.00479375736961
2.58242728807 0.979249281926 0.00392804705914
2.58490495199 0.982588828052 0.00491716049355
2.5873826159 0.992595970201 0.00082962629772
2.58986027982 0.993085758745 0.000655165754062
2.59233794374 0.992464413658 0.00135624228851
2.59481560765 0.979939282745 0.00515113501992
2.59729327157 0.992902424516 0.00118451202408
2.59977093548 0.979449374014 0.00555661129472
2.6022485994 0.989335608512 0.00261584310649
2.60472626332 0.984353306042 0.00467560047976
2.60720392723 0.992267721904 0.00302369106606
2.60968159115 0.993107388094 0.000590364686671
2.61215925506 0.973123245093 0.0088570768425
2.61463691898 0.970847152088 0.012397348527
2.6171145829 0.994060545645 0.000530613788661
2.61959224681 0.951147454084 0.034328546537
2.62206991073 0.97268022094 0.0146620199287
2.62454757464 0.953959006883 0.0300637719693
2.62702523856 0.992262984042 0.00145342262699
2.62950290248 0.99118671464 0.00148112801253
2.63198056639 0.988302294672 0.00566468014687
2.63445823031 0.987824574873 0.00545837561282
2.63693589422 0.994930247472 0.00039315449979
2.63941355814 0.987192575791 0.00541741634345
2.64189122206 0.992499848135 0.000664087635663
2.64436888597 0.995102597819 0.000242305579491
2.64684654989 0.995119568243 0.000497628852653
2.6493242138 0.991524904655 0.00200585164184
2.65180187772 0.986819973613 0.00910405279254
2.65427954164 0.994375068514 0.000378581526001
2.65675720555 0.968009594798 0.0256340388952
2.65923486947 0.932624872785 0.036421927234
2.66171253338 0.984396252213 0.00737063690231
2.6641901973 0.940103224336 0.0424725309232
2.66666786122 0.977124207968 0.0104834852797
2.66914552513 0.995195416244 0.000199183703159
2.67162318905 0.953264727586 0.0217860842914
2.67410085296 0.991254616865 0.00225788522746
2.67657851688 0.990815734718 0.003370934988
2.6790561808 0.995382212461 0.000215229400557
2.68153384471 0.994714953306 0.000327187819195
2.68401150863 0.994497533396 0.000511528191818
2.68648917254 0.953463821678 0.0411651621465
2.68896683646 0.982749444164 0.00530028262507
2.69144450038 0.955195464462 0.0373700168882
2.69392216429 0.99615365635 0.000257495726881
2.69639982821 0.988863126059 0.00497480743472
2.69887749212 0.99429090588 0.000546619108243
2.70135515604 0.992491802696 0.003921303474
2.70383281995 0.993355528242 0.00152247866888
2.70631048387 0.989028509915 0.0045637310126
2.70878814779 0.995501799647 0.000434959648118
2.7112658117 0.995570306615 0.000162184532189
2.71374347562 0.995686323468 0.000457933554153
2.71622113953 0.995443696072 0.000394508743768
2.71869880345 0.995520181963 0.000350730603739
2.72117646737 0.995811103223 0.000325893072706
2.72365413128 0.995478065015 0.000310448491084
2.7261317952 0.99572762216 0.000206547596457
2.72860945911 0.993026925449 0.000450519986214
2.73108712303 0.996324283116 0.000213744729538
2.73356478695 0.986539980221 0.00484070199716
2.73604245086 0.992862517923 0.00288901455585
2.73852011478 0.990824420686 0.0051784644075
2.74099777869 0.99603251771 0.00019439055892
2.74347544261 0.988385503526 0.00265894243051
2.74595310653 0.995915973381 0.000237843335191
2.74843077044 0.971928251343 0.0152406317803
2.75090843436 0.995787516196 0.000778528328887
2.75338609827 0.995743853773 0.00018467274402
2.75586376219 0.995623955123 0.000386732057852
2.75834142611 0.9957184662 0.000158725877724
2.76081909002 0.996005151051 0.000297136636172
2.76329675394 0.99398876041 0.000877852437972
2.76577441785 0.996305958668 0.000152653597838
2.76825208177 0.995434540092 0.000400264062974
2.77072974569 0.99622325684 0.000128837871869
2.7732074096 0.996532880935 0.000237429701385
2.77568507352 0.995244423139 0.000427455250957
2.77816273743 0.989238594625 0.000686867996986
2.78064040135 0.996600597438 0.0
2.78311806527 0.996392625825 8.7688494413e-05
2.78559572918 0.996642214487 0.000138603397435
2.7880733931 0.995555652223 0.000504617561329
2.79055105701 0.995991066768 0.000585992867656
2.79302872093 0.995940546097 0.000188267103497
2.79550638485 0.996500610235 0.00012054569397
2.79798404876 0.996379919528 0.000145722851715
2.80046171268 0.996326691629 0.000140284899985
2.80293937659 0.99643143336 0.0004426837793
2.80541704051 0.995875021293 0.0
2.80789470443 0.996799223783 0.00017461168956
2.81037236834 0.996423330406 0.000377176710526
2.81285003226 0.996436156324 0.000362342351507
2.81532769617 0.988702513175 0.00289886944591
2.81780536009 0.99620053892 0.000317359642403
2.82276068792 0.995759100213 0.00027168257597
2.82523835184 0.995834729055 0.000202172744816
2.82771601575 0.981756778082 0.00360636236653
2.83019367967 0.99527128555 0.0012878681222
2.83267134359 0.996574831693 0.00020476919682
2.8351490075 0.996872186429 0.0
2.83762667142 0.996546861683 0.000345003727225
2.84258199925 0.996538980489 0.000168131636651
2.84505966317 0.996524126404 0.000289396492218
2.84753732708 0.996421869891 0.0
2.850014991 0.996720821358 0.000203781038161
2.85744798275 0.997106917545 1.06129382037e-05
2.85992564666 0.996591427647 0.000245632961616
2.86240331058 0.996521777548 0.000116602601985
2.86488097449 0.99630454572 0.000174772798526
2.86983630233 0.997155043505 0.000189862967222
2.87231396624 0.996546870404 0.000187395166439
2.87479163016 0.997622206572 0.0
2.87726929407 0.996810122681 0.0
2.88222462191 0.996874287519 0.000415134658152
2.88470228582 0.996388029655 0.0
2.88717994974 0.997412526976 0.0
2.88965761365 0.99644179284 0.000193448370956
2.89213527757 0.996743492296 0.00010801249026
2.8970906054 0.996798725007 0.000414988717888
2.89956826932 0.996982872823 0.000198446414625
2.90204593323 0.996879158508 0.000254346716336
2.90452359715 0.996788037662 9.9991289062e-05
2.90700126107 0.997619222202 0.0
2.90947892498 0.996945287936 0.0
2.91443425281 0.997068577015 0.0
2.91691191673 0.997096903288 0.000252544213677
2.91938958065 0.996827629083 0.0
2.92186724456 0.996874898963 0.000238842726087
2.92434490848 0.996704674122 0.0
2.92682257239 0.996802280198 0.000365820435866
2.93177790023 0.996847240559 1.85873306245e-05
2.94168855589 0.9967210235 0.000142686296019
2.9441662198 0.997024723961 0.000285270027426
2.96150986722 0.996762772004 0.0
2.96398753113 0.996856215248 0.000296997625335
2.96646519505 0.997040297583 0.000221092401274
2.9738981868 0.997713056957 0.0
2.97637585071 0.997292973871 0.000239107296825
2.98628650638 0.997555283723 0.0
2.98876417029 0.99665075601 0.0
2.99124183421 0.997018358094 0.000326866796167
2.99867482596 0.997325068259 0.000432614581838
3.00115248987 0.997403882234 0.0
3.00363015379 0.996983654221 0.000121157983087
3.00858548162 0.997741312922 0.0
3.01106314554 0.9970923816 0.000170086888189
3.01354080945 0.996819963645 0.0
3.03831744861 0.997198435915 0.000177337187321
3.04079511253 0.997340061173 0.000273841449278
3.05566109602 0.997581271852 0.000313255888394
3.05813875994 0.997324543081 1.93683800554e-05
3.08043773518 0.997416744485 6.0962072066e-05
3.0829153991 0.997253669698 5.42306392116e-05
3.12751334959 0.997321635996 9.64202488559e-05
3.14237933308 0.997417925276 0.000116067136541
3.14981232483 0.997414477734 0.00043335038102
3.1919326114 0.997816178412 0.000267476982806
3.19441027532 0.997623261044 0.0
3.22166457839 0.997952014986 0.0
3.22414224231 0.997656675533 0.0
3.29103916804 0.99780557504 0.0
