-0.000430305869074 0.0217830443022 0.0110583397788
0.00221708239278 0.0100652177015 0.00196306135527
0.00486447065463 0.009676608808 0.0013413664914
0.00751185891648 0.00726248313401 0.000676567453734
0.0101592471783 0.00842316638511 0.000731913151252
0.0128066354402 0.00688153467119 0.000602037354624
0.015454023702 0.00661682410194 0.000498006728808
0.0181014119639 0.00685787456515 0.000371446957289
0.0207488002257 0.00597838118098 0.000259851883778
0.0233961884876 0.00615186738599 0.000268114033016
0.0260435767494 0.00608709745521 0.000302749598282
0.0286909650113 0.00562803543683 0.000207830760142
0.0313383532731 0.00602544903976 0.000248407652871
0.033985741535 0.00573998390626 0.000243286122714
0.0366331297968 0.00576611148511 0.000209454567297
0.0392805180587 0.00538970451559 0.000199463784913
0.0419279063205 0.00531352827125 0.000185361380682
0.0445752945824 0.00526798725201 0.000164342266101
0.0472226828442 0.00517393623271 0.000156429128917
0.0498700711061 0.00508140497223 0.000129312676115
0.0525174593679 0.00499906250098 0.000117541272797
0.0551648476298 0.00501823436876 0.00011805029491
0.0578122358916 0.00510874082312 0.000146149648311
0.0604596241535 0.0051255424174 0.000132672190013
0.0631070124153 0.00500189932726 0.000123282975638
0.0657544006772 0.00494046180661 0.000112458082079
0.0684017889391 0.00501050221972 0.000124344581717
0.0710491772009 0.00506972021134 0.000105764721324
0.0736965654628 0.00486363697187 9.56119275066e-05
0.0763439537246 0.00479712072167 9.68591931015e-05
0.0789913419865 0.00485792743886 9.24530862169e-05
0.0816387302483 0.004829900194 0.000103566973492
0.0842861185102 0.00485045985627 9.26525295124e-05
0.086933506772 0.00473613746814 8.9983130752e-05
0.0895808950339 0.0048576136935 8.95819759864e-05
0.0922282832957 0.00477013446798 8.44372860624e-05
0.0948756715576 0.00489364362684 8.59034004427e-05
0.0975230598194 0.00480136640989 8.14232769764e-05
0.100170448081 0.00481856110798 7.54356710169e-05
0.102817836343 0.0047496892196 7.44969606099e-05
0.105465224605 0.00471498419725 7.6457806465e-05
0.108112612867 0.00475239548006 6.52773983504e-05
0.110760001129 0.00486656018935 6.73073837529e-05
0.113407389391 0.00477962658656 7.15109043686e-05
0.116054777652 0.00489926305209 6.73649337603e-05
0.118702165914 0.00493270234262 7.45694650226e-05
0.121349554176 0.00489561061132 6.32096267842e-05
0.123996942438 0.00480511030068 5.95656891545e-05
0.1266443307 0.00492282709389 6.95278746611e-05
0.129291718962 0.0049221563817 6.15868873723e-05
0.131939107223 0.00492683154957 6.46571772366e-05
0.134586495485 0.00495778034695 6.22788278804e-05
0.137233883747 0.00494337866861 5.56363894928e-05
0.139881272009 0.00491212184057 5.84955430093e-05
0.142528660271 0.0050353357679 6.31342595873e-05
0.145176048533 0.00495086804936 5.85949472944e-05
0.147823436795 0.00499511776588 5.72654056653e-05
0.150470825056 0.00509697372227 5.56700037815e-05
0.153118213318 0.00510350781294 6.04197770516e-05
0.15576560158 0.00523223074595 6.03644714274e-05
0.158412989842 0.00522587159793 5.60805163987e-05
0.161060378104 0.00522002256908 5.7314611892e-05
0.163707766366 0.00530593698001 5.79642078434e-05
0.166355154628 0.00520239088787 5.30687008258e-05
0.169002542889 0.00541306689237 6.10014861005e-05
0.171649931151 0.00538457281365 5.48201870574e-05
0.174297319413 0.00540020339177 5.49448777793e-05
0.176944707675 0.00555372052599 5.8759299178e-05
0.179592095937 0.00551335364518 5.43443212995e-05
0.182239484199 0.00558925072612 5.73767436208e-05
0.18488687246 0.0056754458401 5.60531775824e-05
0.187534260722 0.00583349158188 6.05384622219e-05
0.190181648984 0.00578931873967 5.78175331472e-05
0.192829037246 0.00589137735079 5.97048321305e-05
0.195476425508 0.00586364034989 5.74821042934e-05
0.19812381377 0.00598852175023 5.92507052004e-05
0.200771202032 0.00611568945856 6.14237764877e-05
0.203418590293 0.00611105825421 5.6497934476e-05
0.206065978555 0.00614119855179 5.3056420775e-05
0.208713366817 0.00629753800653 5.74244604626e-05
0.211360755079 0.00637937580409 5.65917131237e-05
0.214008143341 0.00656160918201 6.14216870597e-05
0.216655531603 0.00662935729058 6.49081364429e-05
0.219302919865 0.00680952444532 6.43843244051e-05
0.221950308126 0.00682306245926 6.26264490448e-05
0.224597696388 0.0068917172655 6.05793447166e-05
0.22724508465 0.00714365493588 6.70104740627e-05
0.229892472912 0.00726454374961 6.67094954993e-05
0.232539861174 0.00754501229643 6.84335643983e-05
0.235187249436 0.00753303656805 6.3704004248e-05
0.237834637698 0.00778885240808 7.08334098841e-05
0.240482025959 0.00788183014945 7.062181191e-05
0.243129414221 0.00793045993203 6.60543667228e-05
0.245776802483 0.0081739073784 6.68380037634e-05
0.248424190745 0.00846696940128 7.18102131554e-05
0.251071579007 0.00863408637245 7.47146932671e-05
0.253718967269 0.00885886989362 7.36779059909e-05
0.25636635553 0.00920165233373 7.84533848807e-05
0.259013743792 0.00929552102588 7.84813809146e-05
0.261661132054 0.00949067278491 7.78049965204e-05
0.264308520316 0.00985977121501 8.1696067405e-05
0.266955908578 0.0100985315394 8.11754275091e-05
0.26960329684 0.0104252089266 8.23737598497e-05
0.272250685102 0.0106380070852 8.11387984962e-05
0.274898073363 0.0110322070283 8.64338395612e-05
0.277545461625 0.0114231564294 9.02521392596e-05
0.280192849887 0.0116288787092 9.02585658041e-05
0.282840238149 0.0117645335773 8.45595919003e-05
0.285487626411 0.0123063182898 9.15955948504e-05
0.288135014673 0.0126662335725 9.54206698299e-05
0.290782402935 0.0128177564949 9.18086489322e-05
0.293429791196 0.013146529139 9.72896906119e-05
0.296077179458 0.0136640806478 9.92980118473e-05
0.29872456772 0.0140137428991 9.68111800607e-05
0.301371955982 0.0140903011028 9.53761756905e-05
0.304019344244 0.0143933129652 0.000101438814216
0.306666732506 0.0147805805207 9.84903156678e-05
0.309314120767 0.0150308823638 0.000100365366307
0.311961509029 0.0153798664256 0.000100467861
0.314608897291 0.0154643218941 0.000101870727769
0.317256285553 0.0159323385019 0.000101463983109
0.319903673815 0.0161570334351 0.000104891581141
0.322551062077 0.016211368417 9.71199789205e-05
0.325198450339 0.0166621437255 9.76600686802e-05
0.3278458386 0.0166579335449 0.000103761761829
0.330493226862 0.0166899988145 9.93159880202e-05
0.333140615124 0.0168850286968 0.000101195198441
0.335788003386 0.0170397690468 9.58377322882e-05
0.338435391648 0.016906128313 9.57941866557e-05
0.34108277991 0.0172451332638 9.75499213483e-05
0.343730168172 0.0172081015108 9.32585521287e-05
0.346377556433 0.0172199860784 9.8156574248e-05
0.349024944695 0.0173046398324 9.41048772387e-05
0.351672332957 0.0174441540088 9.3449632148e-05
0.354319721219 0.017456815981 9.26016331873e-05
0.356967109481 0.0175240110557 9.18266440548e-05
0.359614497743 0.0174731220773 8.64470499091e-05
0.362261886005 0.01752533209 8.57584023948e-05
0.364909274266 0.0175702306099 8.57214462203e-05
0.367556662528 0.0174590535056 8.80597733555e-05
0.37020405079 0.0175196836265 8.50931937714e-05
0.372851439052 0.0174932891109 8.69313135096e-05
0.375498827314 0.0172732486829 7.96402851569e-05
0.378146215576 0.0174608748024 8.48343771617e-05
0.380793603837 0.0172213270605 7.98037360355e-05
0.383440992099 0.0172905709717 7.9710178513e-05
0.386088380361 0.0173630265043 7.98268444201e-05
0.388735768623 0.017263566955 7.97830329049e-05
0.391383156885 0.0170658825339 7.66806022915e-05
0.394030545147 0.0171748097989 7.23498327435e-05
0.396677933409 0.0171211709326 7.39915134858e-05
0.39932532167 0.0169561197869 7.20595749417e-05
0.401972709932 0.0170212389013 7.02752092982e-05
0.404620098194 0.0171211958252 6.97005884669e-05
0.407267486456 0.0171042864678 6.77601595941e-05
0.409914874718 0.0169359797148 6.83246880524e-05
0.41256226298 0.0170051192715 6.92572452567e-05
0.415209651242 0.0168321786447 6.80743881526e-05
0.417857039503 0.0166986318101 6.47367428449e-05
0.420504427765 0.0166263138515 6.36530280118e-05
0.423151816027 0.0166391840635 6.32519339969e-05
0.425799204289 0.0164139424219 6.04549598094e-05
0.428446592551 0.0164938878949 6.16424086919e-05
0.431093980813 0.0164846188258 6.22306491378e-05
0.433741369074 0.0162710861262 5.89568309088e-05
0.436388757336 0.0162487182614 5.60804194727e-05
0.439036145598 0.0161883711571 5.75150201862e-05
0.44168353386 0.0161027888901 5.6739063358e-05
0.444330922122 0.0161338269189 5.88314318894e-05
0.446978310384 0.0159181757397 5.37687687547e-05
0.449625698646 0.0158590798589 5.43916665428e-05
0.452273086907 0.0158550074662 5.34323349314e-05
0.454920475169 0.015648334859 5.24724333321e-05
0.457567863431 0.0155774779737 5.281353672e-05
0.460215251693 0.0154572206789 5.14558098203e-05
0.462862639955 0.0154516499435 4.98466564798e-05
0.465510028217 0.0153616406614 4.98426570877e-05
0.468157416479 0.0153468575902 4.99358769242e-05
0.47080480474 0.0153960865722 4.94316193877e-05
0.473452193002 0.0152785346101 4.90094278384e-05
0.476099581264 0.015239146936 4.82761413581e-05
0.478746969526 0.0152087628576 4.70913122937e-05
0.481394357788 0.0152044190109 4.75532704844e-05
0.48404174605 0.0150861414802 4.77023193494e-05
0.486689134312 0.015146361088 4.73077764771e-05
0.489336522573 0.0149673233876 4.49061919865e-05
0.491983910835 0.0149393508272 4.40498735553e-05
0.494631299097 0.0149043995091 4.45374130335e-05
0.497278687359 0.0148462904465 4.27729890572e-05
0.499926075621 0.014872802404 4.44429211349e-05
0.502573463883 0.0147738566566 4.27170587036e-05
0.505220852144 0.0146831499139 4.21742492063e-05
0.507868240406 0.0146700061921 4.16986990443e-05
0.510515628668 0.0145838385891 4.1206423248e-05
0.51316301693 0.0144874077935 4.07986852105e-05
0.515810405192 0.0144214921285 4.11111981755e-05
0.518457793454 0.0144150608433 4.06802081069e-05
0.521105181716 0.0143665755988 4.0167761864e-05
0.523752569977 0.014339474736 4.01417733276e-05
0.526399958239 0.0142328045389 3.8283258453e-05
0.529047346501 0.0141860575531 3.80801919221e-05
0.531694734763 0.0141873191841 3.76836612201e-05
0.534342123025 0.0141117398768 3.73734324397e-05
0.536989511287 0.0140764728266 3.72714750619e-05
0.539636899549 0.0140848881882 3.81106360869e-05
0.54228428781 0.0140233030947 3.67135910721e-05
0.544931676072 0.0140209880113 3.66384847451e-05
0.547579064334 0.013919254223 3.59532583107e-05
0.550226452596 0.0139219625911 3.64710917379e-05
0.552873840858 0.0137993521769 3.46281772772e-05
0.55552122912 0.0138316070264 3.59010828791e-05
0.558168617381 0.0137876905831 3.44994224425e-05
0.560816005643 0.0136963354018 3.45368588256e-05
0.563463393905 0.0136474192575 3.37295201584e-05
0.566110782167 0.0136314684326 3.40067340037e-05
0.568758170429 0.0135701914539 3.33880522726e-05
0.571405558691 0.0135360531056 3.3396313563e-05
0.574052946953 0.0134917763921 3.28831572647e-05
0.576700335214 0.0134612212528 3.28643333078e-05
0.579347723476 0.0134208406101 3.17940788355e-05
0.581995111738 0.0133277440626 3.18406806981e-05
0.5846425 0.0133956095941 3.23218088146e-05
0.587289888262 0.0133379963692 3.15366680787e-05
0.589937276524 0.0133560887349 3.18762168018e-05
0.592584664786 0.0133112678704 3.17653648084e-05
0.595232053047 0.0133377641965 3.15841643397e-05
0.597879441309 0.0132648964046 3.14909514739e-05
0.600526829571 0.01323435356 3.10581006836e-05
0.603174217833 0.0132206110076 3.1669827068e-05
0.605821606095 0.0132051537324 2.99310419179e-05
0.608468994357 0.0131562402414 3.01326649194e-05
0.611116382619 0.0130731624433 2.94137445238e-05
0.61376377088 0.0130671602041 2.98399581753e-05
0.616411159142 0.0130157051795 2.95208749857e-05
0.619058547404 0.0130457606756 2.96972880861e-05
0.621705935666 0.0129642775018 2.85779756676e-05
0.624353323928 0.0129524156658 2.85689254191e-05
0.62700071219 0.0128956934494 2.79391270034e-05
0.629648100451 0.0129167557241 2.91165076608e-05
0.632295488713 0.0129328310982 2.85801798544e-05
0.634942876975 0.0129549624487 2.81660385785e-05
0.637590265237 0.0128779132307 2.79019170052e-05
0.640237653499 0.0128994944222 2.76395242829e-05
0.642885041761 0.0128241058112 2.75406214653e-05
0.645532430023 0.0128376347745 2.72661684244e-05
0.648179818284 0.0127206480918 2.64180157342e-05
0.650827206546 0.0127494748637 2.6756021538e-05
0.653474594808 0.0127042400215 2.709679095e-05
0.65612198307 0.0126892756637 2.6748871362e-05
0.658769371332 0.0127189869716 2.71246708114e-05
0.661416759594 0.0126846058187 2.66599396051e-05
0.664064147856 0.0127370744396 2.67064639769e-05
0.666711536117 0.0126665540406 2.60222659343e-05
0.669358924379 0.0127045245137 2.62184005537e-05
0.672006312641 0.0126147379234 2.61088552473e-05
0.674653700903 0.0125865432499 2.59772607482e-05
0.677301089165 0.0126102502499 2.59014994704e-05
0.679948477427 0.0125806292 2.56007170163e-05
0.682595865688 0.0125756730056 2.61336513118e-05
0.68524325395 0.0126444443474 2.57307616979e-05
0.687890642212 0.0125832296813 2.5727211174e-05
0.690538030474 0.012576861776 2.4945685663e-05
0.693185418736 0.0125229448803 2.52501896951e-05
0.695832806998 0.0125283542004 2.52053624359e-05
0.69848019526 0.0124824863233 2.47126183192e-05
0.701127583521 0.0125203342583 2.45949023224e-05
0.703774971783 0.0125335976462 2.50473327863e-05
0.706422360045 0.0124937558399 2.48162342441e-05
0.709069748307 0.0125267679616 2.49101003583e-05
0.711717136569 0.0125003823815 2.47202037193e-05
0.714364524831 0.012525931535 2.4759601844e-05
0.717011913093 0.0125184989359 2.40522362187e-05
0.719659301354 0.0125208978648 2.45815269767e-05
0.722306689616 0.0125288970563 2.43534215203e-05
0.724954077878 0.0124783112112 2.46496964101e-05
0.72760146614 0.012452616861 2.4660880635e-05
0.730248854402 0.0124817437599 2.42547646138e-05
0.732896242664 0.0124433258982 2.41980751657e-05
0.735543630926 0.0124899896199 2.41375189563e-05
0.738191019187 0.0124613621404 2.41922945534e-05
0.740838407449 0.0125144699808 2.47789590036e-05
0.743485795711 0.0125290729526 2.47353707783e-05
0.746133183973 0.0124937515711 2.41577725121e-05
0.748780572235 0.0124956870509 2.44474573865e-05
0.751427960497 0.0125369269404 2.47157350249e-05
0.754075348758 0.0124845567759 2.38444861732e-05
0.75672273702 0.0125077936492 2.41854886152e-05
0.759370125282 0.0125399159032 2.4015868126e-05
0.762017513544 0.0125260107094 2.34392959162e-05
0.764664901806 0.0125416935796 2.3809114417e-05
0.767312290068 0.0125509528765 2.41747149562e-05
0.76995967833 0.0126079969959 2.36718088864e-05
0.772607066591 0.0125600878826 2.42156996634e-05
0.775254454853 0.0125983134761 2.33222469008e-05
0.777901843115 0.0126806834082 2.42279725643e-05
0.780549231377 0.0126217566429 2.34827516842e-05
0.783196619639 0.0126430020443 2.35217195176e-05
0.785844007901 0.012612432962 2.32994957962e-05
0.788491396163 0.0126191715482 2.41335668978e-05
0.791138784424 0.0126316226888 2.37346762751e-05
0.793786172686 0.0126889094813 2.412556123e-05
0.796433560948 0.0126467191654 2.35725259781e-05
0.79908094921 0.0126728677537 2.38041828991e-05
0.801728337472 0.0126346991504 2.3895865469e-05
0.804375725734 0.0126563717634 2.3819313938e-05
0.807023113995 0.0126520209653 2.3661063516e-05
0.809670502257 0.0127322546228 2.37920121245e-05
0.812317890519 0.0127769422141 2.35221445488e-05
0.814965278781 0.0127362336781 2.3546766728e-05
0.817612667043 0.012730107818 2.40439488095e-05
0.820260055305 0.0127137656866 2.33630243042e-05
0.822907443567 0.0127842988006 2.37878587743e-05
0.825554831828 0.0128285364497 2.41478771908e-05
0.82820222009 0.0128508730995 2.44460509995e-05
0.830849608352 0.0129290722471 2.43326610756e-05
0.833496996614 0.0128908324773 2.40749357898e-05
0.836144384876 0.0129348955161 2.43789678924e-05
0.838791773138 0.0129713363928 2.4445507914e-05
0.8414391614 0.013041217968 2.46614207087e-05
0.844086549661 0.0130022364251 2.43147905995e-05
0.846733937923 0.0130289882663 2.43733123207e-05
0.849381326185 0.0130121722134 2.46144560981e-05
0.852028714447 0.0130544519911 2.43721949609e-05
0.854676102709 0.0131256364579 2.46543501777e-05
0.857323490971 0.0131417704645 2.42913141987e-05
0.859970879233 0.0131712139738 2.40568631304e-05
0.862618267494 0.0132050412628 2.42043071934e-05
0.865265655756 0.0132389738884 2.46386725143e-05
0.867913044018 0.0132309553476 2.47699360492e-05
0.87056043228 0.0132220642786 2.42812560076e-05
0.873207820542 0.0132872184105 2.51599350426e-05
0.875855208804 0.0132802392766 2.47197538067e-05
0.878502597065 0.0133462664592 2.50910301977e-05
0.881149985327 0.0133713987899 2.4878716756e-05
0.883797373589 0.013410251847 2.59292494608e-05
0.886444761851 0.0134442533471 2.51849724795e-05
0.889092150113 0.0134981815592 2.55746693097e-05
0.891739538375 0.0135702638381 2.54517285611e-05
0.894386926637 0.0136022832876 2.54354510165e-05
0.897034314898 0.0136564054691 2.55128448374e-05
0.89968170316 0.013635248028 2.56929184175e-05
0.902329091422 0.0136186854341 2.60433401283e-05
0.904976479684 0.0136131008356 2.58224101233e-05
0.907623867946 0.013653109431 2.57135872606e-05
0.910271256208 0.0137564670357 2.56064783968e-05
0.91291864447 0.0137926407741 2.62075163883e-05
0.915566032731 0.0138279243518 2.59168880142e-05
0.918213420993 0.0139287291999 2.61529520723e-05
0.920860809255 0.013949828046 2.64454706698e-05
0.923508197517 0.0139535614629 2.67737873614e-05
0.926155585779 0.0140170815721 2.71201139574e-05
0.928802974041 0.0140224327642 2.66801186494e-05
0.931450362302 0.0140312640625 2.67283216265e-05
0.934097750564 0.0141231920937 2.72248517502e-05
0.936745138826 0.014198001279 2.70180651321e-05
0.939392527088 0.0142140190574 2.72571784294e-05
0.94203991535 0.0142512618569 2.70085648328e-05
0.944687303612 0.0143369950127 2.78018570174e-05
0.947334691874 0.0143256118821 2.69217754975e-05
0.949982080135 0.0144384225018 2.82722651188e-05
0.952629468397 0.0144778604301 2.81203610839e-05
0.955276856659 0.0145041448614 2.78095968719e-05
0.957924244921 0.0146404259774 2.8172001009e-05
0.960571633183 0.0147297578214 2.90080776599e-05
0.963219021445 0.0147464999613 2.91776419376e-05
0.965866409707 0.0147490850473 2.92253657867e-05
0.968513797968 0.0146903739497 2.89288364024e-05
0.97116118623 0.0147502691802 2.95520859049e-05
0.973808574492 0.01481218459 2.92056791669e-05
0.976455962754 0.0149800566524 2.96200241271e-05
0.979103351016 0.0150669200246 3.00839814601e-05
0.981750739278 0.0150663085666 2.94499172597e-05
0.98439812754 0.0150920449875 3.00706011561e-05
0.987045515801 0.015141368145 3.03210710103e-05
0.989692904063 0.0151076357001 2.99958182072e-05
0.992340292325 0.0151805861884 3.03462370419e-05
0.994987680587 0.0152087938824 2.97080578351e-05
0.997635068849 0.0153102815337 3.05303607248e-05
1.00028245711 0.0154344827507 3.12972225364e-05
1.00292984537 0.0155347237042 3.1259806943e-05
1.00557723363 0.0155714639735 3.10938713934e-05
1.0082246219 0.0156467082599 3.14547729908e-05
1.01087201016 0.0156807462729 3.19248612272e-05
1.01351939842 0.0157631390714 3.10338555463e-05
1.01616678668 0.0158715564991 3.22231162695e-05
1.01881417494 0.0160071628215 3.23681912348e-05
1.02146156321 0.0160350348641 3.22498819406e-05
1.02410895147 0.016093879823 3.29458918287e-05
1.02675633973 0.0160705251936 3.31684527675e-05
1.02940372799 0.0162066151656 3.34098275254e-05
1.03205111625 0.0162257958448 3.35751770284e-05
1.03469850451 0.0163035890911 3.39994064313e-05
1.03734589278 0.0163892651829 3.44300342905e-05
1.03999328104 0.0163528392706 3.40423644744e-05
1.0426406693 0.0164854764758 3.41407939132e-05
1.04528805756 0.0165565952625 3.42425077507e-05
1.04793544582 0.0166401486653 3.4950367841e-05
1.05058283409 0.0166734570391 3.42333418077e-05
1.05323022235 0.0168666432871 3.53912752086e-05
1.05587761061 0.0169800393353 3.64020722125e-05
1.05852499887 0.0170277089598 3.60963629084e-05
1.06117238713 0.017088110741 3.65024597844e-05
1.0638197754 0.0171887728184 3.65943711166e-05
1.06646716366 0.0172827328359 3.74534558168e-05
1.06911455192 0.017376498883 3.7293488779e-05
1.07176194018 0.0174359984225 3.70728610844e-05
1.07440932844 0.017561357804 3.82392058391e-05
1.0770567167 0.0175143231883 3.75193795447e-05
1.07970410497 0.0176433901989 3.74078021435e-05
1.08235149323 0.017731103673 3.79002389253e-05
1.08499888149 0.0178827020142 3.93361133169e-05
1.08764626975 0.0179314232111 3.90556758289e-05
1.09029365801 0.0180809882039 3.93169340988e-05
1.09294104628 0.0183299596853 3.97434616556e-05
1.09558843454 0.0183511064556 4.08545212541e-05
1.0982358228 0.0184445195543 4.1366674344e-05
1.10088321106 0.0183997769122 4.06000672678e-05
1.10353059932 0.0186141202307 4.18031195975e-05
1.10617798758 0.0187035937354 4.08432712836e-05
1.10882537585 0.0188367207055 4.18787737969e-05
1.11147276411 0.018990981951 4.38709901793e-05
1.11412015237 0.0190576504166 4.41021353612e-05
1.11676754063 0.0190905610674 4.37567653168e-05
1.11941492889 0.0192104269211 4.37410220695e-05
1.12206231716 0.019406171261 4.41357414567e-05
1.12470970542 0.0195425318055 4.53626721716e-05
1.12735709368 0.0196451154814 4.54304450304e-05
1.13000448194 0.0197780321923 4.57315594337e-05
1.1326518702 0.0199447779929 4.64945573029e-05
1.13529925847 0.0200933506863 4.70079624231e-05
1.13794664673 0.0202054288208 4.81499859532e-05
1.14059403499 0.0203183719591 4.75046727596e-05
1.14324142325 0.0204482335765 4.9493220454e-05
1.14588881151 0.0204944681293 4.95550378534e-05
1.14853619977 0.020592040745 5.05451075809e-05
1.15118358804 0.0207169589754 5.05197997883e-05
1.1538309763 0.0208480108498 5.16148004352e-05
1.15647836456 0.0208175710537 5.10910676293e-05
1.15912575282 0.0208441088004 5.08578725075e-05
1.16177314108 0.0209759816274 5.10908591956e-05
1.16442052935 0.0213319274316 5.06737305695e-05
1.16706791761 0.0214564761913 5.21199592088e-05
1.16971530587 0.0215064514179 5.34471798617e-05
1.17236269413 0.021661613141 5.39270014375e-05
1.17501008239 0.0219019507501 5.63153046481e-05
1.17765747065 0.0219507685352 5.53605681435e-05
1.18030485892 0.0222039794686 5.56826526755e-05
1.18295224718 0.0223769503816 5.80189889375e-05
1.18559963544 0.0224681223858 5.83491024225e-05
1.1882470237 0.0225253055881 5.90079012693e-05
1.19089441196 0.0225264222566 5.75722434496e-05
1.19354180023 0.0228048564189 5.83585590991e-05
1.19618918849 0.0228966574891 5.95113398963e-05
1.19883657675 0.0230011406842 5.82942017036e-05
1.20148396501 0.023232034802 5.96248378128e-05
1.20413135327 0.0232743594203 6.00861960997e-05
1.20677874153 0.0235335115695 6.28076947611e-05
1.2094261298 0.0237476740199 6.35904540808e-05
1.21207351806 0.0239419086677 6.27618294116e-05
1.21472090632 0.024217582256 6.64724110399e-05
1.21736829458 0.0243888372063 6.73862740105e-05
1.22001568284 0.02450915002 6.88561808782e-05
1.22266307111 0.0245689570996 7.02658923966e-05
1.22531045937 0.024552141308 6.8861416325e-05
1.22795784763 0.0247632942029 6.87424208494e-05
1.23060523589 0.0249455756632 6.91422575003e-05
1.23325262415 0.024945713076 6.86106964764e-05
1.23590001242 0.0252553374038 6.88311270933e-05
1.23854740068 0.0257224254393 7.22993847038e-05
1.24119478894 0.0256985634327 7.11315003562e-05
1.2438421772 0.0260073301805 7.45855548059e-05
1.24648956546 0.026263662639 7.38715846311e-05
1.24913695372 0.0267619546793 7.86284433101e-05
1.25178434199 0.0267899711772 7.78061013189e-05
1.25443173025 0.0270196944917 7.97787865907e-05
1.25707911851 0.0272356791316 8.05049421483e-05
1.25972650677 0.0273041212661 7.96266511712e-05
1.26237389503 0.0274820328484 8.08713808391e-05
1.2650212833 0.0278275509796 8.25446194535e-05
1.26766867156 0.0279303490853 8.49638269893e-05
1.27031605982 0.0282049658 8.43736397041e-05
1.27296344808 0.0282944285776 8.74307401845e-05
1.27561083634 0.0286350578165 8.97476855894e-05
1.2782582246 0.0288848138017 8.98931185711e-05
1.28090561287 0.029055002037 9.05203449708e-05
1.28355300113 0.0293828545585 8.83048649177e-05
1.28620038939 0.0296395187512 9.23349650754e-05
1.28884777765 0.0298105033605 9.14025657358e-05
1.29149516591 0.030118922793 9.51100021798e-05
1.29414255418 0.0303637106009 9.70506717205e-05
1.29678994244 0.0305647953981 9.68360267483e-05
1.2994373307 0.0307590911231 9.72677498653e-05
1.30208471896 0.031013378399 0.000102630423199
1.30473210722 0.0312342327279 0.000100900762838
1.30737949549 0.0314523338937 0.000101567974161
1.31002688375 0.0316146406256 0.000102010522105
1.31267427201 0.0318964564211 0.000102969512142
1.31532166027 0.0320497305976 0.00010239590572
1.31796904853 0.0320644341376 0.000102728972303
1.32061643679 0.0325941696219 0.00010698950914
1.32326382506 0.0331234929219 0.000111747570513
1.32591121332 0.0334913996392 0.000113876272636
1.32855860158 0.0335307447534 0.000114684806945
1.33120598984 0.0339080081886 0.000113352882445
1.3338533781 0.034543348508 0.000125727605634
1.33650076637 0.0347746932458 0.000124808335438
1.33914815463 0.0347279607289 0.000122500547293
1.34179554289 0.0352376604387 0.000121826460336
1.34444293115 0.0352673403644 0.000121866614179
1.34709031941 0.0357026809053 0.0001272138752
1.34973770767 0.0358649838044 0.000124234637462
1.35238509594 0.036336188357 0.000133733514738
1.3550324842 0.0367154933175 0.000135601385122
1.35767987246 0.0371875764622 0.000137542694631
1.36032726072 0.0370996995209 0.00014253431735
1.36297464898 0.0379841841605 0.000147370452825
1.36562203725 0.0381159841589 0.000149517619525
1.36826942551 0.0383427702498 0.000146525465772
1.37091681377 0.0388107594587 0.000151726288634
1.37356420203 0.0394166910373 0.000154624235585
1.37621159029 0.0397775247804 0.000149234074362
1.37885897856 0.0399523623323 0.000153049709696
1.38150636682 0.0406825843742 0.000160587917778
1.38415375508 0.040554181202 0.000159896272021
1.38680114334 0.0409836986283 0.000165477538223
1.3894485316 0.0413829530578 0.000164649425703
1.39209591986 0.0420370155385 0.000167746686116
1.39474330813 0.0421342750584 0.000170721972453
1.39739069639 0.0426831253798 0.000174915791646
1.40003808465 0.0429219301366 0.000176736744187
1.40268547291 0.0429060625837 0.000174606065347
1.40533286117 0.0433077039487 0.00017453314539
1.40798024944 0.0439938860479 0.00018438510178
1.4106276377 0.044126596825 0.000180630132766
1.41327502596 0.0451546070188 0.000191468072797
1.41592241422 0.045162449842 0.000191911755509
1.41856980248 0.0453295912307 0.000192082508097
1.42121719074 0.0458646058898 0.000189666302581
1.42386457901 0.0466725017646 0.000203497523615
1.42651196727 0.0472730087585 0.000218660945942
1.42915935553 0.0478447722594 0.000220355045779
1.43180674379 0.0475158670578 0.000210886927784
1.43445413205 0.0483046808881 0.000217198768105
1.43710152032 0.0490058206082 0.000223541258083
1.43974890858 0.0493175918126 0.0002320150516
1.44239629684 0.0499349947944 0.00024128534355
1.4450436851 0.0500248296548 0.000241603339074
1.44769107336 0.0508441505501 0.000244936522309
1.45033846163 0.051658561343 0.000243203376311
1.45298584989 0.051990413998 0.000250166382459
1.45563323815 0.0534637955339 0.000259804979872
1.45828062641 0.0537411953469 0.000258803471675
1.46092801467 0.0537260403784 0.00026614354496
1.46357540293 0.0543410598785 0.00027208713189
1.4662227912 0.0545980972948 0.00026707910091
1.46887017946 0.055002287423 0.00026657317445
1.47151756772 0.055695505259 0.00027115447218
1.47416495598 0.0559063860832 0.000274117644631
1.47681234424 0.0568024191922 0.000288486417295
1.47945973251 0.0573475915956 0.000296609835342
1.48210712077 0.0584436750633 0.000300167990029
1.48475450903 0.0588176724879 0.000300727066952
1.48740189729 0.0597934749888 0.000318009966239
1.49004928555 0.0608216311138 0.000316841724439
1.49269667381 0.0613607588044 0.000329279474467
1.49534406208 0.0621348783624 0.000326785270078
1.49799145034 0.062427445881 0.000340154473949
1.5006388386 0.0631084295113 0.000336535316322
1.50328622686 0.063728136034 0.00034839826298
1.50593361512 0.0646777280625 0.000366986325943
1.50858100339 0.0650103735621 0.000366897274702
1.51122839165 0.0653817984232 0.000376744437861
1.51387577991 0.0658161883409 0.000366005214827
1.51652316817 0.067014508515 0.000377923481338
1.51917055643 0.0680689178569 0.000388608208482
1.5218179447 0.0690594133136 0.000394126945007
1.52446533296 0.0698326373531 0.000421304429681
1.52711272122 0.0706393863744 0.000414109161687
1.52976010948 0.0706199958605 0.000385860971511
1.53240749774 0.0721624183629 0.000424259993368
1.535054886 0.0736645732354 0.00044361188002
1.53770227427 0.0743217687092 0.000431833723119
1.54034966253 0.0759792056299 0.000464882469723
1.54299705079 0.0756416646158 0.000482008488209
1.54564443905 0.0763680590159 0.000462023293586
1.54829182731 0.0758788119068 0.000469580410037
1.55093921558 0.0767926258882 0.000468980333682
1.55358660384 0.0769095589336 0.000444708127432
1.5562339921 0.0787787483668 0.000488009088904
1.55888138036 0.079679192984 0.000497641593391
1.56152876862 0.0806972674348 0.0005294124289
1.56417615688 0.0814491665196 0.000519187648553
1.56682354515 0.0829509117787 0.000548407781184
1.56947093341 0.0830675034044 0.000553949050971
1.57211832167 0.0836238664632 0.000559377485827
1.57476570993 0.0849704156421 0.000579310928165
1.57741309819 0.0855834211282 0.000595983534824
1.58006048646 0.0872741492917 0.000590831131975
1.58270787472 0.0892820813111 0.000607281123608
1.58535526298 0.0911914433237 0.000625735945393
1.58800265124 0.0913637203076 0.000625337507118
1.5906500395 0.0913693243269 0.000634987079301
1.59329742777 0.091353507305 0.000652565530961
1.59594481603 0.0915153042601 0.00062816840001
1.59859220429 0.0936134727075 0.000644781585154
1.60123959255 0.0944978094107 0.000668412543382
1.60388698081 0.0956017193433 0.000701537399651
1.60653436907 0.0954131556888 0.000707397421643
1.60918175734 0.0960518779225 0.000690508058392
1.6118291456 0.0971560517715 0.000708516903173
1.61447653386 0.0991300490497 0.000730668593938
1.61712392212 0.101456165417 0.000769760963976
1.61977131038 0.103966264073 0.000805173137866
1.62241869865 0.105024329524 0.000864469479444
1.62506608691 0.106514579706 0.000843135090701
1.62771347517 0.107419201922 0.000828442356152
1.63036086343 0.109728786552 0.000870924818505
1.63300825169 0.109889734518 0.00084465335427
1.63565563995 0.112885480133 0.000874466046732
1.63830302822 0.113750793699 0.000918925435464
1.64095041648 0.111378582637 0.000890924675172
1.64359780474 0.111756456638 0.000885684110326
1.646245193 0.113417622516 0.000858940640441
1.64889258126 0.117306208758 0.000957402114871
1.65153996953 0.12012012586 0.00101572109594
1.65418735779 0.118357373149 0.00100520680443
1.65683474605 0.119750053448 0.00100706457546
1.65948213431 0.120686101611 0.00101833742312
1.66212952257 0.126155276141 0.00110777159968
1.66477691084 0.12703671491 0.00107981494789
1.6674242991 0.129703950444 0.00116271848162
1.67007168736 0.130272289942 0.00117249546219
1.67271907562 0.128184610458 0.00110055935571
1.67536646388 0.130127037173 0.00116997634436
1.67801385214 0.132284605422 0.0011781719771
1.68066124041 0.135307292119 0.0012063746884
1.68330862867 0.138893655631 0.00129379601327
1.68595601693 0.13640002614 0.00125586534324
1.68860340519 0.138356269869 0.0012449269332
1.69125079345 0.142479259435 0.00130093577678
1.69389818172 0.14664872542 0.00137987211717
1.69654556998 0.146696632268 0.00144569199589
1.69919295824 0.148780068534 0.0014369236504
1.7018403465 0.153149402135 0.00149233680051
1.70448773476 0.155432187501 0.00159411750853
1.70713512302 0.154851983734 0.00155070319742
1.70978251129 0.158151551199 0.00159271367903
1.71242989955 0.158951061806 0.00156669022147
1.71507728781 0.159824744327 0.00156985010796
1.71772467607 0.15802258903 0.00150159339963
1.72037206433 0.16339874128 0.00160192767323
1.7230194526 0.165532057911 0.00163516004352
1.72566684086 0.164612267899 0.00160407746557
1.72831422912 0.163190121737 0.00154133705232
1.73096161738 0.163317891401 0.00152922376627
1.73360900564 0.167678674649 0.0016127362135
1.73625639391 0.168340194821 0.00158770925331
1.73890378217 0.17119919144 0.00169493818796
1.74155117043 0.171929156 0.00170280858424
1.74419855869 0.178845972541 0.0018226818264
1.74684594695 0.182470876561 0.00188749396177
1.74949333521 0.180840964857 0.00189163255402
1.75214072348 0.183413940488 0.0018951840641
1.75478811174 0.181994024926 0.00187095327706
1.7574355 0.184630783722 0.00186421232203
1.76008288826 0.189398025422 0.00195791311856
1.76273027652 0.195793179052 0.00197427656287
1.76537766479 0.197966746709 0.00214891444732
1.76802505305 0.202534120414 0.00221360766572
1.77067244131 0.196363783981 0.00215852965566
1.77331982957 0.196117498907 0.00200155260521
1.77596721783 0.204486331886 0.00225261450476
1.77861460609 0.202888320692 0.00224001612806
1.78126199436 0.206750704688 0.00231187981019
1.78390938262 0.205977921955 0.00222024985906
1.78655677088 0.214920628074 0.00232136733059
1.78920415914 0.217514147617 0.00241302778573
1.7918515474 0.21990612745 0.00245858617765
1.79449893567 0.222655410085 0.00241173597921
1.79714632393 0.226627737891 0.0025184279196
1.79979371219 0.22598669673 0.00252083876129
1.80244110045 0.229243509724 0.00249843926709
1.80508848871 0.226931475229 0.0024291059095
1.80773587698 0.231280569012 0.00255130620484
1.81038326524 0.237704280292 0.00270247515956
1.8130306535 0.24215780739 0.00286256075707
1.81567804176 0.242330499003 0.00262068361098
1.81832543002 0.246277947577 0.00275879699689
1.82097281828 0.250513501832 0.0029202220506
1.82362020655 0.253579427151 0.00306716170059
1.82626759481 0.258784991799 0.00307069611443
1.82891498307 0.26073444008 0.0030163502881
1.83156237133 0.265372975286 0.00315126145598
1.83420975959 0.263478647257 0.00312726442776
1.83685714786 0.27206420615 0.00320432198985
1.83950453612 0.270584291116 0.00334187714978
1.84215192438 0.265524233244 0.00316022009471
1.84479931264 0.266737310245 0.00322237904076
1.8474467009 0.267064039271 0.00322245568024
1.85009408916 0.274853581475 0.00339141364726
1.85274147743 0.287395487427 0.00350577461866
1.85538886569 0.283250506361 0.00342605029668
1.85803625395 0.290525701657 0.00346938205214
1.86068364221 0.298148587052 0.00372423452106
1.86333103047 0.297470437644 0.00365274922693
1.86597841874 0.299251898926 0.00375354284494
1.868625807 0.296077601444 0.00354012590406
1.87127319526 0.303339497175 0.00373835328335
1.87392058352 0.298102648048 0.00356895805326
1.87656797178 0.300928207113 0.00366229643191
1.87921536005 0.307489415302 0.0037638564309
1.88186274831 0.306700132119 0.00389440382213
1.88451013657 0.314047866371 0.00376587398776
1.88715752483 0.323528881543 0.00392518328432
1.88980491309 0.334428414728 0.00414076050789
1.89245230135 0.332242424884 0.00413814510434
1.89509968962 0.330547779039 0.00408196263061
1.89774707788 0.336447641762 0.00431676131846
1.90039446614 0.343254908074 0.00454953533295
1.9030418544 0.333991055819 0.00435500389118
1.90568924266 0.334918709848 0.00415402636679
1.90833663093 0.344170152338 0.00426127820834
1.91098401919 0.357378761225 0.00440789793099
1.91363140745 0.362874920184 0.00476307969684
1.91627879571 0.365783272414 0.00488402706513
1.91892618397 0.365844856874 0.0048412409078
1.92157357223 0.369262033545 0.00462829668695
1.9242209605 0.374472669037 0.00482087997224
1.92686834876 0.365646047904 0.00468072133361
1.92951573702 0.36713559186 0.00482544076688
1.93216312528 0.369241452185 0.00509220154077
1.93481051354 0.375552968424 0.00487437313736
1.93745790181 0.383600626919 0.0049543571881
1.94010529007 0.390214439579 0.00500713891504
1.94275267833 0.390954451884 0.00494094657449
1.94540006659 0.39747509594 0.00504143331778
1.94804745485 0.394804803593 0.00503341162002
1.95069484312 0.402869902367 0.00525479709473
1.95334223138 0.397417419196 0.00526971113338
1.95598961964 0.414928921265 0.00572737346009
1.9586370079 0.416058279356 0.00566156788608
1.96128439616 0.423217902837 0.00549930328293
1.96393178442 0.428126253944 0.00567428861719
1.96657917269 0.432632131319 0.00572707033682
1.96922656095 0.421670091406 0.00559529745962
1.97187394921 0.430776269898 0.00585335250254
1.97452133747 0.444484719554 0.00586962227376
1.97716872573 0.44758312794 0.0057957272148
1.979816114 0.437806508012 0.00566879846088
1.98246350226 0.43810844794 0.00560571094854
1.98511089052 0.437378268803 0.00580497248791
1.98775827878 0.448003938114 0.0061469064524
1.99040566704 0.439403558158 0.00637870362274
1.9930530553 0.446009616285 0.00593868928234
1.99570044357 0.442024109349 0.00589211796202
1.99834783183 0.454881404142 0.00595203778392
2.00099522009 0.456730759499 0.00609904058027
2.00364260835 0.452974573408 0.00620104496541
2.00628999661 0.47508730062 0.0065047024678
2.00893738488 0.480106857603 0.00661663150701
2.01158477314 0.484066881671 0.00663601032603
2.0142321614 0.481759817932 0.00658361557637
2.01687954966 0.501526354172 0.00685845201889
2.01952693792 0.488827771811 0.00677023190228
2.02217432619 0.494981996558 0.0067606544119
2.02482171445 0.493154566787 0.00689769777978
2.02746910271 0.512450913345 0.00730630937223
2.03011649097 0.52284045461 0.00724250009991
2.03276387923 0.517496267757 0.00693606450199
2.03541126749 0.507073720126 0.00670514662152
2.03805865576 0.517589659173 0.00728391714229
2.04070604402 0.520575270884 0.00728263284792
2.04335343228 0.519418782659 0.00754276514388
2.04600082054 0.518350697283 0.00769876484903
2.0486482088 0.524695317338 0.00743968348721
2.05129559707 0.524725745902 0.00743737698096
2.05394298533 0.523563426236 0.00784499860712
2.05659037359 0.530961783543 0.00763234038469
2.05923776185 0.551536991334 0.00789174486603
2.06188515011 0.563559540019 0.00754607919056
2.06453253837 0.556892472289 0.00753389201082
2.06717992664 0.560144894749 0.00746568981513
2.0698273149 0.570560272485 0.00783092047229
2.07247470316 0.567430265992 0.0074879464503
2.07512209142 0.574780529391 0.00796531333254
2.07776947968 0.593208501768 0.00807630547371
2.08041686795 0.581253412631 0.00814116911442
2.08306425621 0.565145058181 0.00803313611286
2.08571164447 0.577279974772 0.00795827838637
2.08835903273 0.569292312167 0.00829505847951
2.09100642099 0.581185771947 0.00828166370236
2.09365380926 0.596604232488 0.00847326004494
2.09630119752 0.60123543785 0.008179075397
2.09894858578 0.594374625138 0.00827163677228
2.10159597404 0.612519074524 0.00890388653393
2.1042433623 0.607285698623 0.00869022844838
2.10689075056 0.593099501152 0.00896886780494
2.10953813883 0.602897343255 0.00870973311632
2.11218552709 0.604616822833 0.00884700297365
2.11483291535 0.627815768518 0.00893894934437
2.11748030361 0.620540235291 0.00952715950312
2.12012769187 0.604032531018 0.00933521596843
2.12277508014 0.634975727564 0.00911214517425
2.1254224684 0.657504747367 0.00891584438437
2.12806985666 0.62042503856 0.00941790563844
2.13071724492 0.635993560464 0.00932871071619
2.13336463318 0.63528962518 0.00909230683339
2.13601202144 0.669498963333 0.00922422872398
2.13865940971 0.677317995891 0.00894315348181
2.14130679797 0.665467215859 0.0094491808435
2.14395418623 0.664091685716 0.00900151310643
2.14660157449 0.653218929555 0.00914495434819
2.14924896275 0.658305378373 0.00920716029105
2.15189635102 0.668019494921 0.0093154401263
2.15454373928 0.696068949755 0.00944998610184
2.15719112754 0.698140925716 0.00943665609726
2.1598385158 0.684598255065 0.00965268016179
2.16248590406 0.670639767655 0.0101588247533
2.16513329233 0.686916757816 0.00999255722544
2.16778068059 0.667052394694 0.00953364009199
2.17042806885 0.685826155525 0.00974438639175
2.17307545711 0.697649738633 0.00958165654059
2.17572284537 0.707008278003 0.00980603989392
2.17837023363 0.715570108684 0.00999231214564
2.1810176219 0.69532798125 0.00950359237702
2.18366501016 0.693238663187 0.0104702793179
2.18631239842 0.694408728156 0.0101766573498
2.18895978668 0.719365126902 0.00990333406732
2.19160717494 0.711726798793 0.0110147476517
2.19425456321 0.715417721668 0.0104440841648
2.19690195147 0.711321498487 0.0106859894895
2.19954933973 0.714861405772 0.0105826943706
2.20219672799 0.719689289336 0.0102626191552
2.20484411625 0.721380646531 0.0106157742607
2.20749150451 0.742037226414 0.0109958316665
2.21013889278 0.749596654856 0.0104972953045
2.21278628104 0.755588588646 0.00967612480742
2.2154336693 0.751287866313 0.01087273442
2.21808105756 0.749897283872 0.0111539908028
2.22072844582 0.737561897096 0.0115757872835
2.22337583409 0.740838921265 0.011202745142
2.22602322235 0.727311779597 0.0107533872265
2.22867061061 0.709443731858 0.011924379026
2.23131799887 0.757087465129 0.011139261029
2.23396538713 0.757528458652 0.0102823260934
2.2366127754 0.760221096103 0.0105310044198
2.23926016366 0.75648165113 0.0111827718836
2.24190755192 0.780448683745 0.0115347224677
2.24455494018 0.793595811629 0.0111243261111
2.24720232844 0.768500823742 0.0120094489258
2.2498497167 0.765103838686 0.0121228711495
2.25249710497 0.758669373592 0.0118173874006
2.25514449323 0.738724793123 0.0113637431876
2.25779188149 0.740662883436 0.0119015625649
2.26043926975 0.78809656589 0.0109417284765
2.26308665801 0.782173914061 0.0108549646756
2.26573404628 0.775543898106 0.0114458557102
2.26838143454 0.774985634455 0.0109602412371
2.2710288228 0.776893214958 0.0119539234163
2.27367621106 0.78890283457 0.0116804730094
2.27632359932 0.811531370727 0.0119077130021
2.27897098758 0.838594104241 0.0110909250182
2.28161837585 0.815220706924 0.0120270229182
2.28426576411 0.831168596906 0.0101548790457
2.28691315237 0.835963325669 0.0110780391171
2.28956054063 0.830321023944 0.0110126786313
2.29220792889 0.820352788713 0.012072112457
2.29485531716 0.815792535654 0.0118293669985
2.29750270542 0.791236454254 0.0125991185049
2.30015009368 0.817177153501 0.0114988359174
2.30279748194 0.811966444318 0.0120404449145
2.3054448702 0.822930736858 0.0127135765268
2.30809225847 0.83468545308 0.0121015281625
2.31073964673 0.822374738856 0.0133017489305
2.31338703499 0.857111411686 0.0126385013027
2.31603442325 0.832819952518 0.0134626107357
2.31868181151 0.845037705045 0.0123698827788
2.32132919977 0.862629977306 0.0126325589187
2.32397658804 0.864056406213 0.0106876821561
2.3266239763 0.858773126164 0.0123646911594
2.32927136456 0.864648522974 0.0116241580001
2.33191875282 0.858339254203 0.0145783694659
2.33456614108 0.826525284256 0.0139882845744
2.33721352935 0.826067069903 0.0139959622812
2.33986091761 0.831702340602 0.0130670217158
2.34250830587 0.865149090781 0.0126076552486
2.34515569413 0.855143197432 0.012736125038
2.34780308239 0.835371697298 0.0139844812
2.35045047065 0.871903042098 0.0110805889331
2.35309785892 0.868033943692 0.0101909897015
2.35574524718 0.816710699695 0.0142545668777
2.35839263544 0.873395913583 0.0117774378703
2.3610400237 0.86520890079 0.0130072838029
2.36368741196 0.87319848229 0.0130981770699
2.36633480023 0.901458383604 0.0109897796422
2.36898218849 0.892357791496 0.0103278033989
2.37162957675 0.874047490069 0.0129929807745
2.37427696501 0.829814994351 0.0165686891598
2.37692435327 0.888551958003 0.011689876045
2.37957174153 0.876339351929 0.0134254467062
2.3822191298 0.893851952779 0.0114667768273
2.38486651806 0.882616295687 0.0139048304613
2.38751390632 0.872320955877 0.0138838838893
2.39016129458 0.883127944984 0.0128107328706
2.39280868284 0.865113960068 0.0181215725966
2.39545607111 0.896421591458 0.012033615322
2.39810345937 0.893080528453 0.0127648120175
2.40075084763 0.858347072614 0.0150923293038
2.40339823589 0.907976480425 0.0126225018987
2.40604562415 0.943851264798 0.00779163751164
2.40869301242 0.935686980972 0.00997385751592
2.41134040068 0.943693727544 0.0076891742822
2.41398778894 0.902201512811 0.0147000497871
2.4166351772 0.886253981161 0.0158342152581
2.41928256546 0.862315876479 0.017182891566
2.42192995372 0.89503878557 0.0121044234443
2.42457734199 0.874650534571 0.0161587223801
2.42722473025 0.866564436865 0.0167584134345
2.42987211851 0.899791603149 0.0138041556981
2.43251950677 0.924748755699 0.0107740819008
2.43516689503 0.895992242311 0.016236623618
2.4378142833 0.889838835111 0.0172565970617
2.44046167156 0.927165742307 0.010587459993
2.44310905982 0.946148393763 0.0110877127795
2.44575644808 0.948655409759 0.00757785625362
2.44840383634 0.952184692491 0.00848502433881
2.4510512246 0.924099011219 0.0127941783378
2.45369861287 0.937052492422 0.0113015743449
2.45634600113 0.91418751018 0.0150630937266
2.45899338939 0.914985811412 0.0148606633836
2.46164077765 0.888626960691 0.020572256833
2.46428816591 0.918751367086 0.017321271648
2.46693555418 0.925812255633 0.0133676854787
2.46958294244 0.938546663879 0.0130762219876
2.4722303307 0.921004130422 0.012844021362
2.47487771896 0.89533682101 0.0171958614947
2.47752510722 0.906352743402 0.0183218488891
2.48017249549 0.893280247558 0.0213923860998
2.48281988375 0.887368301998 0.0193970408246
2.48546727201 0.943726314951 0.0121059956118
2.48811466027 0.947811125634 0.0123472800997
2.49076204853 0.944351170882 0.012286668389
2.49340943679 0.933533488336 0.0120298221594
2.49605682506 0.920827320885 0.0155364542261
2.49870421332 0.908801503403 0.017721515822
2.50135160158 0.948066470952 0.0129913908282
2.50399898984 0.936213723974 0.0131794378091
2.5066463781 0.939294057186 0.0185169654756
2.50929376637 0.922385798629 0.0176896785275
2.51194115463 0.944856192959 0.0142375061274
2.51458854289 0.901421201348 0.0219118862095
2.51723593115 0.940892474295 0.0129105907471
2.51988331941 0.949455318741 0.0120045093791
2.52253070767 0.963386261069 0.0110426776895
2.52517809594 0.920508649899 0.0161578271276
2.5278254842 0.945565057339 0.0123961702773
2.53047287246 0.951903935314 0.0104100592866
2.53312026072 0.926189689752 0.0150250742602
2.53576764898 0.939719500844 0.0120955283158
2.53841503725 0.965950938468 0.00626159899346
2.54106242551 0.964981202798 0.00971351873873
2.54370981377 0.977365758303 0.00426724943997
2.54635720203 0.970207147166 0.00799479433768
2.54900459029 0.947270768052 0.0147878760864
2.55165197856 0.907012424988 0.022240594227
2.55429936682 0.92204174453 0.0196891289401
2.55694675508 0.938877419684 0.0173355162805
2.55959414334 0.955789359122 0.0102733314495
2.5622415316 0.967314684006 0.012673350319
2.56488891986 0.940096229261 0.0147265569938
2.56753630813 0.945371290712 0.0137973236449
2.57018369639 0.949102209453 0.0112770249362
2.57283108465 0.948954651507 0.0157058456786
2.57547847291 0.976100366541 0.00663409418486
2.57812586117 0.975640701076 0.00667228709234
2.58077324944 0.930812304668 0.0205022058568
2.5834206377 0.979571174488 0.00426435257571
2.58606802596 0.974881068364 0.0106239206843
2.58871541422 0.962223783502 0.014614986922
2.59136280248 0.948795723391 0.0148897490149
2.59401019074 0.976571238502 0.00679707560565
2.59665757901 0.973274657299 0.0111431948131
2.59930496727 0.968451196314 0.0137110847863
2.60195235553 0.933138272283 0.0262311351473
2.60459974379 0.954334358241 0.0163279169102
2.60724713205 0.946608841243 0.0182384353613
2.60989452032 0.985727190507 0.00352827537972
2.61254190858 0.989188872694 0.00293750451547
2.61518929684 0.96746915335 0.00712441710705
2.6178366851 0.963016155066 0.0121750431717
2.62048407336 0.963431055709 0.0100045518639
2.62313146163 0.965341584578 0.012084388623
2.62577884989 0.974963334746 0.00718898375657
2.62842623815 0.954220239033 0.02057135827
2.63107362641 0.983904127193 0.00694902352219
2.63372101467 0.953022020559 0.0146430241982
2.63636840293 0.947259276513 0.0250344516218
2.6390157912 0.98740821989 0.00337267666794
2.64166317946 0.973698429645 0.00982633112976
2.64431056772 0.986932257856 0.00520464160393
2.64695795598 0.979630649749 0.00922239284881
2.64960534424 0.978080942587 0.00847693117173
2.65225273251 0.966519466824 0.0150931777664
2.65490012077 0.981497678187 0.00891329681078
2.65754750903 0.9681554991 0.0203618487018
2.66019489729 0.916951306052 0.0265814610975
2.66284228555 0.984953296913 0.00587923406826
2.66548967381 0.955158740964 0.0136684984467
2.66813706208 0.963431628236 0.020057030673
2.67078445034 0.90803497254 0.0278074894529
2.6734318386 0.976453549382 0.00973132927569
2.67607922686 0.976627556708 0.0117602672909
2.67872661512 0.969731033499 0.0108588822735
2.68137400339 0.967898899249 0.0108622480801
2.68402139165 0.992644770837 0.000842773848031
2.68666877991 0.969223343974 0.0139521542529
2.68931616817 0.988027570307 0.00459022989288
2.69196355643 0.9885359975 0.00394149310582
2.6946109447 0.907389394367 0.039966235162
2.69725833296 0.988168186759 0.00462745596213
2.69990572122 0.993974194746 0.000607767804131
2.70255310948 0.990862371901 0.00206881129662
2.70520049774 0.985931572313 0.00677945238937
2.707847886 0.991872645654 0.00166100390684
2.71049527427 0.990067801868 0.0028497893018
2.71314266253 0.979487800875 0.012566492895
2.71579005079 0.962437928121 0.0226841872254
2.71843743905 0.988122815266 0.00698781177232
2.72108482731 0.981100538765 0.0107896095045
2.72373221558 0.990226176632 0.00439137324189
2.72637960384 0.994286335793 0.000497664892784
2.7290269921 0.994811768015 0.000341774302682
2.73167438036 0.991264927663 0.00200969419505
2.73432176862 0.979400250797 0.0109495642777
2.73696915688 0.904874882314 0.0462504794153
2.73961654515 0.96430112527 0.0230574197139
2.74226393341 0.994332346704 0.001234642863
2.74491132167 0.987623131928 0.00644084497925
2.74755870993 0.995302288087 0.000481580480043
2.75020609819 0.981262146282 0.00700967273833
2.75285348646 0.994758310587 0.000611627957955
2.75550087472 0.98816221566 0.00727755196139
2.75814826298 0.995879603364 0.000117602643328
2.76079565124 0.992039328712 0.00281174425347
2.7634430395 0.995957625271 0.000292584095705
2.76609042777 0.995489833778 0.00031440252004
2.76873781603 0.994810999299 0.000632905495528
2.77138520429 0.99536047501 0.000343000416179
2.77403259255 0.986053836843 0.00939199566255
2.77667998081 0.961453036325 0.0342147805338
2.77932736907 0.975454459582 0.0155925123278
2.78197475734 0.958680408896 0.0261100246331
2.7846221456 0.995895804026 0.000159419907765
2.78726953386 0.995540590325 0.000414276772551
2.78991692212 0.99559661536 0.000439823398744
2.79256431038 0.99408352913 0.00129317803648
2.79521169865 0.995835274742 0.000162430297164
2.79785908691 0.996191918466 0.000229662794069
2.80050647517 0.995960404366 0.000265990953779
2.80315386343 0.992178397038 0.00210234555041
2.80580125169 0.99607725572 0.000204609577171
2.80844863995 0.995653355573 0.000226494533898
2.81109602822 0.996347204729 0.000198721502658
2.81374341648 0.995153900077 0.00121194878795
2.81639080474 0.996244735326 0.00018540725752
2.819038193 0.996269025375 0.000116893296465
2.82168558126 0.993750742649 0.0012559180452
2.82433296953 0.996370516464 0.000124984244563
2.82698035779 0.99629268481 0.000239185775502
2.82962774605 0.996259274462 0.000109652228006
2.83227513431 0.992290887475 0.00262592444411
2.83492252257 0.996005900152 0.000185144194685
2.83756991084 0.995967188686 0.000333778629375
2.8402172991 0.995413709693 0.000632747866318
2.84286468736 0.994452654594 0.000904427517018
2.84551207562 0.99516450837 0.000937962208397
2.84815946388 0.996197907481 0.000181982762835
2.85080685214 0.996361530154 0.000199111498397
2.85345424041 0.995887506209 0.000497757766844
2.85874901693 0.995563077686 0.000638587730829
2.86139640519 0.996297757565 0.000168043812653
2.86404379345 0.996564473097 0.00021486609504
2.86669118172 0.995433698087 0.000809454867263
2.86933856998 0.996042974785 0.000160474185757
2.87198595824 0.996493333647 0.000214764720786
2.8746333465 0.996355787694 0.000148122634444
2.87728073476 0.996546333315 0.00018696383537
2.87992812302 0.996579535465 0.0001872861098
2.88257551129 0.996729593946 0.0
2.88522289955 0.995494707635 0.000409075188051
2.88787028781 0.996259950892 0.000311577315053
2.89051767607 0.996682674178 0.000356008040645
2.89316506433 0.995833842574 0.000537824149998
2.8958124526 0.996325465661 0.000458064432343
2.89845984086 0.993673869277 0.00211819941435
2.90110722912 0.996868636406 0.000150186626844
2.90375461738 0.99646187233 0.000264885237525
2.90640200564 0.996349963418 0.000200193911865
2.90904939391 0.993560651716 0.00193435574422
2.91169678217 0.996766816071 0.000232516569019
2.91434417043 0.996657990213 0.000120737824258
2.91699155869 0.996276457315 7.86695624692e-05
2.91963894695 0.996778967015 0.000185323282886
2.92493372348 0.996806138596 0.000125497507917
2.92758111174 0.996480556187 0.000343085020227
2.9302285 0.996391507079 8.10051422868e-05
2.93287588826 0.996698025132 0.000313765195258
2.93552327652 0.995912358859 0.000391494040107
2.93817066479 0.996685482954 0.000141060054456
2.94876021783 0.996970345193 0.0
2.95140760609 0.996476971939 0.000609672727007
2.95405499436 0.996889148224 0.00015442926697
2.95670238262 0.996761138724 0.0
2.96199715914 0.996923675439 9.39802533093e-05
2.9646445474 0.996904238092 8.72644491293e-05
2.97523410045 0.996725805632 8.00118920817e-05
2.98052887698 0.996947327858 0.000126880746804
2.98317626524 0.9972017904 0.000134587939167
2.9858236535 0.996914460233 0.000367397071031
2.98847104176 0.996912397206 0.000145443944932
2.99376581828 0.997136365993 0.000254513888854
2.99906059481 0.99669946019 0.000199125983353
3.00170798307 0.996951829522 0.000180864942418
3.00435537133 0.997108541757 0.00014859905153
3.00700275959 0.997287145408 0.000148002954636
3.00965014786 0.996510154363 0.0
3.01759231264 0.997035903015 4.20788700922e-05
3.02553447743 0.997125046122 0.000150086829751
3.03082925395 0.997155671334 0.000338651642537
3.03347664221 0.996975998664 0.000244553965131
3.03877141874 0.997107699416 0.000546398126006
3.041418807 0.997053704015 0.00013149067873
3.04671358352 0.997238266823 0.000198346768158
3.04936097178 0.997428895341 0.0
3.05200836005 0.997176459365 0.000105763650025
3.05995052483 0.997134563586 7.18485319761e-05
3.07054007788 0.997146450883 9.52844636033e-05
3.08112963093 0.997191422268 0.000157175258572
3.08377701919 0.997237804375 0.000215226926389
3.08642440745 0.997118669736 0.000225302003414
3.08907179571 0.997332721549 0.000255457779977
3.0970139605 0.997194492329 7.63977077605e-05
3.10495612528 0.997295228714 0.000131644731296
3.10760351354 0.997406141479 0.000337875955528
3.12613523138 0.997550537109 0.000301237895632
3.13407739616 0.997344948035 9.08991413294e-05
3.13672478442 0.997065818328 0.0
3.15790389052 0.997513055399 0.00020571330244
3.21349904402 0.997468607763 0.000120339396655
3.2214412088 0.997687821792 0.000177202084022
3.27968375056 0.997615364585 0.000366369348584
3.31674718623 0.997814333618 0.000135848266068
3.36704756321 0.997864498181 0.000218259128805
3.38028450451 0.997806090763 9.61499617038e-05
3.51530130587 0.998225609044 0.0
