0.00180287751856 0.0159816461752 0.00280364765646
0.00494463255567 0.0346143410429 0.00891448260227
0.00808638759279 0.0439386520417 0.0128366289437
0.0112281426299 0.0453105913509 0.00859378774682
0.014369897667 0.0274518557721 0.00268634142323
0.0175116527041 0.0267636995638 0.0036992540129
0.0206534077413 0.0381191796877 0.0063724214216
0.0237951627784 0.0309979632334 0.00398334168024
0.0269369178155 0.0417682337221 0.00741680445909
0.0300786728526 0.0332730759907 0.00410512530256
0.0332204278897 0.0316313841183 0.00313552663039
0.0363621829268 0.0301948040178 0.00423578871133
0.0395039379639 0.038919638008 0.00574879749862
0.0426456930011 0.0538553986916 0.00858948052003
0.0457874480382 0.0348133607708 0.00441882830646
0.0489292030753 0.040112771082 0.00682566128591
0.0520709581124 0.0444192006159 0.00653377648876
0.0552127131495 0.0266758934128 0.00188980753186
0.0583544681866 0.0414431962784 0.00471222093705
0.0614962232238 0.0411669898234 0.00661060666323
0.0646379782609 0.0441955350766 0.00793514111256
0.067779733298 0.0419169362111 0.00700484179976
0.0709214883351 0.0440019165597 0.00609951033762
0.0740632433722 0.0535334174827 0.00713473743611
0.0772049984093 0.0404207828031 0.00493177166063
0.0803467534464 0.0461998893121 0.00604313167409
0.0834885084836 0.0330957576051 0.00233547787082
0.0866302635207 0.0375515229521 0.00395417197664
0.0897720185578 0.0384519246567 0.00447194053613
0.0929137735949 0.044605508436 0.00493143049442
0.096055528632 0.0465505956819 0.00628941214
0.0991972836691 0.0415588025122 0.00518664357898
0.102339038706 0.0365035555228 0.00291592311467
0.105480793743 0.0409262688174 0.00472541389401
0.10862254878 0.0323241352523 0.00269125607883
0.111764303818 0.0346196481476 0.00262722614182
0.114906058855 0.0365985104868 0.00380345354801
0.118047813892 0.0344421635145 0.00264102576219
0.121189568929 0.0391822860406 0.00338072907417
0.124331323966 0.0379032314864 0.00356162603305
0.127473079003 0.0440411375899 0.00366699483691
0.13061483404 0.0329932392623 0.00281628334632
0.133756589077 0.0337025252814 0.00247223092399
0.136898344115 0.0328126080395 0.00224547315839
0.140040099152 0.0302181886873 0.00181284715399
0.143181854189 0.0344978628502 0.0029159587849
0.146323609226 0.0294469488383 0.00174563635189
0.149465364263 0.0317115506524 0.00212261776458
0.1526071193 0.0339774082985 0.002050961428
0.155748874337 0.030974185086 0.00195144941288
0.158890629374 0.0314312148979 0.00210022942988
0.162032384411 0.0276589294124 0.00144645986848
0.165174139449 0.0280792512633 0.00125247903365
0.168315894486 0.0315941702367 0.00171150990883
0.171457649523 0.0328223678868 0.00210080111106
0.17459940456 0.0262701240431 0.00130910063049
0.177741159597 0.0309691404821 0.00160552070001
0.180882914634 0.0308791424551 0.00151965473891
0.184024669671 0.0301443811324 0.00154433667124
0.187166424708 0.0329777810488 0.00166427347554
0.190308179745 0.030312465897 0.00140326489603
0.193449934783 0.0295166476013 0.00153010292171
0.19659168982 0.0314772112759 0.00157726086271
0.199733444857 0.0297373751426 0.00135157035539
0.202875199894 0.0311117994825 0.0015752297024
0.206016954931 0.0324863670154 0.00139124200681
0.209158709968 0.0340825929324 0.00176981946554
0.212300465005 0.0341045272016 0.00155631758928
0.215442220042 0.0326042144128 0.00151573047857
0.21858397508 0.0314771467349 0.00145531714978
0.221725730117 0.033925553793 0.00148596331568
0.224867485154 0.0351078079599 0.00153626064698
0.228009240191 0.0346725352156 0.0016060531488
0.231150995228 0.0349034823821 0.00160511532268
0.234292750265 0.0362597719191 0.00164743587139
0.237434505302 0.0354635942416 0.00151012082161
0.240576260339 0.0360005932762 0.00165397317516
0.243718015376 0.0363626649783 0.00164931941482
0.246859770414 0.0380377820039 0.00172467072836
0.250001525451 0.0390649168012 0.00170619546012
0.253143280488 0.0384938225968 0.00177665822096
0.256285035525 0.0420780277344 0.00186204534416
0.259426790562 0.0427381009024 0.00191293813126
0.262568545599 0.0427218207414 0.00194567990851
0.265710300636 0.046227939895 0.00205111330212
0.268852055673 0.0460103980939 0.00225633681453
0.27199381071 0.0443294143974 0.00205188795977
0.275135565748 0.0482227004191 0.00195977696922
0.278277320785 0.0507450779286 0.00221670235996
0.281419075822 0.0539749937789 0.00225097303559
0.284560830859 0.0536733698509 0.00230185905753
0.287702585896 0.0543492762228 0.00226973879938
0.290844340933 0.0540519889316 0.00231465282977
0.29398609597 0.0589902914737 0.0024145125691
0.297127851007 0.0602085384846 0.00245158642761
0.300269606045 0.0638384765248 0.0025587939406
0.303411361082 0.0630053368297 0.00251878790648
0.306553116119 0.0655527281041 0.00262555612984
0.309694871156 0.0654819836418 0.00252660704937
0.312836626193 0.0737949180632 0.00271299073964
0.31597838123 0.0704206802493 0.00274516345955
0.319120136267 0.0709595819254 0.00245099086648
0.322261891304 0.0771422508671 0.00281752083742
0.325403646341 0.0719068838999 0.00249078284642
0.328545401379 0.0710558744764 0.00250806312858
0.331687156416 0.0791497034697 0.00268026073328
0.334828911453 0.0762421507869 0.0025218119617
0.33797066649 0.0772134874217 0.00254324203496
0.341112421527 0.0770215053977 0.00266223298529
0.344254176564 0.0804662887044 0.00260914812701
0.347395931601 0.0828895710252 0.00263089855357
0.350537686638 0.0829652431552 0.00245284397493
0.353679441676 0.0818430909328 0.00238339834378
0.356821196713 0.0846684566176 0.0025342041913
0.35996295175 0.0871729978043 0.00248666658733
0.363104706787 0.0885064375668 0.00265994175567
0.366246461824 0.0910474299714 0.00264731504571
0.369388216861 0.0885523578193 0.00236018254207
0.372529971898 0.0951650913498 0.00258970003219
0.375671726935 0.0923143269669 0.00249745475715
0.378813481972 0.0924651407703 0.00237419075452
0.38195523701 0.0947898715128 0.00235640211792
0.385096992047 0.0962333759783 0.0024804432034
0.388238747084 0.0996503193871 0.00243408219332
0.391380502121 0.0982903363066 0.00230482344423
0.394522257158 0.102291027883 0.00244029053101
0.397664012195 0.101661939792 0.00225798719263
0.400805767232 0.104573691433 0.00236632336526
0.403947522269 0.101539626906 0.00221248683859
0.407089277306 0.0998858462737 0.00221678036199
0.410231032344 0.103271687242 0.00221065714034
0.413372787381 0.107745494473 0.0022212482781
0.416514542418 0.105719034355 0.00224208025352
0.419656297455 0.114005788984 0.00222648797452
0.422798052492 0.112749899035 0.00217707378636
0.425939807529 0.117165998455 0.00236290120736
0.429081562566 0.119386385657 0.00227153668271
0.432223317603 0.120453975323 0.00234636411171
0.435365072641 0.125395081305 0.00245955220013
0.438506827678 0.123821810218 0.00222183027987
0.441648582715 0.124490999846 0.00233786306286
0.444790337752 0.124377401135 0.00232457151037
0.447932092789 0.130689489552 0.00248784546315
0.451073847826 0.131782881574 0.00239020380866
0.454215602863 0.135300358132 0.00244767357533
0.4573573579 0.130206094752 0.00233588699425
0.460499112937 0.139137913801 0.00243788144578
0.463640867975 0.141161534216 0.00257235387413
0.466782623012 0.142644196195 0.00275449492589
0.469924378049 0.14434697181 0.00252397050713
0.473066133086 0.146666858235 0.00276113445268
0.476207888123 0.146693058802 0.00272301469495
0.47934964316 0.140703756607 0.00243522776931
0.482491398197 0.143407458548 0.00251992513017
0.485633153234 0.142709620672 0.00254524479695
0.488774908271 0.146215208149 0.00263393890421
0.491916663309 0.148945417875 0.00277882666096
0.495058418346 0.143469637549 0.00242937220294
0.498200173383 0.155972796775 0.00293621723439
0.50134192842 0.150523596371 0.00274292324449
0.504483683457 0.150750554229 0.00274495399974
0.507625438494 0.148322227588 0.00266241225268
0.510767193531 0.154417892482 0.00287511870754
0.513908948568 0.156451989206 0.00281930719172
0.517050703606 0.151878500753 0.00266130430549
0.520192458643 0.152803023397 0.00264983743574
0.52333421368 0.151877033924 0.0027715871995
0.526475968717 0.152890827715 0.00268594251681
0.529617723754 0.146595289031 0.00243205168616
0.532759478791 0.151657072915 0.002624316662
0.535901233828 0.15388190355 0.0027492338034
0.539042988865 0.147240966728 0.00254464349505
0.542184743902 0.151563815044 0.00260942673659
0.54532649894 0.152980284409 0.00265245725521
0.548468253977 0.155347935426 0.00276273774935
0.551610009014 0.156298488244 0.00261334488715
0.554751764051 0.150417437977 0.00252234467089
0.557893519088 0.155037425118 0.00264676227242
0.561035274125 0.150269455765 0.00255031406859
0.564177029162 0.153419967624 0.00251002080639
0.567318784199 0.151349886005 0.00251815163701
0.570460539236 0.149848785363 0.00235552434562
0.573602294274 0.152980171472 0.00235848100824
0.576744049311 0.152236013271 0.00239402004271
0.579885804348 0.153024477717 0.00238085051117
0.583027559385 0.150815584691 0.00222689437894
0.586169314422 0.153014755749 0.00237363263668
0.589311069459 0.147854268193 0.00223439896818
0.592452824496 0.146618528416 0.00218473022546
0.595594579533 0.147776518192 0.00226844063924
0.598736334571 0.147388268619 0.00215370732826
0.601878089608 0.148467500616 0.00221853988654
0.605019844645 0.148065226408 0.00213372301883
0.608161599682 0.150203031293 0.00214110681167
0.611303354719 0.145225931003 0.00201057624411
0.614445109756 0.144426429982 0.00208280458248
0.617586864793 0.145111184659 0.00195717172433
0.62072861983 0.146000109951 0.00202156182194
0.623870374867 0.143561043958 0.00192484026586
0.627012129905 0.143787918728 0.00191450265347
0.630153884942 0.142225187721 0.0017853689985
0.633295639979 0.143573831575 0.00181584781033
0.636437395016 0.140080181232 0.00180776456539
0.639579150053 0.140184250377 0.00172878205182
0.64272090509 0.143066727769 0.00181214903166
0.645862660127 0.13709924868 0.00166276955693
0.649004415164 0.139123288211 0.00170336515369
0.652146170201 0.138161616347 0.00164068048563
0.655287925239 0.136458811004 0.00159585173026
0.658429680276 0.137534594166 0.00163953691043
0.661571435313 0.136905150121 0.00159091707797
0.66471319035 0.136050281786 0.00157322984244
0.667854945387 0.13561342866 0.00153708559919
0.670996700424 0.136001461506 0.00152498667275
0.674138455461 0.13550194715 0.00147497733956
0.677280210498 0.133832954524 0.00146110286631
0.680421965536 0.132557897511 0.00138425146661
0.683563720573 0.131385444126 0.00140933673455
0.68670547561 0.131946100257 0.00133959865729
0.689847230647 0.133063972127 0.0013958808496
0.692988985684 0.1295872014 0.001273808334
0.696130740721 0.130016931724 0.00129052022029
0.699272495758 0.130501023713 0.00128047526573
0.702414250795 0.127283195964 0.00118817496016
0.705556005832 0.126765338029 0.00119487294947
0.70869776087 0.125714141214 0.0011452833999
0.711839515907 0.124842008868 0.00111547335827
0.714981270944 0.124506123753 0.00115872940595
0.718123025981 0.124449484883 0.00114553537592
0.721264781018 0.122197627827 0.00108441148305
0.724406536055 0.121815525907 0.00100214042643
0.727548291092 0.121813279334 0.0010364178175
0.730690046129 0.120022412019 0.000966471182419
0.733831801166 0.118460654518 0.000975480824006
0.736973556204 0.120069189645 0.000953016041896
0.740115311241 0.119321446426 0.000936846570778
0.743257066278 0.11852465606 0.000903935702117
0.746398821315 0.116897738615 0.00089006763271
0.749540576352 0.116154038634 0.000852907053104
0.752682331389 0.116148935744 0.000855774643193
0.755824086426 0.113860723738 0.000805899512793
0.758965841463 0.113372112801 0.000820133694136
0.762107596501 0.113642840622 0.00083415389392
0.765249351538 0.113612578096 0.000784788708474
0.768391106575 0.110912038388 0.000761966653128
0.771532861612 0.110655835627 0.000765520850586
0.774674616649 0.111022466018 0.000773099335108
0.777816371686 0.110052551522 0.000733959990335
0.780958126723 0.109597992265 0.000705049330529
0.78409988176 0.108526531995 0.000708192588786
0.787241636797 0.10949077019 0.000723486020736
0.790383391835 0.10782891117 0.000706962002073
0.793525146872 0.107127941913 0.000663690220277
0.796666901909 0.107584923991 0.000662770592847
0.799808656946 0.106255894851 0.000622519097122
0.802950411983 0.105311266725 0.000636613046278
0.80609216702 0.105514887074 0.00062688158669
0.809233922057 0.103762521362 0.000593960628213
0.812375677094 0.103169985963 0.000575611913584
0.815517432131 0.103732967295 0.000598196102913
0.818659187169 0.102367454135 0.00056956416994
0.821800942206 0.10219499668 0.000551624103318
0.824942697243 0.101006575024 0.000546603807361
0.82808445228 0.100953775693 0.00056034881618
0.831226207317 0.100785134821 0.000551235816055
0.834367962354 0.100641337766 0.000538919037491
0.837509717391 0.100075838161 0.000522150922922
0.840651472428 0.0992441998964 0.000506403760457
0.843793227466 0.0997712154498 0.000505609895352
0.846934982503 0.0992796418386 0.000511039457452
0.85007673754 0.0984163538164 0.000502894137834
0.853218492577 0.097565545325 0.000479656592953
0.856360247614 0.0969279239669 0.000484492902607
0.859502002651 0.0968087330353 0.000479498742537
0.862643757688 0.0974799841908 0.000496580818324
0.865785512725 0.0959698897334 0.000466142114859
0.868927267762 0.0968716149598 0.000474609959654
0.8720690228 0.0969690048563 0.00046857372319
0.875210777837 0.0962523852693 0.000456001126245
0.878352532874 0.0959528794251 0.000454452082705
0.881494287911 0.0942007119648 0.000438644095254
0.884636042948 0.095495145781 0.000461934751625
0.887777797985 0.094564772379 0.000447216037193
0.890919553022 0.0950412057577 0.000455426545884
0.894061308059 0.095197216999 0.000441473523337
0.897203063097 0.0936104072374 0.000430305830429
0.900344818134 0.0934499018578 0.000428852630445
0.903486573171 0.0934129755057 0.000423677868086
0.906628328208 0.0933785355352 0.000433418427899
0.909770083245 0.0927829559474 0.000424217344573
0.912911838282 0.0930047845015 0.000427507146951
0.916053593319 0.0928784387429 0.000425637446234
0.919195348356 0.0935709610358 0.000426105996855
0.922337103393 0.0923694797214 0.000413763086967
0.925478858431 0.0930478156509 0.000416959420517
0.928620613468 0.0921008983909 0.000419495827012
0.931762368505 0.0919394063332 0.000404869390672
0.934904123542 0.0924641317109 0.00041099563391
0.938045878579 0.092747587078 0.000411092352151
0.941187633616 0.0920631890828 0.000401173511204
0.944329388653 0.0923198229712 0.000400220279601
0.94747114369 0.091812502771 0.000402032833238
0.950612898727 0.0915693390116 0.000399631980045
0.953754653765 0.0928499657494 0.00039931573448
0.956896408802 0.093281120301 0.000416617337635
0.960038163839 0.0919655942569 0.000397660102853
0.963179918876 0.0918278429983 0.000414096742055
0.966321673913 0.0920724135405 0.000397590710233
0.96946342895 0.0925610404323 0.000417855489312
0.972605183987 0.0920768346523 0.000400561771925
0.975746939024 0.0930126735737 0.000400563216559
0.978888694062 0.0929225965681 0.000411938732889
0.982030449099 0.0930047388593 0.000412202008622
0.985172204136 0.0929492751766 0.000416415312491
0.988313959173 0.0934859761951 0.000403381813664
0.99145571421 0.0936816640536 0.000426382054304
0.994597469247 0.0943913809134 0.000432639890819
0.997739224284 0.0943513793635 0.000419788869576
1.00088097932 0.0946374365519 0.000426326000406
1.00402273436 0.0947345874236 0.000434762472977
1.0071644894 0.0946498971334 0.000431305317993
1.01030624443 0.0942223416283 0.000418318991908
1.01344799947 0.0948887118322 0.000431248322074
1.01658975451 0.0954490599238 0.000425184810993
1.01973150954 0.0961624265197 0.000426376988485
1.02287326458 0.0961257889257 0.000424539097554
1.02601501962 0.0957623931616 0.000420010109704
1.02915677466 0.0960202862713 0.000425225843814
1.03229852969 0.097395534152 0.000430655634584
1.03544028473 0.0981334848546 0.000440242675815
1.03858203977 0.0977315030258 0.000439969510098
1.0417237948 0.0987092051971 0.000451183966288
1.04486554984 0.0995000510677 0.000451362168234
1.04800730488 0.0994394634808 0.00044812110771
1.05114905992 0.100141966524 0.000464285864044
1.05429081495 0.100455611524 0.00045862797521
1.05743256999 0.10050875656 0.00045743527094
1.06057432503 0.100687600412 0.000451586500989
1.06371608006 0.101815154624 0.000463561022703
1.0668578351 0.103442651915 0.000472578909234
1.06999959014 0.103927061502 0.000473085806049
1.07314134517 0.104294481079 0.000486619019776
1.07628310021 0.104634348115 0.000479708069803
1.07942485525 0.105944285364 0.000495718671142
1.08256661029 0.105845799869 0.000482143749362
1.08570836532 0.107179881849 0.000496354290502
1.08885012036 0.106890735051 0.000500430487367
1.0919918754 0.108469187634 0.000517115908022
1.09513363043 0.109329772646 0.000524284328201
1.09827538547 0.110360943653 0.000534112729962
1.10141714051 0.10989326858 0.00051741281365
1.10455889555 0.110985121389 0.000528222446303
1.10770065058 0.111308845189 0.000526332748674
1.11084240562 0.112917825914 0.000541234520447
1.11398416066 0.113080650242 0.000528685994053
1.11712591569 0.115170202714 0.000559157892537
1.12026767073 0.116161955029 0.000570760098509
1.12340942577 0.116404695809 0.000558314056586
1.12655118081 0.11747240854 0.000563172329946
1.12969293584 0.120070976283 0.000604341773377
1.13283469088 0.120228376282 0.00060574429883
1.13597644592 0.120682038438 0.000604224999881
1.13911820095 0.123122262032 0.000643546675755
1.14225995599 0.123914879768 0.000631641319099
1.14540171103 0.124997444257 0.000635610794243
1.14854346607 0.1257709553 0.000633823525085
1.1516852211 0.127234617479 0.000663186019472
1.15482697614 0.127843891186 0.000657208039424
1.15796873118 0.127400809894 0.00065975074902
1.16111048621 0.128827067675 0.000657347118904
1.16425224125 0.130462375426 0.00067207703067
1.16739399629 0.131415091767 0.00068414637045
1.17053575133 0.133561024047 0.000710320095094
1.17367750636 0.133799440663 0.000711422542194
1.1768192614 0.135783761528 0.000735802290369
1.17996101644 0.136534915995 0.000745790390244
1.18310277147 0.138030151417 0.000735452050263
1.18624452651 0.141146705747 0.000761475774003
1.18938628155 0.141367632064 0.000757524904063
1.19252803659 0.144206841275 0.000798909303665
1.19566979162 0.147069091426 0.000831435630354
1.19881154666 0.148673287269 0.000836994258014
1.2019533017 0.150241648684 0.000851361566246
1.20509505673 0.150861824688 0.0008544458318
1.20823681177 0.152804048775 0.000857688237379
1.21137856681 0.154903911768 0.000916994955897
1.21452032185 0.156120038671 0.000924692731223
1.21766207688 0.159067210485 0.000933552592305
1.22080383192 0.159746241565 0.00093619309938
1.22394558696 0.161045882831 0.000956114379538
1.22708734199 0.163802389303 0.000983338527479
1.23022909703 0.164898006466 0.00103058206075
1.23337085207 0.166942804444 0.00100919040461
1.2365126071 0.169683731587 0.00103827438224
1.23965436214 0.171326740435 0.00107463322996
1.24279611718 0.174345066347 0.00109904447072
1.24593787222 0.17524539859 0.00110707715782
1.24907962725 0.176546266856 0.00114443373806
1.25222138229 0.181821691273 0.0011835347587
1.25536313733 0.18190894528 0.00121084227026
1.25850489236 0.182680748611 0.00118532427545
1.2616466474 0.186374336418 0.00122850229763
1.26478840244 0.189128119544 0.00128682620401
1.26793015748 0.18906953013 0.00127009714252
1.27107191251 0.191518157182 0.00133565278343
1.27421366755 0.194738483916 0.00133667208642
1.27735542259 0.198878695186 0.00136328421999
1.28049717762 0.200564535348 0.00138508657872
1.28363893266 0.204388433007 0.00142375546909
1.2867806877 0.206892003178 0.00148191480356
1.28992244274 0.207808891833 0.00146253323929
1.29306419777 0.207931392545 0.00149600584585
1.29620595281 0.214132852773 0.00154663621511
1.29934770785 0.215132686038 0.00152706160323
1.30248946288 0.219262567417 0.00158880474865
1.30563121792 0.222578923528 0.00166216141813
1.30877297296 0.222792893311 0.00164889943673
1.311914728 0.231778161215 0.00175678090587
1.31505648303 0.229763374406 0.00177274682919
1.31819823807 0.23391805345 0.00183534645864
1.32133999311 0.234856941298 0.00183186885736
1.32448174814 0.241796216984 0.00186953303526
1.32762350318 0.244785837193 0.00194089782563
1.33076525822 0.244513795436 0.00197787764252
1.33390701326 0.249004623325 0.00203790659057
1.33704876829 0.248227418984 0.00203006292863
1.34019052333 0.25423974799 0.00206379034557
1.34333227837 0.258559100961 0.00212764626435
1.3464740334 0.259879453137 0.0021353817409
1.34961578844 0.263612030723 0.00222461933248
1.35275754348 0.268110354817 0.00224675153828
1.35589929852 0.268920816246 0.00226450762715
1.35904105355 0.272399935516 0.00228891561162
1.36218280859 0.275780269561 0.00235457049809
1.36532456363 0.282777858888 0.00242411826761
1.36846631866 0.284723011743 0.00244626438105
1.3716080737 0.287956018727 0.00252237093546
1.37474982874 0.288781324301 0.00254162700423
1.37789158378 0.294331794565 0.00259629909193
1.38103333881 0.29784102422 0.00265124102577
1.38417509385 0.299039464712 0.00267332556755
1.38731684889 0.300404387245 0.00266853809428
1.39045860392 0.304064050454 0.00276071938929
1.39360035896 0.306531991805 0.00280681818589
1.396742114 0.309215584766 0.00281535596981
1.39988386903 0.310692690111 0.00282689948738
1.40302562407 0.3193624595 0.00296777870257
1.40616737911 0.31687627653 0.00291347587754
1.40930913415 0.320224243273 0.00296130525109
1.41245088918 0.323078175221 0.00296553508461
1.41559264422 0.330473838046 0.00317636226378
1.41873439926 0.333797385599 0.00316975009294
1.42187615429 0.339283017718 0.0031972250093
1.42501790933 0.341027290282 0.00329631707093
1.42815966437 0.346957817038 0.00337162943644
1.43130141941 0.345716981818 0.00336590860137
1.43444317444 0.352972428739 0.00349801572642
1.43758492948 0.35145907251 0.00346872839913
1.44072668452 0.350621655448 0.00346318615023
1.44386843955 0.361501522697 0.00358965334376
1.44701019459 0.359741366838 0.00356812212015
1.45015194963 0.370205359809 0.00374762930279
1.45329370467 0.369862165203 0.00374426956654
1.4564354597 0.370689645251 0.00379441248335
1.45957721474 0.376006890307 0.00388940749368
1.46271896978 0.371908558025 0.00384577840707
1.46586072481 0.374777225723 0.00385391072196
1.46900247985 0.392033814578 0.00402050298935
1.47214423489 0.392671241073 0.00405422908956
1.47528598993 0.391022115601 0.00414240951115
1.47842774496 0.396648930327 0.00423329508019
1.4815695 0.395554881089 0.00422697881814
1.48471125504 0.404214756303 0.00429359674379
1.48785301007 0.405641186518 0.00443032882916
1.49099476511 0.414024910307 0.00449941482202
1.49413652015 0.41533162336 0.00451448141049
1.49727827519 0.415306125562 0.00455052613672
1.50042003022 0.421555282651 0.00468373187061
1.50356178526 0.425476846901 0.00465300138629
1.5067035403 0.426845351163 0.00467732879211
1.50984529533 0.433568889399 0.00486661826157
1.51298705037 0.432450915103 0.00487423387515
1.51612880541 0.433667007889 0.00487180059119
1.51927056045 0.430260704196 0.00490746009153
1.52241231548 0.431739454659 0.00486795285419
1.52555407052 0.434633547456 0.00484020743761
1.52869582556 0.443947295307 0.00504816077464
1.53183758059 0.44071406999 0.00509904947271
1.53497933563 0.450730462706 0.00531006347045
1.53812109067 0.458301053259 0.00530877898025
1.54126284571 0.454760016868 0.00539970101208
1.54440460074 0.457739027271 0.00540039918643
1.54754635578 0.463049446827 0.00543225994128
1.55068811082 0.462833761997 0.0055746005777
1.55382986585 0.469950886036 0.00567332882186
1.55697162089 0.473621773637 0.00563706321332
1.56011337593 0.47555515966 0.00570639055861
1.56325513097 0.47504279336 0.00588175509358
1.566396886 0.471729847061 0.00580999077022
1.56953864104 0.471130907535 0.00590514328527
1.57268039608 0.467084757615 0.0058191316044
1.57582215111 0.489025009723 0.00605825100134
1.57896390615 0.481240633051 0.00583084945262
1.58210566119 0.492560680013 0.00615320173068
1.58524741622 0.498134563812 0.00623310951432
1.58838917126 0.487198783272 0.00616297375393
1.5915309263 0.489174575055 0.00618981836952
1.59467268134 0.48289895693 0.00635255785677
1.59781443637 0.494491880806 0.00634427585742
1.60095619141 0.50737809404 0.00663188847886
1.60409794645 0.499751216364 0.00666233012257
1.60723970148 0.510425103598 0.00657065440411
1.61038145652 0.506993136773 0.00657114767678
1.61352321156 0.520284943168 0.0065458531784
1.6166649666 0.515608662698 0.00676449213059
1.61980672163 0.530658060838 0.00681575536612
1.62294847667 0.520040581171 0.00704946102518
1.62609023171 0.531435528436 0.00682619775025
1.62923198674 0.526923289145 0.0070938828214
1.63237374178 0.51519910779 0.00704785922045
1.63551549682 0.522461771709 0.00717823979588
1.63865725186 0.536814992293 0.00731159443993
1.64179900689 0.531865125366 0.00716624733913
1.64494076193 0.529483444144 0.00712966218188
1.64808251697 0.536873254364 0.00733643641886
1.651224272 0.540001321279 0.00726917137737
1.65436602704 0.550960413979 0.00715724228859
1.65750778208 0.56235479558 0.00767191172012
1.66064953712 0.56251850236 0.00782085763366
1.66379129215 0.556725466055 0.00767640017592
1.66693304719 0.572865300152 0.00777352890637
1.67007480223 0.565701127089 0.00745402554324
1.67321655726 0.584534929646 0.00762235146862
1.6763583123 0.588367440635 0.0079189644145
1.67950006734 0.575767128111 0.00812234507238
1.68264182238 0.585847100333 0.00842938662359
1.68578357741 0.598217658166 0.00855825796937
1.68892533245 0.592739299943 0.00828482019671
1.69206708749 0.59673465865 0.00864814269566
1.69520884252 0.589511955587 0.00860124213026
1.69835059756 0.589861142244 0.00871878235985
1.7014923526 0.586089701918 0.00860954315895
1.70463410764 0.599958116108 0.0083615206009
1.70777586267 0.595424639479 0.00846285458404
1.71091761771 0.606024040247 0.00866717471387
1.71405937275 0.616834294541 0.00867947199753
1.71720112778 0.600028157704 0.00864430417163
1.72034288282 0.597353810556 0.00862632763176
1.72348463786 0.614681311785 0.00898299125381
1.7266263929 0.621595552061 0.00896287769431
1.72976814793 0.608503885575 0.00891908299104
1.73290990297 0.613693538459 0.00891271928184
1.73605165801 0.61583912239 0.00938454096605
1.73919341304 0.626579510875 0.00877371169531
1.74233516808 0.631839358216 0.00921894025414
1.74547692312 0.621184114381 0.00908324441782
1.74861867815 0.627839556203 0.00928363417875
1.75176043319 0.625076046107 0.00993098420045
1.75490218823 0.646127972953 0.00987709760297
1.75804394327 0.646907145987 0.00952438989107
1.7611856983 0.642074171096 0.00957511276974
1.76432745334 0.634246339439 0.00988197449969
1.76746920838 0.63329912808 0.0102822693449
1.77061096341 0.658085035697 0.00981020823663
1.77375271845 0.628300203124 0.0105912189516
1.77689447349 0.636186860568 0.0102953324086
1.78003622853 0.661074663044 0.0104012115463
1.78317798356 0.659195172494 0.0101192940987
1.7863197386 0.63626483527 0.00955319363306
1.78946149364 0.633504910688 0.00991288647352
1.79260324867 0.66938339712 0.00986517543196
1.79574500371 0.66086375606 0.00999837534217
1.79888675875 0.690084836398 0.00989217909468
1.80202851379 0.682307789012 0.0105144785025
1.80517026882 0.680159396738 0.0098792304147
1.80831202386 0.671764577383 0.0103610661391
1.8114537789 0.671044621537 0.0105246602221
1.81459553393 0.679083193221 0.010824531194
1.81773728897 0.686610808064 0.0113726258798
1.82087904401 0.686002535954 0.0112087760298
1.82402079905 0.672166096797 0.0111894658878
1.82716255408 0.687413943976 0.0110248930904
1.83030430912 0.684612067224 0.0111136261719
1.83344606416 0.684784188571 0.0114430893108
1.83658781919 0.703262033211 0.0115002470072
1.83972957423 0.690751835675 0.0109665740635
1.84287132927 0.728096049338 0.0109582526484
1.84601308431 0.721242756625 0.0120846530445
1.84915483934 0.724637210148 0.0121126790806
1.85229659438 0.72095000918 0.0120005037115
1.85543834942 0.702064861384 0.0123207877342
1.85858010445 0.72385914442 0.012566091991
1.86172185949 0.724567413742 0.0118602461041
1.86486361453 0.753654890947 0.0110672761112
1.86800536957 0.702301404221 0.0130720715514
1.8711471246 0.725523270867 0.0128440462781
1.87428887964 0.7261967923 0.0121537969469
1.87743063468 0.729588464016 0.0127067484973
1.88057238971 0.758507918284 0.0118343744716
1.88371414475 0.751619526302 0.0122492770977
1.88685589979 0.768857818682 0.0127783940388
1.88999765483 0.745353575038 0.0130958307724
1.89313940986 0.732757984497 0.0135295244957
1.8962811649 0.758535752596 0.0134331096666
1.89942291994 0.733523370718 0.0141392765646
1.90256467497 0.720715784014 0.0130559316468
1.90570643001 0.750232053886 0.0133295813893
1.90884818505 0.744184183944 0.0131238136974
1.91198994008 0.75050433392 0.0124397071797
1.91513169512 0.729613599661 0.0134759578405
1.91827345016 0.778763112999 0.0121529929644
1.9214152052 0.778271929186 0.0126720170996
1.92455696023 0.79182215741 0.0137684843994
1.92769871527 0.793950975366 0.0133118856014
1.93084047031 0.805435305426 0.0123320666515
1.93398222534 0.780144729253 0.0132672966668
1.93712398038 0.79225063592 0.0150138589556
1.94026573542 0.794257092992 0.0132282250756
1.94340749046 0.793404882086 0.0129983227134
1.94654924549 0.787623897301 0.014152987473
1.94969100053 0.791653282969 0.0143550372268
1.95283275557 0.804142885056 0.0133317808179
1.9559745106 0.804862680456 0.013896365514
1.95911626564 0.785686473445 0.0139474190408
1.96225802068 0.818482183643 0.0121922458127
1.96539977572 0.802423169002 0.0148322547136
1.96854153075 0.819356488451 0.0135581069377
1.97168328579 0.812340111675 0.0144242204439
1.97482504083 0.803494398378 0.0136844599884
1.97796679586 0.792466099331 0.0153047603348
1.9811085509 0.840080476821 0.0123127106155
1.98425030594 0.846878355866 0.0128234613078
1.98739206098 0.824565149768 0.0136524392182
1.99053381601 0.829092640342 0.0149934974241
1.99367557105 0.838231397965 0.0137540720144
1.99681732609 0.809467007708 0.0155873693387
1.99995908112 0.843248279566 0.0147058828555
2.00310083616 0.819178443289 0.0170386037993
2.0062425912 0.844498921216 0.0149694037312
2.00938434624 0.851740534235 0.015118807351
2.01252610127 0.859170618063 0.0146514402684
2.01566785631 0.842124115817 0.0156834914214
2.01880961135 0.845772891283 0.0158278747122
2.02195136638 0.830106707937 0.0166712537123
2.02509312142 0.817698486332 0.0193323651005
2.02823487646 0.86876229165 0.0148831915385
2.0313766315 0.881547816963 0.0153596801754
2.03451838653 0.863658797129 0.0144668547267
2.03766014157 0.855288524683 0.0160753691125
2.04080189661 0.86548993843 0.0147774090897
2.04394365164 0.871731583062 0.0147644763772
2.04708540668 0.882163319861 0.0133337411205
2.05022716172 0.857719210409 0.0155762497348
2.05336891676 0.878850079175 0.0168222324227
2.05651067179 0.854508298949 0.0186771997269
2.05965242683 0.868783398071 0.0165301767506
2.06279418187 0.867445642555 0.0148742878297
2.0659359369 0.8858167516 0.0136506969117
2.06907769194 0.890072049889 0.013989536728
2.07221944698 0.916991885307 0.0132544929
2.07536120201 0.866898501195 0.0211020629871
2.07850295705 0.866823382258 0.0180763896085
2.08164471209 0.893353443025 0.0173543730256
2.08478646713 0.903545341258 0.0147378477022
2.08792822216 0.878529546395 0.0200018044969
2.0910699772 0.915035257177 0.0155162868015
2.09421173224 0.902924870396 0.0148070085267
2.09735348727 0.912003302985 0.0155626968502
2.10049524231 0.920520010656 0.0159321822901
2.10363699735 0.876105111649 0.021244531656
2.10677875239 0.910584029184 0.0140999502934
2.10992050742 0.913220377605 0.0136621431154
2.11306226246 0.932683980704 0.0142786874878
2.1162040175 0.953558992991 0.00698568751305
2.11934577253 0.930754904937 0.0121126431047
2.12248752757 0.932711849842 0.0166734697039
2.12562928261 0.939195584564 0.0144805951361
2.12877103765 0.962414358977 0.00739943832416
2.13191279268 0.950725544046 0.00990638636501
2.13505454772 0.950556106675 0.0124332425294
2.13819630276 0.945505786129 0.00976000998733
2.14133805779 0.892323020527 0.0241134380521
2.14447981283 0.906169983493 0.0188526282422
2.14762156787 0.933065883687 0.0195085643206
2.15076332291 0.936436522602 0.0173060862403
2.15390507794 0.937543299307 0.0145227175633
2.15704683298 0.905436094617 0.0236158338114
2.16018858802 0.873606428128 0.0282658841693
2.16333034305 0.933013685212 0.0138120017163
2.16647209809 0.929454650078 0.0154680834925
2.16961385313 0.920378884704 0.0187937720828
2.17275560817 0.920619327137 0.0238953815861
2.1758973632 0.927178612622 0.0203059194771
2.17903911824 0.914465838203 0.0225877560277
2.18218087328 0.942667913283 0.0175426490914
2.18532262831 0.907199830227 0.026608615035
2.18846438335 0.940960004234 0.0169130903455
2.19160613839 0.940349666123 0.0184321762159
2.19474789343 0.939467202481 0.0148293719071
2.19788964846 0.915543256386 0.0235395701004
2.2010314035 0.953907331434 0.0147530184404
2.20417315854 0.949786956067 0.0161642298027
2.20731491357 0.953352211829 0.0165931753461
2.21045666861 0.943912301112 0.0183359520985
2.21359842365 0.964252786762 0.0135370125986
2.21674017869 0.942529340924 0.017351526571
2.21988193372 0.94871529789 0.0181890404967
2.22302368876 0.956744979409 0.0194457000022
2.2261654438 0.968749447918 0.00781644537604
2.22930719883 0.898599931674 0.0224422485025
2.23244895387 0.931941139494 0.021423496722
2.23559070891 0.964952978825 0.0137185363891
2.23873246394 0.919978078526 0.0235905141075
2.24187421898 0.95878618661 0.0133631766228
2.24501597402 0.955678329031 0.0157798362431
2.24815772906 0.931688043486 0.0241815002178
2.25129948409 0.9565388335 0.0162351150485
2.25444123913 0.988440442442 0.00199804140187
2.25758299417 0.951237527786 0.0250953396881
2.2607247492 0.974481855279 0.00494116367574
2.26386650424 0.972236451832 0.010537887045
2.26700825928 0.990408729874 0.00148076725758
2.27015001432 0.967246185984 0.0117073219463
2.27329176935 0.963943571685 0.0164903689597
2.27643352439 0.951384298259 0.0254532800415
2.27957527943 0.988248371456 0.00145957507868
2.28271703446 0.938592452005 0.0314722784257
2.2858587895 0.992218907831 0.00122421862543
2.28900054454 0.969827640611 0.0176520306787
2.29214229958 0.958868773463 0.0220104736353
2.29528405461 0.990583713353 0.00152396228716
2.29842580965 0.992715492434 0.000471253647195
2.30156756469 0.978093594301 0.00954145620827
2.30470931972 0.978164062394 0.00830738139883
2.30785107476 0.990149650359 0.00175757856392
2.3109928298 0.970754338172 0.0145090850751
2.31413458484 0.942351863616 0.0328061529184
2.31727633987 0.914457407536 0.0460710312249
2.32041809491 0.919524119813 0.0606366773604
2.32355984995 0.900611221492 0.0601599320345
2.32670160498 0.993535825425 0.00113523404746
2.32984336002 0.941717792136 0.0489231791864
2.33298511506 0.984931275109 0.00751007226105
2.3361268701 0.976600773856 0.00797925413991
2.33926862513 0.987030075295 0.00541932895859
2.34241038017 0.992330521731 0.000993696568629
2.34555213521 0.966630146978 0.0186009261688
2.34869389024 0.974738594707 0.0109216744528
2.35183564528 0.986974629047 0.00454238208586
2.35497740032 0.975443320214 0.0131645491953
2.35811915536 0.994135910042 0.00108702757116
2.36126091039 0.99085206058 0.00173733244599
2.36440266543 0.991280225104 0.00196628852456
2.36754442047 0.973751436944 0.0138158700602
2.3706861755 0.989256531591 0.00274546820627
2.37382793054 0.991481726829 0.00436659319926
2.37696968558 0.994731363696 0.000639634424894
2.38011144062 0.994892288899 0.000400687617695
2.38325319565 0.980667719227 0.0105877681195
2.38639495069 0.99479215958 0.000478635715836
2.38953670573 0.991786178833 0.00218928122931
2.39267846076 0.991613604957 0.00155960658163
2.3958202158 0.992928959359 0.00105938072325
2.39896197084 0.994998500306 0.000373465038363
2.40210372587 0.996000275946 0.00182592998951
2.40524548091 0.994572123645 0.000469788083928
2.40838723595 0.995073841603 0.000693314359265
2.41152899099 0.98376096226 0.00747630987483
2.41467074602 0.982952658573 0.0103350452938
2.41781250106 0.992563372398 0.00373551605838
2.4209542561 0.986700873737 0.00704102737732
2.42409601113 0.994410119074 0.000677092546137
2.42723776617 0.993681563409 0.000870003855699
2.43037952121 0.995505308072 0.000553267493293
2.43352127625 0.994380819809 0.00163001018401
2.43666303128 0.992138867615 0.0028422028701
2.43980478632 0.968124007046 0.0254876717677
2.44294654136 0.995020667177 0.000696945268761
2.44608829639 0.996158494743 0.000469323867143
2.44923005143 0.99059441292 0.00252521982581
2.45237180647 0.996093168371 0.000556318869566
2.45865531654 0.995617815757 0.00157672174844
2.46179707158 0.996298673473 0.00111381057849
2.46493882662 0.995355456414 0.00107557795621
2.46808058165 0.995806404982 0.000324115901955
2.47122233669 0.996322260499 0.00033155220303
2.47436409173 0.995667876515 0.000812586619184
2.47750584677 0.995738971618 0.000631051256868
2.4806476018 0.995626271157 0.0010834799
2.48378935684 0.996014590959 0.000512428406275
2.48693111188 0.99563755954 0.000440036570314
2.49007286691 0.996719049813 0.0
2.49321462195 0.99538175248 0.00079449100155
2.49635637699 0.995905633721 0.000622422403843
2.49949813203 0.995175028464 0.00223043369804
2.50263988706 0.99674787236 0.000467184448891
2.5057816421 0.995793813472 0.000628121431038
2.50892339714 0.995395864384 0.00109949492952
2.51834866225 0.99584137579 0.000607381956111
2.52149041729 0.996034760745 0.000897202113032
2.5309156824 0.997623705536 0.0
2.53405743743 0.995982110912 0.000640581977005
2.54034094751 0.996197062179 0.000987954787475
2.54348270255 0.996182189234 0.000649102727076
2.54976621262 0.99625037344 1.59094827935e-05
2.55604972269 0.997819764633 0.0
2.55919147773 0.99543699626 0.0
2.57490025292 0.997106388516 0.00011802716703
2.58118376299 0.99701145774 0.0
2.58432551803 0.9950458553 0.0
2.5906090281 0.996540598757 0.000562850891115
2.59375078314 0.997485163768 4.48396293391e-05
2.59689253818 0.994905503152 4.18833154001e-05
2.60631780329 0.997613563105 0.0
2.60945955832 0.994643229708 0.0
2.63145184358 0.997186937202 0.00060894040456
2.64716061877 0.996740367516 0.000643716826466
2.67229465907 0.9974798855 0.0
2.6754364141 0.995134633102 0.0
2.68800343425 0.996762423158 0.000409425409694
2.7005704544 0.997261687055 0.000964158848504
2.96133612248 0.998959140967 0.0
