0.000413373968492 0.0279915495308 0.0114214841863
0.00270012190548 0.0227991863213 0.00256532851117
0.00498686984246 0.0283362316034 0.00553654016095
0.00727361777944 0.0197561888116 0.00169060484539
0.00956036571643 0.02897460198 0.00383157936358
0.0118471136534 0.0240562990831 0.00208459644793
0.0141338615904 0.0204932291942 0.00129997811078
0.0164206095274 0.0278941017509 0.00331471904753
0.0187073574644 0.0213350303158 0.00179441230145
0.0209941054014 0.0205429248692 0.00148166435001
0.0232808533383 0.0212409039007 0.00178788645986
0.0255676012753 0.0245196541413 0.00259640072406
0.0278543492123 0.0207239368568 0.00283551318422
0.0301410971493 0.0207974993785 0.00133720165816
0.0324278450863 0.0233791581893 0.00198543375248
0.0347145930233 0.0230452468335 0.00207194336737
0.0370013409602 0.0192275941109 0.00132764042911
0.0392880888972 0.0211274516404 0.00156084631083
0.0415748368342 0.0198561640794 0.00127985551852
0.0438615847712 0.0202902983236 0.00120428673791
0.0461483327082 0.0200183315517 0.00123040216786
0.0484350806452 0.0216078125892 0.0019006703817
0.0507218285821 0.018838141141 0.000972708906584
0.0530085765191 0.0214962852347 0.00132561598979
0.0552953244561 0.0237405017962 0.0023406479664
0.0575820723931 0.0184927939115 0.000895456826895
0.0598688203301 0.0198971435075 0.00102134535015
0.0621555682671 0.0197842943454 0.00103846370349
0.0644423162041 0.0206417093885 0.0013435624168
0.066729064141 0.0215123530793 0.00153236089426
0.069015812078 0.0209904485977 0.00165690914131
0.071302560015 0.0192035215037 0.000953651522
0.073589307952 0.0230035733804 0.00209687101065
0.075876055889 0.0197059624676 0.00114567210136
0.078162803826 0.0196481926147 0.00116839230623
0.0804495517629 0.0201767273447 0.00136875079859
0.0827362996999 0.018644695727 0.00110956049081
0.0850230476369 0.0231664172944 0.00160530043873
0.0873097955739 0.0200348406332 0.00115787769414
0.0895965435109 0.0197190419395 0.000999727209249
0.0918832914479 0.020810404589 0.00122937485099
0.0941700393848 0.0177282345376 0.000587098128166
0.0964567873218 0.021302325202 0.00126943913064
0.0987435352588 0.0196543982622 0.000946928655477
0.101030283196 0.018922668283 0.000718994176785
0.103317031133 0.0208112682211 0.00129487388862
0.10560377907 0.0199312179632 0.00109279516593
0.107890527007 0.0209416847923 0.00108852906968
0.110177274944 0.0188870716446 0.00084343786718
0.112464022881 0.019464980297 0.000763297164546
0.114750770818 0.0215023849105 0.001049397264
0.117037518755 0.0200964028231 0.000965389332614
0.119324266692 0.0193417123193 0.000704572625251
0.121611014629 0.0183305050598 0.000606224604033
0.123897762566 0.0197106198469 0.000791647016621
0.126184510503 0.0183299480764 0.000544326000322
0.12847125844 0.0200561393786 0.000680784864502
0.130758006377 0.0186251414605 0.000522642074044
0.133044754314 0.0193005308101 0.000548604147941
0.135331502251 0.0186118745528 0.000588699774959
0.137618250188 0.0187039817111 0.00056298805583
0.139904998125 0.0184265577303 0.000715669461919
0.142191746062 0.0193081369136 0.000564896142977
0.144478493998 0.0189558318357 0.000560176571443
0.146765241935 0.0184151675478 0.000483500431984
0.149051989872 0.0197522813319 0.000538839758059
0.151338737809 0.0180456212734 0.000425710877206
0.153625485746 0.019543298421 0.000546515569968
0.155912233683 0.018572636847 0.000437477077902
0.15819898162 0.0190441662155 0.000513065655899
0.160485729557 0.0199085449805 0.000475942135146
0.162772477494 0.0191103100484 0.000448668837809
0.165059225431 0.0197775050457 0.000558170498538
0.167345973368 0.0193077173044 0.000484451291477
0.169632721305 0.0195976972968 0.000462749947717
0.171919469242 0.019877397136 0.000489896780557
0.174206217179 0.0196651976905 0.000452079991641
0.176492965116 0.0205084634447 0.000486396071453
0.178779713053 0.0202119299643 0.000478951844786
0.18106646099 0.0209674038776 0.000482306499519
0.183353208927 0.0196112174989 0.000492563762796
0.185639956864 0.0210557847766 0.000481342020033
0.187926704801 0.0207406072138 0.000453615542995
0.190213452738 0.0209955527571 0.000462842271549
0.192500200675 0.0214160471936 0.000474946042396
0.194786948612 0.0213180514757 0.000437159770975
0.197073696549 0.0214294563771 0.000473810885027
0.199360444486 0.021981392901 0.000473140024292
0.201647192423 0.0221625156962 0.000496747301195
0.20393394036 0.0225769085488 0.000516815524382
0.206220688297 0.0222539031804 0.0004532007275
0.208507436234 0.022209192939 0.00044005567019
0.210794184171 0.0228082189345 0.000484465072313
0.213080932108 0.023019669679 0.000484860819237
0.215367680045 0.0229945806494 0.000449305496901
0.217654427982 0.0234599365436 0.00049926062206
0.219941175919 0.0239348795128 0.000503150209671
0.222227923856 0.0239438428746 0.000470754008602
0.224514671793 0.0244239797235 0.000496756522341
0.22680141973 0.0256532027179 0.000546953558551
0.229088167667 0.0256967150698 0.000536461018797
0.231374915604 0.0253059589894 0.000495729397322
0.233661663541 0.0262021717094 0.000557747252816
0.235948411478 0.0274038402545 0.000547540819346
0.238235159415 0.0276114853439 0.000520628031201
0.240521907352 0.0277972370771 0.00052640482023
0.242808655289 0.02810518031 0.00056858350684
0.245095403226 0.0289717749983 0.000571859382468
0.247382151163 0.0305590586491 0.000577075157482
0.2496688991 0.029592313396 0.000552373058778
0.251955647037 0.0313458858983 0.000611971677651
0.254242394974 0.0306054739991 0.000628611847936
0.256529142911 0.0317463365433 0.000632459340138
0.258815890848 0.0323398537664 0.000617162869914
0.261102638785 0.0355541256191 0.00067879979926
0.263389386722 0.0352970020028 0.000676648443042
0.265676134659 0.0347745550649 0.000695946164978
0.267962882596 0.0376307736909 0.000685629105797
0.270249630533 0.0369953123359 0.000679727942805
0.27253637847 0.0387943754355 0.000721900717858
0.274823126407 0.0385387363194 0.000730767561124
0.277109874344 0.0402793557469 0.000741599845741
0.279396622281 0.0417820059353 0.000842016933798
0.281683370218 0.0426792820175 0.000736314434529
0.283970118155 0.0439320234808 0.000779101729381
0.286256866092 0.0450724856249 0.000828586100274
0.288543614029 0.046446810125 0.000828070926503
0.290830361965 0.0464444639779 0.000821966068669
0.293117109902 0.0458205968518 0.000794891375762
0.295403857839 0.0494287111546 0.000850718589488
0.297690605776 0.0480695707354 0.000831578346284
0.299977353713 0.0489452555438 0.000815726577031
0.30226410165 0.0516968295417 0.000848717606605
0.304550849587 0.0517345438347 0.00081289646172
0.306837597524 0.0511421360661 0.000817676960489
0.309124345461 0.0526981773388 0.000861670155449
0.311411093398 0.0532554165025 0.00082137034008
0.313697841335 0.0548284257414 0.000843395016577
0.315984589272 0.0553325280377 0.000816679821264
0.318271337209 0.0554867609537 0.000842400024292
0.320558085146 0.0554279834793 0.000809445622646
0.322844833083 0.0578865277399 0.000864317537764
0.32513158102 0.0581263882506 0.00084388757694
0.327418328957 0.056841336509 0.000859472798074
0.329705076894 0.0600790867168 0.000899924365614
0.331991824831 0.0590004786997 0.00084759819152
0.334278572768 0.0605339239531 0.000824861174995
0.336565320705 0.0597622721539 0.000815814455244
0.338852068642 0.0601008227463 0.000799311826771
0.341138816579 0.0626115022125 0.00087649731591
0.343425564516 0.0612281695976 0.000813501876457
0.345712312453 0.0628513905059 0.000799173346588
0.34799906039 0.0626143771476 0.000767353803758
0.350285808327 0.0622745597378 0.000749832956789
0.352572556264 0.0625788885653 0.000751079558878
0.354859304201 0.0635743551934 0.000759434296299
0.357146052138 0.0623982146912 0.00075966194207
0.359432800075 0.0627172758951 0.000748248616046
0.361719548012 0.0637747016291 0.000747130807491
0.364006295949 0.0636408415224 0.00072486743958
0.366293043886 0.06373808911 0.000721017192455
0.368579791823 0.0634779749072 0.000708632958644
0.37086653976 0.0644480615907 0.000704068465996
0.373153287697 0.0639359632909 0.000733434908414
0.375440035634 0.0641074186191 0.000683412220645
0.377726783571 0.0635536145761 0.000674293378169
0.380013531508 0.0643192394157 0.000688293815437
0.382300279445 0.0621761829091 0.000658352664986
0.384587027382 0.0649326960049 0.000691385685612
0.386873775319 0.0652883437803 0.000662136824248
0.389160523256 0.063804529416 0.000639748299581
0.391447271193 0.0638367858888 0.000596378682746
0.39373401913 0.0645533115652 0.000618673439501
0.396020767067 0.0641636887002 0.000605387954774
0.398307515004 0.063857726116 0.000588247674068
0.400594262941 0.0651781806572 0.000608947615245
0.402881010878 0.0637055823037 0.000587074526781
0.405167758815 0.0645480320911 0.000568006358312
0.407454506752 0.0648001546307 0.000583272411994
0.409741254689 0.0646630802876 0.000572332437191
0.412028002626 0.0647212376507 0.00055319479169
0.414314750563 0.0639706521605 0.000549360482702
0.4166014985 0.0642666606185 0.000539633548487
0.418888246437 0.0643854674597 0.000547101388825
0.421174994374 0.0646014698215 0.000549718237933
0.423461742311 0.0632902197223 0.000534839350457
0.425748490248 0.0633525126477 0.000495764356589
0.428035238185 0.0636383842349 0.000545235493245
0.430321986122 0.064070915665 0.00049706470665
0.432608734059 0.0641531461985 0.000533870076147
0.434895481995 0.0644061910569 0.0005400601748
0.437182229932 0.0640761072142 0.000523478883991
0.439468977869 0.0641099420664 0.000517356917365
0.441755725806 0.0642362165128 0.000510596525522
0.444042473743 0.063653967219 0.000518253754912
0.44632922168 0.0641686320571 0.000501385954866
0.448615969617 0.0649009425618 0.000537285296298
0.450902717554 0.0635313389782 0.00052109825753
0.453189465491 0.0641259063747 0.00054121472755
0.455476213428 0.0642396378724 0.000565384331718
0.457762961365 0.0637905812224 0.000524395003178
0.460049709302 0.0635039219739 0.000502949707419
0.462336457239 0.0636404725554 0.000522638244764
0.464623205176 0.0627525609308 0.00052320151672
0.466909953113 0.0640921624143 0.000585181611932
0.46919670105 0.0633599345275 0.00053900747473
0.471483448987 0.0632774171749 0.000525860807384
0.473770196924 0.0630276435277 0.000564399464474
0.476056944861 0.0628416400129 0.000521585052366
0.478343692798 0.0628200520406 0.00058097660134
0.480630440735 0.0626997226432 0.000528122126517
0.482917188672 0.0626384138944 0.000541539141074
0.485203936609 0.063759156038 0.000607600279815
0.487490684546 0.063264374079 0.000548064528969
0.489777432483 0.0636004154217 0.000552574869591
0.49206418042 0.0631922170933 0.000578804018397
0.494350928357 0.0636343683281 0.000577629388872
0.496637676294 0.0638542354812 0.000564924126023
0.498924424231 0.0622326000867 0.000534215417262
0.501211172168 0.0622863000242 0.000582476594805
0.503497920105 0.0621562106428 0.000562015144139
0.505784668042 0.0637960893779 0.000600260478943
0.508071415979 0.0635327856819 0.000623870260296
0.510358163916 0.0624253091171 0.000557881722658
0.512644911853 0.062019179813 0.000550848610526
0.51493165979 0.0618076952825 0.000541995232315
0.517218407727 0.0623010072489 0.000538902698004
0.519505155664 0.0610882535719 0.000526743474473
0.521791903601 0.0606856964408 0.00053390037347
0.524078651538 0.0607123193626 0.000520214790253
0.526365399475 0.0611008181158 0.000552605087155
0.528652147412 0.0609010164029 0.000527672341589
0.530938895349 0.0603907470605 0.000534039099069
0.533225643286 0.0607262542006 0.000532459781332
0.535512391223 0.0598224099911 0.000488601553911
0.53779913916 0.0605832921536 0.000534439078033
0.540085887097 0.0599662115794 0.000490080513504
0.542372635034 0.05917434223 0.000491049404133
0.544659382971 0.0605892499832 0.000560125545708
0.546946130908 0.0599597177091 0.000520145325377
0.549232878845 0.0600129499146 0.000490671924489
0.551519626782 0.0598942065376 0.00054263667195
0.553806374719 0.0591655587383 0.000449409533141
0.556093122656 0.0603064938392 0.00053653787542
0.558379870593 0.0592189614039 0.000457420691569
0.56066661853 0.0590988160997 0.000459294413928
0.562953366467 0.0589890846913 0.000495008821092
0.565240114404 0.058809909915 0.000509804195056
0.567526862341 0.0585075729531 0.00047958178169
0.569813610278 0.0586893754659 0.000486849743789
0.572100358215 0.0585375826759 0.000467534662229
0.574387106152 0.0587224703082 0.000494149556717
0.576673854089 0.0579345577099 0.000458092262639
0.578960602026 0.0577206867327 0.000466464417924
0.581247349962 0.0575056071543 0.000431872751607
0.583534097899 0.0577327281426 0.000450486789109
0.585820845836 0.0575592504528 0.000482525857591
0.588107593773 0.0576634763546 0.00045860732133
0.59039434171 0.0572944759652 0.000440834549965
0.592681089647 0.0573737466897 0.000444775252423
0.594967837584 0.0571976256214 0.000442994267657
0.597254585521 0.0570595325003 0.000438442772446
0.599541333458 0.0577051828714 0.000464362358049
0.601828081395 0.0563616227101 0.000425900696472
0.604114829332 0.057423747219 0.000461520074561
0.606401577269 0.0565970390432 0.000435440988407
0.608688325206 0.0560738602565 0.000395589963483
0.610975073143 0.056599629179 0.000439507540499
0.61326182108 0.0566843151634 0.000426735756164
0.615548569017 0.0559314195205 0.000403264831481
0.617835316954 0.0561029037233 0.000396099880715
0.620122064891 0.0560863847418 0.000396265139511
0.622408812828 0.0555098381236 0.000356809542867
0.624695560765 0.0556191567898 0.000405702723821
0.626982308702 0.055494767658 0.000387558362703
0.629269056639 0.0557394189747 0.000391455334838
0.631555804576 0.0547328634016 0.000375525406597
0.633842552513 0.0550109632455 0.000370686970778
0.63612930045 0.0557451863615 0.000369345696319
0.638416048387 0.0550317193634 0.000362515941618
0.640702796324 0.0552785553236 0.000389679848526
0.642989544261 0.0548421455797 0.000355393070294
0.645276292198 0.0542377525562 0.000345329402004
0.647563040135 0.0548088352087 0.000348258709679
0.649849788072 0.0548849387921 0.000355868096646
0.652136536009 0.0547339701726 0.00036691060733
0.654423283946 0.0544908314549 0.000340228438493
0.656710031883 0.0540323390441 0.000334594849256
0.65899677982 0.0540265728968 0.000338944245909
0.661283527757 0.0539428686597 0.000341763913114
0.663570275694 0.0540011559889 0.000310373119764
0.665857023631 0.054184426135 0.000344056301118
0.668143771568 0.0539022920173 0.000328079976095
0.670430519505 0.0534690082406 0.000312894321077
0.672717267442 0.0536499654745 0.000294101469793
0.675004015379 0.0533787117197 0.0003073193163
0.677290763316 0.0537066165483 0.000311302966541
0.679577511253 0.053035939555 0.00029516294897
0.68186425919 0.0530355642342 0.00028404490479
0.684151007127 0.053305086891 0.000283131018167
0.686437755064 0.0529667223727 0.000280457031812
0.688724503001 0.0527635991257 0.000276332452477
0.691011250938 0.0534097440404 0.000298436032916
0.693297998875 0.0531449214285 0.000276305178486
0.695584746812 0.0523845828272 0.000260013403352
0.697871494749 0.0525098536096 0.000272098790662
0.700158242686 0.0525295029625 0.000270766173992
0.702444990623 0.0523680567129 0.00026604992759
0.70473173856 0.0520953816108 0.000258652338023
0.707018486497 0.0524864471741 0.000264860434046
0.709305234434 0.0523151110929 0.000248977043901
0.711591982371 0.0521194488268 0.000243999738007
0.713878730308 0.0522396603819 0.000271130214609
0.716165478245 0.0522117458546 0.000268777542516
0.718452226182 0.0520055742308 0.00024613787104
0.720738974119 0.0523095215026 0.000250626051208
0.723025722056 0.0513535713865 0.000241983183782
0.725312469992 0.0518786392778 0.000233939759995
0.727599217929 0.0509949132649 0.000224601655006
0.729885965866 0.0509998417173 0.000226941174415
0.732172713803 0.051348208936 0.000223676288545
0.73445946174 0.0507878202403 0.000215364125411
0.736746209677 0.0510575435885 0.000223731772738
0.739032957614 0.0508349075411 0.000219189949699
0.741319705551 0.0511722466822 0.000229738171679
0.743606453488 0.0511070457861 0.000214602526987
0.745893201425 0.051399260528 0.000220222521931
0.748179949362 0.0511111571847 0.000216641390294
0.750466697299 0.0510703639667 0.000215197852736
0.752753445236 0.0506059076475 0.000205905392038
0.755040193173 0.05121123311 0.000221926619874
0.75732694111 0.0506018217848 0.000205485018075
0.759613689047 0.0505577161958 0.000208748205174
0.761900436984 0.0507493999099 0.0002064960861
0.764187184921 0.0509550905995 0.000217581345137
0.766473932858 0.0506735958362 0.000208909703533
0.768760680795 0.0502741447594 0.000197752244506
0.771047428732 0.0505725494604 0.000206663715237
0.773334176669 0.0505577116601 0.000206438794907
0.775620924606 0.0503733603477 0.000202484940046
0.777907672543 0.0504582652083 0.000205976509012
0.78019442048 0.0505208907606 0.000200578349102
0.782481168417 0.0503267077787 0.000199743747949
0.784767916354 0.0505859499588 0.000196859747515
0.787054664291 0.0504133330398 0.000187821970188
0.789341412228 0.0501365242939 0.000185405138954
0.791628160165 0.0501131934225 0.000187275204405
0.793914908102 0.0503677361292 0.000192251124933
0.796201656039 0.0501753117016 0.000188032296098
0.798488403976 0.0499300851614 0.000185871401739
0.800775151913 0.0497871521491 0.00018221700115
0.80306189985 0.0498736086975 0.000181014009841
0.805348647787 0.0500797393601 0.00018378865586
0.807635395724 0.0500943157686 0.000183701121504
0.809922143661 0.0500233847791 0.000176729281387
0.812208891598 0.0500960607692 0.000182028543962
0.814495639535 0.0497293702234 0.000177112873667
0.816782387472 0.050145996793 0.000178512629545
0.819069135409 0.0499327602164 0.000179140571533
0.821355883346 0.0499204699764 0.0001779622245
0.823642631283 0.0500672538747 0.000175497561731
0.82592937922 0.049750060658 0.000175726875762
0.828216127157 0.0497979602411 0.000175582867713
0.830502875094 0.0498330625256 0.000177823037924
0.832789623031 0.0503204177798 0.000182220952493
0.835076370968 0.0498443075032 0.000178076429131
0.837363118905 0.0496875892288 0.000175663631367
0.839649866842 0.0499771498562 0.000174415824357
0.841936614779 0.0501681335268 0.000176713685531
0.844223362716 0.0504051060179 0.000178326911888
0.846510110653 0.0502935348617 0.000173651789259
0.84879685859 0.0500795777793 0.000171555607361
0.851083606527 0.0501527115119 0.000171821100548
0.853370354464 0.0502765292033 0.000170875542228
0.855657102401 0.0501094996699 0.000175505699274
0.857943850338 0.0499704543961 0.000172462856593
0.860230598275 0.0504008982027 0.000174533112916
0.862517346212 0.0504924888013 0.000174025256488
0.864804094149 0.0501448000016 0.000170934900364
0.867090842086 0.0500740948058 0.000171956856635
0.869377590023 0.0503522709597 0.000175301283978
0.871664337959 0.0502208229713 0.000170322487684
0.873951085896 0.0502619960014 0.000169278632448
0.876237833833 0.0503986386141 0.000166886268526
0.87852458177 0.0503052883569 0.000165822344734
0.880811329707 0.0505458542566 0.000171535641298
0.883098077644 0.0504015170626 0.000168140642608
0.885384825581 0.0506706539843 0.000171946940288
0.887671573518 0.0508745883676 0.00017221417693
0.889958321455 0.0507421668941 0.000175782714159
0.892245069392 0.0505231148175 0.000172819672178
0.894531817329 0.0508334903611 0.000172786528221
0.896818565266 0.0505014651108 0.00017157649097
0.899105313203 0.050995837662 0.000173354393933
0.90139206114 0.0505805777189 0.000170552530252
0.903678809077 0.0507663029636 0.000170705715767
0.905965557014 0.0509551722681 0.000169752690893
0.908252304951 0.05087892311 0.000174313496844
0.910539052888 0.0512104922873 0.000173104657522
0.912825800825 0.0511122635301 0.000171035668802
0.915112548762 0.0512021917982 0.000172430270164
0.917399296699 0.0513436778371 0.000176747478248
0.919686044636 0.0514328593104 0.000175107321883
0.921972792573 0.051305742047 0.000176120816178
0.92425954051 0.0513887882973 0.000177148457204
0.926546288447 0.0512826176363 0.000176276798867
0.928833036384 0.0512463325137 0.000172931380736
0.931119784321 0.0514499748 0.00017600223963
0.933406532258 0.0515242531483 0.000170363279419
0.935693280195 0.0517884389304 0.00017436480087
0.937980028132 0.0518612800096 0.000177440131714
0.940266776069 0.0518724686349 0.000178961211996
0.942553524006 0.0522120321386 0.000178394052406
0.944840271943 0.0523336173577 0.000180158221802
0.94712701988 0.0524607217115 0.000181924635055
0.949413767817 0.0524362198995 0.000184102364916
0.951700515754 0.0524237453084 0.000176252060376
0.953987263691 0.0528555910683 0.000183461576931
0.956274011628 0.0523102706263 0.000177841592078
0.958560759565 0.0524710628774 0.000177053375721
0.960847507502 0.0525172050514 0.000182640184413
0.963134255439 0.0524507458004 0.000182713831338
0.965421003376 0.0530659128003 0.00018244650646
0.967707751313 0.0530230708057 0.000185545522924
0.96999449925 0.0535893463368 0.000189988852744
0.972281247187 0.0531546427803 0.000181946632505
0.974567995124 0.0535715712067 0.000185812675655
0.976854743061 0.053462112673 0.000185846264962
0.979141490998 0.0536722332797 0.000186415729365
0.981428238935 0.0538605371911 0.000189097320319
0.983714986872 0.0540491638273 0.000190075097316
0.986001734809 0.0543326154798 0.000188551418472
0.988288482746 0.0545869389233 0.000189390454709
0.990575230683 0.0544382360287 0.000193717306278
0.99286197862 0.0548001559355 0.000190404471967
0.995148726557 0.0549996547155 0.000192549386278
0.997435474494 0.0552487867317 0.000198701862245
0.999722222431 0.0555564624888 0.000198861409786
1.00200897037 0.0556182434765 0.000200613274206
1.0042957183 0.0554713258259 0.000201186124853
1.00658246624 0.0558129520587 0.000197091354308
1.00886921418 0.0561424195185 0.00020017167814
1.01115596212 0.0560361995915 0.000202246660854
1.01344271005 0.0556806957695 0.000201745855709
1.01572945799 0.0561402244183 0.000203599258885
1.01801620593 0.0564492684542 0.000208848490348
1.02030295386 0.0564482313095 0.000205878508695
1.0225897018 0.0565710886354 0.000208981449948
1.02487644974 0.0564449191994 0.000207336713018
1.02716319767 0.0566664565721 0.000205720210431
1.02944994561 0.0567772257043 0.000199878940455
1.03173669355 0.05718466461 0.000206810714771
1.03402344149 0.0573271108226 0.000206512279986
1.03631018942 0.0575066739574 0.000207617211935
1.03859693736 0.0579655035525 0.000206319011026
1.0408836853 0.0580947838388 0.00020952022353
1.04317043323 0.0584138283732 0.000211706127756
1.04545718117 0.0587604751244 0.000213521711618
1.04774392911 0.0591528741096 0.000215121263542
1.05003067704 0.0592330469199 0.00021944183649
1.05231742498 0.0593591018096 0.000220248196521
1.05460417292 0.0599633299928 0.000233150986971
1.05689092086 0.0594488071472 0.000223195112254
1.05917766879 0.0598253760763 0.00022190034478
1.06146441673 0.0598878348568 0.000221105906016
1.06375116467 0.0602527260925 0.000229836531622
1.0660379126 0.0606477407001 0.00023490866928
1.06832466054 0.0611005456407 0.000226448647851
1.07061140848 0.0612756712902 0.000233852496305
1.07289815641 0.061466473459 0.000228772700699
1.07518490435 0.0616798674704 0.000232346932057
1.07747165229 0.0623710507149 0.000239326645872
1.07975840023 0.0622131319054 0.000236567794554
1.08204514816 0.0626735098455 0.00023808616522
1.0843318961 0.0626020063326 0.000239374930018
1.08661864404 0.0630388513424 0.000239176373116
1.08890539197 0.0636322902255 0.000243596498276
1.09119213991 0.0631497375394 0.000243970366401
1.09347888785 0.0635932681701 0.000245406956871
1.09576563578 0.064283380355 0.000247314592401
1.09805238372 0.0645533908968 0.000251021293737
1.10033913166 0.0651134797092 0.000248298360021
1.10262587959 0.0655342464592 0.000252606203811
1.10491262753 0.0655087448397 0.00025580049746
1.10719937547 0.0661959841502 0.000262883696903
1.10948612341 0.0662450380211 0.000259246749161
1.11177287134 0.066716955405 0.000258399217755
1.11405961928 0.0672543391187 0.000268793639504
1.11634636722 0.0669789121961 0.000258416143169
1.11863311515 0.0676061168234 0.000266000182942
1.12091986309 0.0681042310391 0.000268474871329
1.12320661103 0.067799968673 0.000271722790068
1.12549335896 0.0688492783333 0.000269838313923
1.1277801069 0.0685167158996 0.000272502143922
1.13006685484 0.0695336341401 0.00027639069754
1.13235360278 0.0690454782138 0.000270824425856
1.13464035071 0.0701357057051 0.000282320313716
1.13692709865 0.0704822972831 0.000284466392706
1.13921384659 0.0702111305221 0.000288303457096
1.14150059452 0.0711857532522 0.000293351735914
1.14378734246 0.0712669145892 0.000289691662934
1.1460740904 0.0713120567824 0.000287830933367
1.14836083833 0.0720386058354 0.00029533849096
1.15064758627 0.0728244812975 0.000294435152811
1.15293433421 0.0732315460798 0.000304045068842
1.15522108215 0.0733545067186 0.000301583261183
1.15750783008 0.0738284902793 0.000308194086774
1.15979457802 0.0743819264162 0.0003158452711
1.16208132596 0.075134324125 0.000318282086766
1.16436807389 0.0751576080215 0.000310445008976
1.16665482183 0.0756789368456 0.000323006335002
1.16894156977 0.0764590317007 0.000332305091247
1.1712283177 0.0768393072335 0.000327766640523
1.17351506564 0.0769574810897 0.00033139196308
1.17580181358 0.0772461123988 0.000331895118162
1.17808856152 0.0778466680422 0.000329634796698
1.18037530945 0.0774615457401 0.000325206112446
1.18266205739 0.0790395884551 0.000346476877057
1.18494880533 0.0792495996802 0.000346253089991
1.18723555326 0.0798855311869 0.000355535877599
1.1895223012 0.0806470265487 0.000355723242322
1.19180904914 0.0810657757819 0.000367879548361
1.19409579707 0.0812122825863 0.000362692213057
1.19638254501 0.0818686531073 0.00036489419263
1.19866929295 0.0825138494818 0.00036117483537
1.20095604089 0.0833983298673 0.000369806619289
1.20324278882 0.0841459812335 0.00037698243376
1.20552953676 0.0840927881187 0.000373921081986
1.2078162847 0.084432558906 0.000373626959875
1.21010303263 0.0852461761542 0.000384209823184
1.21238978057 0.0854689695784 0.000384755238815
1.21467652851 0.0856570163051 0.000382202035151
1.21696327644 0.0865859126691 0.000384281769161
1.21925002438 0.0877869458114 0.000386381312235
1.22153677232 0.0883380725474 0.000407190173706
1.22382352026 0.088666462166 0.000412491804633
1.22611026819 0.0891527571022 0.000410516690361
1.22839701613 0.0892282383188 0.000405665880698
1.23068376407 0.091331807284 0.000431515913561
1.232970512 0.0915363191323 0.000437666650466
1.23525725994 0.0926169312553 0.000448197649161
1.23754400788 0.0927384831124 0.000444769043088
1.23983075581 0.0938199938251 0.000450072341068
1.24211750375 0.0940098651239 0.000447975616385
1.24440425169 0.0949853001363 0.000466817934892
1.24669099962 0.0952274702836 0.00046812183675
1.24897774756 0.0963182895552 0.000472414364467
1.2512644955 0.096512346129 0.00047654241184
1.25355124344 0.0972687601041 0.000481772687268
1.25583799137 0.0979049985673 0.000491564078676
1.25812473931 0.0990950024916 0.000497036350944
1.26041148725 0.0991943615412 0.000500293601593
1.26269823518 0.100270215944 0.000513242753823
1.26498498312 0.10015776795 0.000501125119869
1.26727173106 0.101263043286 0.000506867138882
1.26955847899 0.102949416601 0.000528051514063
1.27184522693 0.102930627362 0.000520383969586
1.27413197487 0.103541371226 0.000551186966929
1.27641872281 0.103936744132 0.000539687074394
1.27870547074 0.10476183316 0.000557728944806
1.28099221868 0.105661761734 0.000547061928778
1.28327896662 0.105722280635 0.000541317134304
1.28556571455 0.108565753433 0.000576409349647
1.28785246249 0.109156815174 0.000588737127243
1.29013921043 0.109098388654 0.000577800939607
1.29242595836 0.109754721879 0.000586738473173
1.2947127063 0.111629506037 0.000614816281444
1.29699945424 0.112424724294 0.000604948808263
1.29928620218 0.113432852563 0.000629618466198
1.30157295011 0.114024467367 0.000643917192054
1.30385969805 0.113845271638 0.000632511318798
1.30614644599 0.115369542037 0.000651166026951
1.30843319392 0.117314255624 0.000675178848684
1.31071994186 0.116180435521 0.000655590842119
1.3130066898 0.118571210829 0.000680464189074
1.31529343773 0.118443557055 0.000678177051996
1.31758018567 0.119559941408 0.000678007425171
1.31986693361 0.120048641953 0.000690882276049
1.32215368155 0.120925397917 0.000697499247832
1.32444042948 0.120766231971 0.00068045955709
1.32672717742 0.123535255759 0.000742868409795
1.32901392536 0.123790202342 0.000729679395501
1.33130067329 0.125339782333 0.000735821211854
1.33358742123 0.12638359556 0.000746527395662
1.33587416917 0.128308901593 0.000758034325821
1.3381609171 0.128743578066 0.000762341648732
1.34044766504 0.130136309353 0.000806771472263
1.34273441298 0.130809312085 0.000795392564331
1.34502116092 0.132699578956 0.000825254838284
1.34730790885 0.133076364011 0.000828882166967
1.34959465679 0.135273016259 0.000862008897999
1.35188140473 0.136028846032 0.000871458918427
1.35416815266 0.136340395833 0.000902635723575
1.3564549006 0.136805831999 0.000878254267694
1.35874164854 0.137792800719 0.000874718110095
1.36102839647 0.139741412582 0.000911355879539
1.36331514441 0.140106841052 0.000902350837986
1.36560189235 0.141659123956 0.000923986745286
1.36788864029 0.143459372438 0.000923654801725
1.37017538822 0.143615598485 0.000933248495196
1.37246213616 0.145738602288 0.000988888026981
1.3747488841 0.148444969663 0.00100343978574
1.37703563203 0.148339156386 0.00100595959744
1.37932237997 0.149678217955 0.00104593429717
1.38160912791 0.149363599047 0.00102401673108
1.38389587584 0.151047774998 0.00107331841014
1.38618262378 0.151418541957 0.00106442875973
1.38846937172 0.153959286452 0.00107284119212
1.39075611965 0.155694206054 0.00110660796579
1.39304286759 0.15765462674 0.00112863590113
1.39532961553 0.156159830451 0.00111661876167
1.39761636347 0.158656346695 0.00113310031208
1.3999031114 0.160607984172 0.00114487509155
1.40218985934 0.161469256447 0.00116704263603
1.40447660728 0.162193273826 0.00117827260008
1.40676335521 0.164179443999 0.00121010806577
1.40905010315 0.161822954527 0.00115837986063
1.41133685109 0.164618818177 0.00120693819617
1.41362359902 0.166554915374 0.00122493092365
1.41591034696 0.170159922577 0.00126191640402
1.4181970949 0.170773336231 0.00127702161574
1.42048384284 0.172590949925 0.00130146302171
1.42277059077 0.17266031323 0.00131833083975
1.42505733871 0.174689695015 0.00136300319394
1.42734408665 0.17616280168 0.00137525155606
1.42963083458 0.17624279084 0.00132557209851
1.43191758252 0.177345764261 0.00134092118072
1.43420433046 0.179543341228 0.00142618243629
1.43649107839 0.17892803657 0.00137730747122
1.43877782633 0.182499090621 0.0014471948671
1.44106457427 0.184309732544 0.0014852033163
1.44335132221 0.184881278909 0.00145210139392
1.44563807014 0.188237738355 0.00149643359705
1.44792481808 0.190340717929 0.00153132896111
1.45021156602 0.188844711925 0.00152393164481
1.45249831395 0.191576436693 0.00153958068438
1.45478506189 0.19380706198 0.00157645644859
1.45707180983 0.192819304645 0.001561685036
1.45935855776 0.197494526648 0.00164967649266
1.4616453057 0.199447163794 0.00162126096547
1.46393205364 0.19897495299 0.00162269679042
1.46621880158 0.201065509478 0.00168039801947
1.46850554951 0.205069904094 0.00171984825922
1.47079229745 0.20902489533 0.001746860713
1.47307904539 0.208669544967 0.00177804960554
1.47536579332 0.210291937756 0.00178612167069
1.47765254126 0.214045437148 0.00185787698218
1.4799392892 0.21355944044 0.00176615944751
1.48222603713 0.215553070625 0.00183157442132
1.48451278507 0.219660030294 0.00185532278621
1.48679953301 0.217794070395 0.00184427603429
1.48908628095 0.219662651652 0.00187944865625
1.49137302888 0.223749214321 0.00195684428122
1.49365977682 0.226340396533 0.00194999140616
1.49594652476 0.225105141797 0.00195070734043
1.49823327269 0.224412839225 0.00195157417174
1.50052002063 0.224549444195 0.00193108906788
1.50280676857 0.231971853829 0.00208754910634
1.5050935165 0.230930575855 0.00205573829297
1.50738026444 0.232421310351 0.00203233615543
1.50966701238 0.234625976281 0.0020844176264
1.51195376032 0.235617708729 0.0021370416256
1.51424050825 0.236324339052 0.00211532041995
1.51652725619 0.235922179923 0.00213616737735
1.51881400413 0.238424455473 0.00213962881132
1.52110075206 0.238727381498 0.00217580465263
1.5233875 0.243065533938 0.00222777992876
1.52567424794 0.244734809006 0.00224394411701
1.52796099587 0.245440334644 0.00220240180148
1.53024774381 0.250314806163 0.00233193376905
1.53253449175 0.256901564711 0.00241633441341
1.53482123968 0.254486468784 0.00240163876791
1.53710798762 0.258144004605 0.00243287149909
1.53939473556 0.256374461651 0.00237671426416
1.5416814835 0.261303860648 0.00246017709361
1.54396823143 0.261276734668 0.00248733547624
1.54625497937 0.259763780701 0.00243676905015
1.54854172731 0.261175584748 0.00246923616849
1.55082847524 0.262610044563 0.00248918641374
1.55311522318 0.266068729575 0.00247186597568
1.55540197112 0.267731389566 0.0025639154013
1.55768871905 0.26991474615 0.00252598127251
1.55997546699 0.274163773435 0.00264084083966
1.56226221493 0.275998844738 0.00261803591698
1.56454896287 0.277487689089 0.00262585368186
1.5668357108 0.277943305897 0.0025844596103
1.56912245874 0.285220185758 0.00273313237661
1.57140920668 0.29046299386 0.00280916799587
1.57369595461 0.284540853421 0.00276062743006
1.57598270255 0.288525300789 0.00276848165507
1.57826945049 0.28631174076 0.00282359948273
1.58055619842 0.286743182869 0.00269501220481
1.58284294636 0.287940914489 0.0028227031353
1.5851296943 0.2922268603 0.00283155063946
1.58741644224 0.300588405713 0.00297864828926
1.58970319017 0.299153415126 0.00294019065079
1.59198993811 0.29943872906 0.0029571966605
1.59427668605 0.299471196054 0.00293992308151
1.59656343398 0.302043770934 0.00303977443607
1.59885018192 0.31275901494 0.00316257928189
1.60113692986 0.313068408626 0.00313424505117
1.60342367779 0.312330814321 0.00313426523586
1.60571042573 0.311379027281 0.0030398092868
1.60799717367 0.317240651862 0.00318735718715
1.61028392161 0.314305076448 0.00311329446175
1.61257066954 0.320139148155 0.00316393473834
1.61485741748 0.32051586921 0.00316893725993
1.61714416542 0.323292191428 0.00328545443958
1.61943091335 0.324684683944 0.00328861775268
1.62171766129 0.328232793514 0.00333662091584
1.62400440923 0.334331461195 0.0033309155889
1.62629115716 0.334159488271 0.00342220605605
1.6285779051 0.337476015427 0.00335007241205
1.63086465304 0.338592963388 0.00347725610573
1.63315140098 0.33640978649 0.00342038602186
1.63543814891 0.344702979727 0.00352647209171
1.63772489685 0.336819534542 0.00345615963438
1.64001164479 0.341226438708 0.0034971292909
1.64229839272 0.345200070169 0.00361534495189
1.64458514066 0.351137710328 0.00366972954672
1.6468718886 0.349842777829 0.00359136910515
1.64915863653 0.356337687096 0.0036708136694
1.65144538447 0.349382360848 0.00366370974028
1.65373213241 0.353117425591 0.00366489779522
1.65601888035 0.361433392614 0.00372051261928
1.65830562828 0.361115655469 0.00372755940952
1.66059237622 0.361684546895 0.0037167997582
1.66287912416 0.361271706376 0.00376379677958
1.66516587209 0.363909457232 0.00365752235419
1.66745262003 0.371623036047 0.00384902113011
1.66973936797 0.369207808302 0.00383364488654
1.6720261159 0.373688428479 0.00383359476663
1.67431286384 0.371594644122 0.00387372077425
1.67659961178 0.373799367961 0.00388160258849
1.67888635971 0.376356740484 0.00400197784109
1.68117310765 0.379454022688 0.00386337663059
1.68345985559 0.385678962745 0.00401439253513
1.68574660353 0.384113619408 0.00402962302906
1.68803335146 0.389544816308 0.00408068706691
1.6903200994 0.392113093332 0.00408044238792
1.69260684734 0.399062826856 0.00423850535527
1.69489359527 0.397308118277 0.00418014724245
1.69718034321 0.399843834064 0.00418205349872
1.69946709115 0.404237291377 0.00412329328942
1.70175383908 0.397561335609 0.00406419004505
1.70404058702 0.39772111873 0.00409884878189
1.70632733496 0.403908309537 0.00408319208253
1.7086140829 0.40950205777 0.00423890818093
1.71090083083 0.409469839752 0.00431053104523
1.71318757877 0.412940027357 0.00445444820998
1.71547432671 0.414310934142 0.00451190809113
1.71776107464 0.416863702301 0.00431421132135
1.72004782258 0.419658045308 0.00453354152053
1.72233457052 0.424480480674 0.0045031441004
1.72462131845 0.431806763364 0.00448561876344
1.72690806639 0.42685226475 0.00449409597243
1.72919481433 0.438428027894 0.00470315633454
1.73148156227 0.436881001388 0.00471201837059
1.7337683102 0.434586154765 0.00457966503307
1.73605505814 0.438245030041 0.00470220999114
1.73834180608 0.431851781987 0.00454558717225
1.74062855401 0.439965399103 0.0046198324218
1.74291530195 0.442639052049 0.00471645629938
1.74520204989 0.446727093631 0.00488642436631
1.74748879782 0.450518766102 0.00485674537792
1.74977554576 0.457033312672 0.00486387356525
1.7520622937 0.45991321196 0.00497080011615
1.75434904164 0.460300058962 0.0049769785779
1.75663578957 0.457128267893 0.00498718868572
1.75892253751 0.46426280487 0.00505633993565
1.76120928545 0.457828187914 0.00513770505438
1.76349603338 0.471006911574 0.00500479395002
1.76578278132 0.468752259881 0.00521728360331
1.76806952926 0.478905653888 0.00518946650404
1.77035627719 0.47764759477 0.00534298097702
1.77264302513 0.474169130848 0.00522808513776
1.77492977307 0.471660597307 0.00532747309315
1.77721652101 0.481086943032 0.00529717176821
1.77950326894 0.484671167782 0.00535749120856
1.78179001688 0.493051360047 0.00534495170223
1.78407676482 0.488308045511 0.00532799017506
1.78636351275 0.49501999557 0.00566244470279
1.78865026069 0.502912435174 0.00540095775432
1.79093700863 0.508931362495 0.00552439567221
1.79322375656 0.505638425871 0.00552742250631
1.7955105045 0.500731106384 0.00564249188125
1.79779725244 0.50326663301 0.00555697689248
1.80008400038 0.514469276787 0.00571878043901
1.80237074831 0.507737343509 0.00572466038668
1.80465749625 0.513890071262 0.00587961305823
1.80694424419 0.516388712518 0.00569324205772
1.80923099212 0.505624162162 0.00587172742434
1.81151774006 0.514598334325 0.00569935384902
1.813804488 0.523537991517 0.00584416174023
1.81609123593 0.52202956705 0.00587906229537
1.81837798387 0.523395403501 0.00573232327672
1.82066473181 0.532293891045 0.00604105539336
1.82295147974 0.543804577816 0.00592826337704
1.82523822768 0.544109374092 0.00609255504056
1.82752497562 0.531161057941 0.00574148626604
1.82981172356 0.541439860531 0.00579253338617
1.83209847149 0.552775992127 0.00589807396411
1.83438521943 0.550623678158 0.00602381408975
1.83667196737 0.549996313429 0.00603782471049
1.8389587153 0.556542428122 0.00658664407972
1.84124546324 0.562975135151 0.0061849632363
1.84353221118 0.554493985183 0.00636005065689
1.84581895911 0.556166749924 0.00658397272144
1.84810570705 0.544370689996 0.0064436321672
1.85039245499 0.565703717188 0.00645069240094
1.85267920293 0.573156279665 0.00643212794689
1.85496595086 0.581072421491 0.00648897018383
1.8572526988 0.575565546297 0.00653197505316
1.85953944674 0.586535973446 0.0065718864383
1.86182619467 0.565599627355 0.00633774854624
1.86411294261 0.575946113759 0.0064020140098
1.86639969055 0.584493815939 0.00644543339397
1.86868643848 0.581835804532 0.00644528091333
1.87097318642 0.578256651335 0.00690038635156
1.87325993436 0.595310744184 0.00672325957796
1.8755466823 0.588208353809 0.00673599729696
1.87783343023 0.592278002117 0.006683062523
1.88012017817 0.597674920593 0.00677468460003
1.88240692611 0.602962971609 0.00669866294745
1.88469367404 0.597946382294 0.00673177028783
1.88698042198 0.604195230429 0.00690839793082
1.88926716992 0.615775484918 0.00699361171709
1.89155391785 0.612689219892 0.00664277697875
1.89384066579 0.610009256075 0.0068342821202
1.89612741373 0.616614359504 0.00698511624449
1.89841416167 0.61908965874 0.00745216457025
1.9007009096 0.619904133807 0.00698043083673
1.90298765754 0.611609724047 0.00704977373526
1.90527440548 0.62751555395 0.00698601005183
1.90756115341 0.608252273715 0.00738289654042
1.90984790135 0.619711263204 0.00727467040038
1.91213464929 0.634012961793 0.00734447757457
1.91442139722 0.649749246233 0.00734649784275
1.91670814516 0.638880768603 0.00738492032177
1.9189948931 0.640468772747 0.00736927310699
1.92128164104 0.646698148425 0.00737525789648
1.92356838897 0.639622317869 0.00762478291367
1.92585513691 0.648586274996 0.00786286419148
1.92814188485 0.656508073263 0.00721949248802
1.93042863278 0.655177660289 0.0077092657208
1.93271538072 0.662632249818 0.00753095178036
1.93500212866 0.658395662487 0.00748858617257
1.93728887659 0.670206206806 0.00770300493172
1.93957562453 0.667148843057 0.00784598950945
1.94186237247 0.681144123566 0.00765040126622
1.94414912041 0.654345149315 0.00816528218346
1.94643586834 0.669790016863 0.00777247230713
1.94872261628 0.673669664203 0.00773863499651
1.95100936422 0.67288721613 0.00814312515214
1.95329611215 0.687014915213 0.00814889273889
1.95558286009 0.685951302804 0.008169267352
1.95786960803 0.687426043221 0.00804799158144
1.96015635596 0.703011296454 0.00804191872795
1.9624431039 0.696064075914 0.00824777088999
1.96472985184 0.692920328197 0.00818746873333
1.96701659977 0.709850071912 0.00827892572864
1.96930334771 0.71066025517 0.00800736719034
1.97159009565 0.700877450428 0.00832339377585
1.97387684359 0.698812396525 0.00787105062568
1.97616359152 0.697481487163 0.00804235952041
1.97845033946 0.689486122815 0.00850590496173
1.9807370874 0.706702495216 0.00799524608035
1.98302383533 0.717115846704 0.00804819432176
1.98531058327 0.727153166102 0.00798344352315
1.98759733121 0.72790651489 0.00869411460666
1.98988407914 0.715740656749 0.00834805867182
1.99217082708 0.702078960112 0.00891104580527
1.99445757502 0.714767137007 0.00920172371918
1.99674432296 0.711354915443 0.00881050385052
1.99903107089 0.719927001428 0.00857563487267
2.00131781883 0.728925150049 0.00898923508707
2.00360456677 0.735852512996 0.00884977684699
2.0058913147 0.738310543325 0.00842525808022
2.00817806264 0.742236912783 0.0088172888159
2.01046481058 0.740997174881 0.00877304923791
2.01275155851 0.759009519029 0.00865247119472
2.01503830645 0.745265865324 0.00887678923238
2.01732505439 0.758719697896 0.00876919044924
2.01961180233 0.754221008665 0.00844719431237
2.02189855026 0.748414192973 0.00882391957942
2.0241852982 0.758634653074 0.00882346516707
2.02647204614 0.764262212184 0.00854827307615
2.02875879407 0.758325911354 0.00911179428861
2.03104554201 0.746876694926 0.00934242290055
2.03333228995 0.738303498012 0.00920315531961
2.03561903788 0.749920349898 0.00965979617791
2.03790578582 0.761765809885 0.00922300168708
2.04019253376 0.765157809378 0.00965030482122
2.0424792817 0.758438367818 0.00916901012528
2.04476602963 0.759683583597 0.00957134936342
2.04705277757 0.774722507126 0.0090648863744
2.04933952551 0.782751721361 0.00977827685361
2.05162627344 0.77543166669 0.00967016050061
2.05391302138 0.777393606543 0.00935462516392
2.05619976932 0.780490295536 0.00954518536796
2.05848651725 0.791353746463 0.00940419076696
2.06077326519 0.803858624729 0.00940082079861
2.06306001313 0.81246598983 0.00921211567512
2.06534676107 0.791713913093 0.00928132048153
2.067633509 0.802605486418 0.00928216382705
2.06992025694 0.784810068639 0.00944318306183
2.07220700488 0.793155922865 0.00940441089069
2.07449375281 0.802668924973 0.00894957118124
2.07678050075 0.795229894256 0.00978093313496
2.07906724869 0.795961876331 0.00988302087383
2.08135399662 0.795393563061 0.010388735177
2.08364074456 0.808515372686 0.00973012270491
2.0859274925 0.810436499655 0.0101668844958
2.08821424044 0.791234686471 0.0103007828386
2.09050098837 0.815227239791 0.0101097867562
2.09278773631 0.822161418573 0.00939929866729
2.09507448425 0.8080067215 0.0112939135667
2.09736123218 0.83053855462 0.00949252361
2.09964798012 0.84124960294 0.00933039711106
2.10193472806 0.848452261712 0.00941886374448
2.10422147599 0.846456269008 0.00917829229687
2.10650822393 0.839643798799 0.0100773052032
2.10879497187 0.838803144362 0.0100124144689
2.1110817198 0.832142312337 0.0098291285989
2.11336846774 0.844179292185 0.0100647656107
2.11565521568 0.848090627292 0.00993224117185
2.11794196362 0.828348411114 0.0112573701469
2.12022871155 0.838216729381 0.010481520842
2.12251545949 0.841158377579 0.0104157386507
2.12480220743 0.840086467064 0.0100329608232
2.12708895536 0.840534593482 0.0113207989317
2.1293757033 0.837526917513 0.0109854837789
2.13166245124 0.840788572411 0.0112448014564
2.13394919917 0.823745784457 0.0122514993751
2.13623594711 0.837471959599 0.0114643448825
2.13852269505 0.838266160675 0.0115382373442
2.14080944299 0.83140060829 0.0109385043098
2.14309619092 0.845795762837 0.010725171715
2.14538293886 0.849434603823 0.0103171231466
2.1476696868 0.850125703434 0.00992271582175
2.14995643473 0.858956283696 0.0108390221444
2.15224318267 0.867072932548 0.00971013319618
2.15452993061 0.866270728416 0.00940326845179
2.15681667854 0.878935117672 0.00984363607089
2.15910342648 0.867693844907 0.0104854364537
2.16139017442 0.842598163301 0.0118998425931
2.16367692236 0.864133566426 0.0117092972663
2.16596367029 0.875887779764 0.0105380092659
2.16825041823 0.867824708998 0.0104814649776
2.17053716617 0.867830762981 0.011410371894
2.1728239141 0.874410209268 0.0112681010028
2.17511066204 0.847940254479 0.0130708432291
2.17739740998 0.867378376726 0.0110760825083
2.17968415791 0.867604928989 0.0125510443128
2.18197090585 0.882411946552 0.0109812625167
2.18425765379 0.879940195767 0.0117368001844
2.18654440173 0.884111100186 0.0124970523087
2.18883114966 0.899457994527 0.00943475981579
2.1911178976 0.882353899485 0.0106150126764
2.19340464554 0.872321796298 0.0117105777179
2.19569139347 0.866795594534 0.0128562228198
2.19797814141 0.878876244555 0.0116795384584
2.20026488935 0.876748857505 0.0136532002605
2.20255163728 0.888796773346 0.0122030797887
2.20483838522 0.884021974038 0.0124693287964
2.20712513316 0.89268032967 0.0119047085838
2.2094118811 0.905402542811 0.00992276311706
2.21169862903 0.905690542403 0.010542623254
2.21398537697 0.891127600805 0.0129229083119
2.21627212491 0.903911465053 0.0116348963308
2.21855887284 0.894955683451 0.0109267091286
2.22084562078 0.905912587625 0.011376127935
2.22313236872 0.91340324935 0.0113263702427
2.22541911665 0.917117795001 0.0108904548061
2.22770586459 0.92417965584 0.0104272782784
2.22999261253 0.912444796613 0.0113796927624
2.23227936047 0.903492475286 0.0123108784352
2.2345661084 0.916594223172 0.0111434209654
2.23685285634 0.892209327839 0.0145223006228
2.23913960428 0.914444010461 0.0117648053831
2.24142635221 0.909332812754 0.0115915705459
2.24371310015 0.918204753445 0.0110758432438
2.24599984809 0.919879974767 0.0108097362138
2.24828659602 0.917144305679 0.0103294833174
2.25057334396 0.916681485168 0.0106558024054
2.2528600919 0.927516572226 0.0100920955129
2.25514683983 0.921679001398 0.0114688352972
2.25743358777 0.929722197672 0.0113990747269
2.25972033571 0.915000845208 0.0128206088533
2.26200708365 0.917027995947 0.0131044703145
2.26429383158 0.918095524886 0.0117100405055
2.26658057952 0.927226978405 0.0116388759284
2.26886732746 0.913375418521 0.0133198027265
2.27115407539 0.915718585138 0.0143084526734
2.27344082333 0.923255880723 0.0111686557266
2.27572757127 0.926611690405 0.0113882081149
2.2780143192 0.933704714259 0.0113900810332
2.28030106714 0.930973860393 0.0122655761272
2.28258781508 0.917336498625 0.0129115713544
2.28487456302 0.934909393534 0.00987822068486
2.28716131095 0.931280620232 0.0112057306014
2.28944805889 0.945412861518 0.0104930198987
2.29173480683 0.940442962487 0.0102881522421
2.29402155476 0.936524902016 0.0103747539449
2.2963083027 0.941614306245 0.0108026854407
2.29859505064 0.953084027014 0.00885271440581
2.30088179857 0.93406686176 0.0129210785007
2.30316854651 0.914525967082 0.0132573170193
2.30545529445 0.930437239436 0.0116092422652
2.30774204239 0.933231109636 0.0147134613405
2.31002879032 0.942689310838 0.0123138086849
2.31231553826 0.95148030148 0.0104699441189
2.3146022862 0.948864888536 0.0103882601356
2.31688903413 0.932133719898 0.0151530959583
2.31917578207 0.932221066283 0.0124496366672
2.32146253001 0.922804462375 0.0130877918981
2.32374927794 0.942370303059 0.0130297697291
2.32603602588 0.926167166194 0.0131675674153
2.32832277382 0.933858422909 0.013050079201
2.33060952176 0.927235687701 0.0149612374438
2.33289626969 0.936993734303 0.0122168225085
2.33518301763 0.971284665573 0.00632841250044
2.33746976557 0.921774791968 0.0170995899236
2.3397565135 0.94883366156 0.0136207072575
2.34204326144 0.951692475222 0.0117057020813
2.34433000938 0.9315822314 0.0132850759356
2.34661675731 0.939332077935 0.0145216836798
2.34890350525 0.967325559043 0.00835310205988
2.35119025319 0.959773304897 0.0104876408592
2.35347700113 0.962828589637 0.0080385753837
2.35576374906 0.972122919197 0.00901572203786
2.358050497 0.973526455969 0.00640794787958
2.36033724494 0.956989990693 0.0120137870649
2.36262399287 0.946662314103 0.0130433392289
2.36491074081 0.957915936446 0.0122281392725
2.36719748875 0.963442810855 0.0111850593624
2.36948423668 0.967973975673 0.0113715789478
2.37177098462 0.952821286228 0.0161113587597
2.37405773256 0.939479686845 0.0157475884637
2.3763444805 0.943134417378 0.0127599893037
2.37863122843 0.942214879737 0.0155988136715
2.38091797637 0.92701423742 0.0209231970728
2.38320472431 0.935226526115 0.0169430396215
2.38549147224 0.944512872337 0.0179757627768
2.38777822018 0.939970987934 0.0164974482542
2.39006496812 0.968945386086 0.00888910535937
2.39235171605 0.968017867971 0.00906113428194
2.39463846399 0.952495129895 0.0133013736395
2.39692521193 0.943365204114 0.0169081249824
2.39921195986 0.973135353116 0.00856966437635
2.4014987078 0.964782152141 0.0134005895749
2.40378545574 0.963033756683 0.00869772238691
2.40607220368 0.98809659667 0.00189324253413
2.40835895161 0.985683573495 0.00422970637588
2.41064569955 0.966817459775 0.00905281376573
2.41293244749 0.956403600798 0.0143097744946
2.41521919542 0.969949029892 0.00861930397229
2.41750594336 0.956997970227 0.0196711602484
2.4197926913 0.972793460032 0.0112640590647
2.42207943923 0.980954061016 0.00793123743409
2.42436618717 0.984695990341 0.00382304412504
2.42665293511 0.988221095828 0.00192827543541
2.42893968305 0.972482411643 0.0134170279566
2.43122643098 0.978049451208 0.00854942598241
2.43351317892 0.978433527693 0.0123112895037
2.43579992686 0.984855705482 0.00422852851586
2.43808667479 0.989102356251 0.00210739177404
2.44037342273 0.979144605798 0.0081292000398
2.44266017067 0.986551039713 0.00336110860296
2.4449469186 0.981651155492 0.0054709048965
2.44723366654 0.965304243839 0.0166012375199
2.44952041448 0.946557040015 0.0274413726712
2.45180716242 0.958309222842 0.0162810730404
2.45409391035 0.982128117375 0.00517335091776
2.45638065829 0.971711262881 0.0173135625486
2.45866740623 0.972858946407 0.00911069428283
2.46095415416 0.987971462803 0.0022936765434
2.4632409021 0.992741661201 0.00104058861647
2.46552765004 0.970134773317 0.0115039851336
2.46781439797 0.992143136922 0.00140930059136
2.47010114591 0.991519594961 0.00113671573801
2.47238789385 0.986583252728 0.00373695074747
2.47467464179 0.991517522092 0.00232944694353
2.47696138972 0.99403410625 0.000392811265197
2.47924813766 0.993356053389 0.000827675509377
2.4815348856 0.984781739634 0.0038089933943
2.48382163353 0.992003601061 0.00136111724424
2.48610838147 0.990878494661 0.00168124663598
2.48839512941 0.993167440873 0.000659806734324
2.49068187734 0.993334546582 0.00139434196658
2.49296862528 0.990113939871 0.00225808203662
2.49525537322 0.98938351672 0.00280616499723
2.49754212116 0.993784467463 0.000538389750656
2.49982886909 0.992757552932 0.00118285780908
2.50211561703 0.994011285349 0.000614550036321
2.50440236497 0.991969801924 0.00176641062765
2.5066891129 0.969010251001 0.017816858079
2.50897586084 0.988335634955 0.00374384409397
2.51126260878 0.985147232203 0.00614708346185
2.51354935671 0.969373706879 0.013033601685
2.51583610465 0.992394833392 0.00150702995072
2.51812285259 0.987394363131 0.00379808855368
2.52040960053 0.988648644328 0.00476552472605
2.52269634846 0.981574910488 0.00881330398698
2.5249830964 0.989153216164 0.00273319284163
2.52726984434 0.928552004258 0.0531336850405
2.52955659227 0.982620045172 0.007433063947
2.53184334021 0.975344791077 0.0136248158645
2.53413008815 0.963783518674 0.0273877988908
2.53641683608 0.988461690017 0.00375135835166
2.53870358402 0.990428016933 0.00246139780256
2.54099033196 0.987198381745 0.00544531395648
2.54327707989 0.989369637463 0.00365003584684
2.54556382783 0.992824473101 0.00128954328291
2.54785057577 0.994753822765 0.000418972752845
2.55013732371 0.974035185664 0.0140389727289
2.55242407164 0.992902067941 0.00207424499979
2.55471081958 0.992392535721 0.00123325912115
2.55699756752 0.991080165815 0.0030065595881
2.55928431545 0.981105185776 0.0129032635163
2.56157106339 0.993230535252 0.00132618882122
2.56385781133 0.994635831743 0.00066024181829
2.56614455926 0.994648433066 0.000386603569384
2.5684313072 0.993977665664 0.000841933880224
2.57071805514 0.993191168282 0.00134464808986
2.57300480308 0.995494774247 0.000422527716881
2.57529155101 0.967965381138 0.0270819803285
2.57757829895 0.955939990348 0.0285255757271
2.57986504689 0.956239793077 0.0380193134639
2.58215179482 0.995063761636 0.000433204271005
2.58443854276 0.995710541846 0.000242387284983
2.5867252907 0.991408207714 0.00190863254503
2.58901203863 0.99592723295 0.000258059493049
2.59129878657 0.995281857903 0.00044630867864
2.59358553451 0.995087316472 0.000322478148196
2.59587228245 0.995753554548 0.000431576567171
2.59815903038 0.995459464099 0.000378667617232
2.60044577832 0.98911114796 0.00378628612402
2.60273252626 0.995309226705 0.000201196495963
2.60501927419 0.989951801582 0.00575899444266
2.60730602213 0.929808415583 0.0435010157684
2.60959277007 0.994683873757 0.000788193921799
2.611879518 0.973364342354 0.0225264470074
2.61416626594 0.973832033583 0.0219611622669
2.61645301388 0.995594567227 0.000219279178363
2.61873976182 0.995395919735 0.000495518999033
2.62102650975 0.995142413084 0.000679983345952
2.62331325769 0.995881573645 0.000781082304796
2.62560000563 0.995805184684 0.000188699217244
2.62788675356 0.995879749686 0.0004529698056
2.6301735015 0.99430093598 0.000860613523743
2.63246024944 0.916739751062 0.0519699418392
2.63474699737 0.941085950827 0.054540531572
2.63703374531 0.945441609624 0.0508849693034
2.63932049325 0.995598493142 0.000265080826696
2.64160724119 0.99613614776 0.000344681410921
2.64389398912 0.995028959702 0.000649380748622
2.64618073706 0.995679111259 0.000408861693455
2.648467485 0.995761224878 0.000502610123779
2.65075423293 0.996061751969 0.000298877096315
2.65304098087 0.995322534057 0.000456694239297
2.65532772881 0.996211000279 0.000253932098739
2.65761447674 0.996367132487 0.000370514323114
2.65990122468 0.99581230421 0.000253089643295
2.66218797262 0.994815307937 0.00141342240989
2.66447472056 0.993870731788 0.00147401674786
2.66676146849 0.994617306493 0.00130633692421
2.66904821643 0.995499944874 0.000258051164333
2.67133496437 0.995628121598 0.000251598841841
2.6736217123 0.995122067967 0.0011255766779
2.67590846024 0.953608127269 0.040994380758
2.67819520818 0.994852941724 0.0
2.68048195611 0.9960040426 0.000515116430927
2.68276870405 0.98428060433 0.0117568927109
2.68505545199 0.945811158964 0.0498800717017
2.68734219992 0.996006805517 0.000387550717767
2.68962894786 0.992147723925 0.00350935832762
2.6919156958 0.99522076138 0.000572495638271
2.69420244374 0.99588241807 0.000203629808228
2.69648919167 0.994868353014 0.00116284342321
2.69877593961 0.99607354987 0.000416628249321
2.70106268755 0.996337832969 0.000376626558914
2.70334943548 0.996199105735 0.000262250799823
2.70563618342 0.996254016356 0.000112217370644
2.70792293136 0.996213553972 0.000378742171661
2.71020967929 0.99684368015 0.000223983572523
2.71249642723 0.995875453881 0.00016816371059
2.71478317517 0.996352515595 0.000235000827506
2.71706992311 0.996666556174 0.000146306779046
2.71935667104 0.995945405291 0.00130783051455
2.72164341898 0.996459324148 0.00062011433428
2.72393016692 0.99703260943 0.000223417351596
2.72621691485 0.996934174622 0.000344864445582
2.72850366279 0.996261748074 0.000115340106753
2.73307715866 0.996987856234 0.000304249696752
2.7353639066 0.996015974548 0.0
2.73765065454 0.997679097156 0.0
2.73993740248 0.996443616432 0.000904009521453
2.74222415041 0.995444193663 0.0
2.74679764629 0.997060491612 0.000258321379981
2.74908439422 0.995329998685 0.000385936892158
2.75137114216 0.996254872196 0.000204831288598
2.7536578901 0.99670431279 0.000289531226581
2.75823138597 0.949505677579 0.0474762527288
2.76051813391 0.988024858344 0.0
2.76280488185 0.996123635413 0.000817946430587
2.76509162978 0.997556819517 0.0
2.76737837772 0.997083957418 0.00035010397067
2.76966512566 0.995839264849 0.000148670784083
2.77195187359 0.945544976646 0.0351662388609
2.77423862153 0.996292519705 0.000923094467574
2.7788121174 0.996186217152 0.000474461317231
2.78338561328 0.99706891397 0.0
2.78567236122 0.997051088165 0.000435124280905
2.78795910915 0.9963122478 0.00017613863915
2.79024585709 0.996653370517 0.000326643745624
2.79253260503 0.996982855959 0.000257561963774
2.79481935296 0.996715496002 0.000405608488602
2.7971061009 0.99576028539 0.000240214909784
2.80396634471 0.997163086241 0.000315751088729
2.80625309265 0.996339649963 0.000583537798068
2.80853984059 0.995753868169 0.0
2.81082658852 0.996653222497 0.000167241092056
2.8154000844 0.996878124323 0.000220589126209
2.81768683233 0.996484954943 0.0
2.82454707614 0.996997260716 0.000248210835751
2.82912057202 0.997480535841 0.000120218918429
2.83140731995 0.996515118398 0.000132767666501
2.83369406789 0.996590394449 0.000277381654074
2.83826756377 0.996795128537 0.000519730496596
2.8405543117 0.996879038401 0.000116838039874
2.84284105964 0.997331820375 0.0
2.84512780758 0.996496252242 0.0
2.84970130345 0.9967631259 0.000208631277874
2.85198805139 0.997462911523 0.0
2.85427479932 0.995788058084 0.0
2.85656154726 0.997127354532 0.000568252673917
2.86113504314 0.996964261845 0.000253853984001
2.86799528695 0.99734943927 0.0
2.87028203488 0.997137472658 0.000247264984887
2.87256878282 0.996971113053 0.0
2.87485553076 0.997600334503 0.0
2.87714227869 0.996439640448 0.000661501933481
2.87942902663 0.997824372419 0.0
2.88171577457 0.997391023505 0.000391849857111
2.88400252251 0.996174226344 0.0
2.88628927044 0.997476059722 0.0
2.88857601838 0.997097353518 0.000195168168976
2.89086276632 0.996375824797 0.0
2.91373024569 0.997305816373 0.000313818135103
2.91601699362 0.997390594168 0.000241534076906
2.94117122093 0.997524208132 0.0
2.94345796887 0.997532310835 0.000322601267856
2.9457447168 0.996336023911 0.0
2.95260496062 0.997082959326 0.0
2.95489170855 0.997048176593 0.0
2.96175195236 0.997235318578 0.000330684980859
2.98919292761 0.997436211877 0.000581946019067
2.99605317142 0.997495806128 0.00025104033407
3.01434715491 0.997464927835 0.000290053979509
3.03950138222 0.997991796756 0.0
3.04178813016 0.99706112652 0.0
3.04636162603 0.997747343696 0.000130124404416
