0.0077355451895 0.0128866333671 0.00192909839872
0.0141826355685 0.0134447000059 0.00301846961618
0.0206297259475 0.0422699505355 0.0159120463148
0.0270768163265 0.0324229218669 0.0145709008205
0.0335239067055 0.0306426648312 0.00908622546833
0.0399709970845 0.0232980118371 0.00590770962524
0.0464180874636 0.0229715532511 0.00443201510482
0.0528651778426 0.037394332958 0.017566970737
0.0593122682216 0.0288543519791 0.00732496769762
0.0657593586006 0.0151190765666 0.00211198813076
0.0722064489796 0.0316907814661 0.0111061238855
0.0786535393586 0.0287072682624 0.00812509838931
0.0851006297376 0.027971641701 0.00636175342508
0.0915477201166 0.0248613272944 0.00514651512301
0.0979948104956 0.0225995526627 0.00444472904564
0.104441900875 0.0250189354424 0.00625695311341
0.110888991254 0.0303589117724 0.0059622273955
0.117336081633 0.0226542355017 0.00526529648607
0.123783172012 0.02419223832 0.00420424011913
0.130230262391 0.0226542750198 0.00332214205993
0.13667735277 0.0193138726009 0.00238634191708
0.143124443149 0.0164447886108 0.00200837078043
0.149571533528 0.0132803197211 0.00104673012695
0.156018623907 0.0133191212256 0.00102088819829
0.162465714286 0.013353492839 0.00104673879342
0.168912804665 0.0146990488775 0.00138713713061
0.175359895044 0.0127558705644 0.000940916489778
0.181806985423 0.0133121846396 0.00140832230477
0.188254075802 0.0137926902667 0.00104785242913
0.194701166181 0.0122996684643 0.000779874970022
0.20114825656 0.0132397738625 0.00077751651633
0.207595346939 0.0138811840149 0.000992141374804
0.214042437318 0.0132459647054 0.000824905304239
0.220489527697 0.0128996515734 0.000815265279582
0.226936618076 0.0130740532403 0.000865834595378
0.233383708455 0.0126254838185 0.00061115509901
0.239830798834 0.0120415620273 0.000615639617095
0.246277889213 0.0133135118605 0.000621550756244
0.252724979592 0.0122968082696 0.000540744976207
0.259172069971 0.0136441114145 0.000633154537733
0.26561916035 0.0135799710406 0.000639820609186
0.272066250729 0.0141953471609 0.000630458554244
0.278513341108 0.0138605597339 0.000679208627453
0.284960431487 0.0135064442896 0.000541697340891
0.291407521866 0.0141200142436 0.000607809313787
0.297854612245 0.015715658351 0.000816790175503
0.304301702624 0.0154414474383 0.000737075946884
0.310748793003 0.0152329227525 0.000602565447104
0.317195883382 0.0166043459551 0.000762805777844
0.323642973761 0.0163916900017 0.000714546192508
0.33009006414 0.0177688174812 0.00078205594722
0.336537154519 0.0185297082601 0.000843397772222
0.342984244898 0.018989068233 0.000896513080599
0.349431335277 0.0205621870137 0.000882291081195
0.355878425656 0.0219905653632 0.00103409049323
0.362325516035 0.0242206788176 0.00118717444331
0.368772606414 0.0252453710801 0.00124489135723
0.375219696793 0.0266808514589 0.00123215195732
0.381666787172 0.0287346043593 0.00126236030344
0.388113877551 0.0332310815286 0.00169628900066
0.39456096793 0.0378822935852 0.00185316991114
0.401008058309 0.0421221217096 0.00212408696031
0.407455148688 0.0482456929393 0.0023263447951
0.413902239067 0.0542575331122 0.00250419615899
0.420349329446 0.0604256148837 0.00281822246964
0.426796419825 0.0704581837528 0.0032111349712
0.433243510204 0.0912880327203 0.00375481742616
0.439690600583 0.102861507223 0.00405533003215
0.446137690962 0.11506077189 0.00437432010893
0.452584781341 0.132747237732 0.00448035923468
0.45903187172 0.168620411732 0.00523891801128
0.465478962099 0.195547434586 0.00551466424972
0.471926052478 0.212669477078 0.00550476640266
0.478373142857 0.243162032776 0.00557356261448
0.484820233236 0.250948512791 0.00544134832214
0.491267323615 0.247910210744 0.00498942019733
0.497714413994 0.253782414023 0.00494380315587
0.504161504373 0.273003112266 0.0054383543384
0.510608594752 0.272729927586 0.0052168897034
0.517055685131 0.283998118937 0.0052015824056
0.52350277551 0.290113789353 0.00509305794689
0.529949865889 0.285614195668 0.00501836609421
0.536396956268 0.297706766171 0.00474086172724
0.542844046647 0.284836982154 0.00448440961992
0.549291137026 0.283973941494 0.00443740929401
0.555738227405 0.282760000012 0.00423348293837
0.562185317784 0.276513922776 0.0041476868639
0.568632408163 0.27753132672 0.0039955119682
0.575079498542 0.275767764346 0.00399084864273
0.581526588921 0.2715676566 0.00379990807096
0.5879736793 0.283904996151 0.00386186716889
0.594420769679 0.266270791668 0.00336238924187
0.600867860058 0.265621231287 0.00324308165975
0.607314950437 0.259326375677 0.00313285556432
0.613762040816 0.250787682742 0.00294176666553
0.620209131195 0.250127432399 0.00294314663165
0.626656221574 0.240000182475 0.00275049009239
0.633103311953 0.24024040917 0.00267166906415
0.639550402332 0.236464598292 0.0024493311726
0.645997492711 0.228675141197 0.00238500265919
0.65244458309 0.225967795683 0.00226540740984
0.658891673469 0.219492851798 0.00205497530775
0.665338763848 0.219200292811 0.00208781015575
0.671785854227 0.212298806728 0.00197799185066
0.678232944606 0.207914029024 0.00185302154122
0.684680034985 0.198934412102 0.00171533728294
0.691127125364 0.196502311346 0.00166084518684
0.697574215743 0.19116594473 0.00152844795226
0.704021306122 0.185524019935 0.00146500790754
0.710468396501 0.18149184211 0.00140384214938
0.71691548688 0.178724012758 0.00130334016591
0.723362577259 0.173431505458 0.00120403168315
0.729809667638 0.167059024957 0.00113728199605
0.736256758017 0.164347193924 0.00107963376905
0.742703848397 0.158440087099 0.00100414185506
0.749150938776 0.1533108461 0.000923283536552
0.755598029155 0.149814843906 0.000878788633692
0.762045119534 0.144739302131 0.00081497604173
0.768492209913 0.141734529023 0.000780052217854
0.774939300292 0.13876299576 0.000752733620762
0.781386390671 0.136495338544 0.000715575751584
0.78783348105 0.131940773945 0.000672398317419
0.794280571429 0.128448339247 0.000617981995038
0.800727661808 0.12594615344 0.000591097470006
0.807174752187 0.123286514691 0.000548803945693
0.813621842566 0.120248892282 0.000516222340007
0.820068932945 0.117915252978 0.000490107095548
0.826516023324 0.115126458696 0.000479461156456
0.832963113703 0.112152724286 0.000446110379039
0.839410204082 0.109809267166 0.000418019730921
0.845857294461 0.107761434126 0.000396703551375
0.85230438484 0.105974843988 0.000389364512544
0.858751475219 0.103726054765 0.000366673609166
0.865198565598 0.10176252432 0.000342718089529
0.871645655977 0.10012028225 0.000332012983838
0.878092746356 0.0989187226893 0.00030779871123
0.884539836735 0.0968888991911 0.000299287038942
0.890986927114 0.0950962063995 0.000296245670498
0.897434017493 0.0937689199271 0.000282224303134
0.903881107872 0.0929949126335 0.000278316552383
0.910328198251 0.0924382558296 0.000267713075505
0.91677528863 0.0910931006895 0.00025805091295
0.923222379009 0.0909443903218 0.000257780684476
0.929669469388 0.0895084668941 0.000247317457487
0.936116559767 0.0887717082963 0.000244713003566
0.942563650146 0.0890374308392 0.000245887234431
0.949010740525 0.0878983151686 0.000239394392486
0.955457830904 0.0879241635073 0.000241529323128
0.961904921283 0.0877711406331 0.000232802514479
0.968352011662 0.0872292923296 0.00023254093973
0.974799102041 0.0873005888142 0.000234095953141
0.98124619242 0.0873013090295 0.000233392706747
0.987693282799 0.0876703512051 0.000230792850606
0.994140373178 0.0874948954772 0.000228650109685
1.00058746356 0.0879183702496 0.000228952832781
1.00703455394 0.0880314483375 0.000228802976675
1.01348164431 0.089084038429 0.000231492353513
1.01992873469 0.0896634676027 0.000236018704227
1.02637582507 0.0908936472401 0.000239641271983
1.03282291545 0.0913303338211 0.000240951681303
1.03927000583 0.0921977784703 0.000245837653536
1.04571709621 0.0931727539287 0.000247338335552
1.05216418659 0.0940119110544 0.000250094204902
1.05861127697 0.0951484413549 0.000258904303614
1.06505836735 0.0969327378375 0.00026114011393
1.07150545773 0.0980928713419 0.000267902289957
1.0779525481 0.100395279052 0.000282140741664
1.08439963848 0.102349008024 0.000290075154422
1.09084672886 0.104096179299 0.000298206005743
1.09729381924 0.106412662483 0.000301639892896
1.10374090962 0.108474554917 0.000316135630424
1.110188 0.110472866996 0.000330337411454
1.11663509038 0.112730432658 0.000336358588899
1.12308218076 0.115789363849 0.000351971297352
1.12952927114 0.119207260707 0.000371495748063
1.13597636152 0.12157533685 0.00038635054857
1.1424234519 0.125555518977 0.0004119316466
1.14887054227 0.128704307614 0.000428346993618
1.15531763265 0.132862962834 0.000458744205022
1.16176472303 0.135610547398 0.000476544242133
1.16821181341 0.140868036572 0.000497242359316
1.17465890379 0.144792579098 0.000522797535831
1.18110599417 0.150227198013 0.000564646088914
1.18755308455 0.154320690262 0.000597461993267
1.19400017493 0.160534425534 0.000644837642535
1.20044726531 0.163579954806 0.000662414344595
1.20689435569 0.170079484026 0.000701829067958
1.21334144606 0.177434754472 0.000757765595955
1.21978853644 0.182100734517 0.00080389099742
1.22623562682 0.188204625149 0.000835756964923
1.2326827172 0.194993040508 0.000877834362227
1.23912980758 0.201664884892 0.000934928464432
1.24557689796 0.20936304521 0.000979220110587
1.25202398834 0.216850935621 0.00104595705781
1.25847107872 0.226204607697 0.00112565499712
1.2649181691 0.23327384819 0.00116989869035
1.27136525948 0.245163909216 0.00126630302686
1.27781234985 0.250029927565 0.00131054543915
1.28425944023 0.260386900897 0.00138193423685
1.29070653061 0.271159846238 0.00149716866335
1.29715362099 0.282469531575 0.00156702312062
1.30360071137 0.29035375317 0.00167444975905
1.31004780175 0.294247540192 0.00171393174264
1.31649489213 0.303928759737 0.00178127798126
1.32294198251 0.314768653503 0.00188099441955
1.32938907289 0.326898187606 0.00200988286911
1.33583616327 0.341139656501 0.00209049277456
1.34228325364 0.352022790962 0.00219479218472
1.34873034402 0.366893702917 0.00233137564079
1.3551774344 0.376335537965 0.00241124017298
1.36162452478 0.382806892413 0.00247722128593
1.36807161516 0.39358127313 0.00262964393687
1.37451870554 0.400749113976 0.00268659804972
1.38096579592 0.407824437183 0.0028088835561
1.3874128863 0.423999165958 0.00291931490932
1.39385997668 0.439408199835 0.00307480217074
1.40030706706 0.450599719419 0.00321634088252
1.40675415743 0.451256683762 0.00332945788931
1.41320124781 0.466774124084 0.00347753861677
1.41964833819 0.471691522266 0.00353361030898
1.42609542857 0.488588006705 0.00374386881182
1.43254251895 0.497266916015 0.00385319601849
1.43898960933 0.513836259701 0.00397474377493
1.44543669971 0.533817515002 0.0042382758842
1.45188379009 0.537891632127 0.0043127808117
1.45833088047 0.543922045396 0.00450901457027
1.46477797085 0.557975394672 0.00463663361636
1.47122506122 0.568354575257 0.00478904256902
1.4776721516 0.574993533362 0.0049362627099
1.48411924198 0.591403739335 0.00502992691098
1.49056633236 0.608108994536 0.00538866008762
1.49701342274 0.608888603086 0.00576955523233
1.50346051312 0.621226863737 0.00576855836966
1.5099076035 0.625249193441 0.00578277312748
1.51635469388 0.633635529795 0.0057884038187
1.52280178426 0.633386194438 0.00631200051353
1.52924887464 0.642441301054 0.00653464211764
1.53569596501 0.671089830056 0.00649347983706
1.54214305539 0.679629048325 0.00648679180436
1.54859014577 0.676358864018 0.00694893841749
1.55503723615 0.682666076815 0.00736767299182
1.56148432653 0.705012063592 0.00733841917748
1.56793141691 0.72617808686 0.00764822938554
1.57437850729 0.713355300875 0.00773413347104
1.58082559767 0.719786661311 0.00816568665121
1.58727268805 0.724760375972 0.00821513242867
1.59371977843 0.733130096422 0.00863348160082
1.6001668688 0.737365692195 0.00864503336681
1.60661395918 0.740749891256 0.00945200305256
1.61306104956 0.736434156532 0.00978677038209
1.61950813994 0.751114752556 0.00929712395364
1.62595523032 0.762349901322 0.0102753919716
1.6324023207 0.769263897102 0.0100620953438
1.63884941108 0.796061646787 0.00976549446856
1.64529650146 0.788702563832 0.0104037774225
1.65174359184 0.784363225111 0.0113466199598
1.65819068222 0.780011614001 0.0111223497297
1.66463777259 0.802985764292 0.0113066718749
1.67108486297 0.79020875559 0.0119211977799
1.67753195335 0.835295771648 0.0114377491107
1.68397904373 0.832828050957 0.0124984221777
1.69042613411 0.808552238487 0.0131400680308
1.69687322449 0.824557610374 0.013372227713
1.70332031487 0.852658082616 0.0118327313595
1.70976740525 0.879215770998 0.009748220167
1.71621449563 0.864304430916 0.012963495115
1.72266158601 0.847923534437 0.0145304416077
1.72910867638 0.854130994293 0.0135162062517
1.73555576676 0.848089192957 0.0150195134238
1.74200285714 0.868732722942 0.0155708005263
1.74844994752 0.834461865155 0.0205333074197
1.7548970379 0.86713438366 0.0183503195801
1.76134412828 0.828204110355 0.0243447025425
1.76779121866 0.875176545747 0.0180154730242
1.77423830904 0.856487211079 0.0217303902698
1.78068539942 0.872639970596 0.0213001507498
1.7871324898 0.860808490008 0.029940465448
1.79357958017 0.880427173195 0.0230910175866
1.80002667055 0.841788988636 0.0255697977885
1.80647376093 0.9026481355 0.0180063167172
1.81292085131 0.916444010005 0.0178062364975
1.81936794169 0.83579373424 0.0269465935079
1.82581503207 0.906260470787 0.0164025878492
1.83226212245 0.90954501994 0.0198532074048
1.83870921283 0.926086831576 0.016263121614
1.84515630321 0.94408391519 0.0212019673456
1.85160339359 0.899874773597 0.0271848602517
1.85805048397 0.873498989066 0.0313323426077
1.86449757434 0.924968306532 0.0232825404626
1.87094466472 0.944180204667 0.0206517092728
1.8773917551 0.944845400808 0.0257461374311
1.88383884548 0.917464338083 0.0315074761919
1.89028593586 0.945008779883 0.0222568186376
1.89673302624 0.939401089431 0.0280352282481
1.90318011662 0.847641783297 0.0450596010732
1.909627207 0.879378405663 0.0720446042582
1.91607429738 0.909545504117 0.042459731917
1.92252138776 0.914604614255 0.0349374891074
1.92896847813 0.94235685107 0.0185534120441
1.93541556851 0.930381942698 0.020084603633
1.94186265889 0.972421359597 0.0132895824257
1.94830974927 0.987851067085 0.00185510243156
1.95475683965 0.9639858624 0.0167226696653
1.96120393003 0.950077220594 0.0163123364143
1.96765102041 0.938938821003 0.0247402363298
1.97409811079 0.909568319558 0.0387673513152
1.98054520117 0.918846384519 0.0422233472094
1.98699229155 0.970565315884 0.0116896793859
1.99343938192 0.876222655191 0.0
1.9998864723 0.929576098017 0.0422266072357
2.00633356268 0.899891590094 0.0642623328259
2.01278065306 0.836049645409 0.14665632428
2.01922774344 0.951811335943 0.0419695144029
2.02567483382 0.991326354736 0.000668417963506
2.0321219242 0.985553976319 0.00211980176548
2.03856901458 0.993252382801 0.00056543250374
2.04501610496 0.984064156399 0.0
2.06435737609 0.98782277691 0.00145574687096
2.07725155685 0.991248083523 0.00160108233633
2.08369864723 0.987111436542 0.00521536223449
2.09014573761 0.993986034904 0.00103207787931
2.09659282799 0.994623397104 0.000819706611502
2.10948700875 0.992154097299 0.0014658160285
2.11593409913 0.992619538588 0.000602708150627
2.13527537026 0.9946332637 0.000726909255144
2.14172246064 0.994954748562 0.0
2.14816955102 0.991539963579 0.0
2.1546166414 0.992187027416 0.00340183427998
2.18040500292 0.993404560659 0.000302155401933
2.21264045481 0.997025070659 0.0
