0.008 10.256465220192656
0.01 9.990596546190647
0.012 9.77225409381539
0.014 9.588454711762674
0.016 9.430933227050325
0.018000000000000002 9.294090725421453
0.020000000000000004 9.173954672109032
0.022000000000000006 9.06760320682813
0.024000000000000007 8.972824461598583
0.02600000000000001 8.88790405378401
0.02800000000000001 8.811486794462677
0.030000000000000013 8.742483252474646
0.032000000000000015 8.680005261326125
0.034000000000000016 8.623319504186563
0.03600000000000002 8.571813965441775
0.03800000000000002 8.524972982041469
0.04000000000000002 8.482358378829984
0.04200000000000002 8.4435950159751
0.044000000000000025 8.408359558575025
0.04600000000000003 8.376371643952714
0.04800000000000003 8.347386826666327
0.05000000000000003 8.321191094973024
0.05200000000000003 8.297595984455036
0.054000000000000034 8.276435156402835
0.056000000000000036 8.257561163784528
0.05800000000000004 8.24084293025551
0.06000000000000004 8.22616362155575
0.06200000000000004 8.213418855378007
0.06400000000000004 8.202515191639828
0.06600000000000004 8.193368850310273
0.06800000000000005 8.185904620568387
0.07000000000000005 8.18005491204268
0.07200000000000005 8.175758978929549
0.07400000000000005 8.172962172301697
0.07600000000000005 8.171615407906188
0.07800000000000006 8.171674581142106
0.08000000000000006 8.173100141007934
0.08200000000000006 8.175856685633754
0.08400000000000006 8.179912613490593
0.08600000000000006 8.185239817467677
0.08800000000000006 8.191813416126946
0.09000000000000007 8.199611517447796
0.09200000000000007 8.208615010727913
0.09400000000000007 8.218807383582048
0.09600000000000007 8.230174547694618
0.09800000000000007 8.242704762673643
0.10000000000000007 8.25638838058555
0.10200000000000008 8.271217868104966
0.10400000000000008 8.287187645906744
0.10600000000000008 8.304294019206548
0.10800000000000008 8.322535106519732
0.11000000000000008 8.3419107787356
0.11200000000000009 8.362422607637223
0.11400000000000009 8.38407382312116
0.11600000000000009 8.406869278477103
0.11800000000000009 8.430815423183043
0.12000000000000009 8.455920282753524
0.1220000000000001 8.482193445253598
0.1240000000000001 8.50964605380637
0.12600000000000008 8.538290805973352
0.12800000000000009 8.568141961578506
0.1300000000000001 8.599215343722422
0.1320000000000001 8.63152836614046
0.1340000000000001 8.665100048711322
0.1360000000000001 8.699951045893206
0.1380000000000001 8.736103679364607
0.1400000000000001 8.773581976207954
0.1420000000000001 8.812411712716589
0.1440000000000001 8.852620463924593
0.1460000000000001 8.894237659040897
0.1480000000000001 8.937294642919266
0.1500000000000001 8.981824743821312
0.1520000000000001 9.027863347705637
0.1540000000000001 9.075447979335618
0.1560000000000001 9.124618390529973
0.1580000000000001 9.175416655924396
0.16000000000000011 9.227887276631526
0.16200000000000012 9.28207729229297
0.16400000000000012 9.338036401941997
0.16600000000000012 9.395817094305361
0.16800000000000012 9.45547478805295
0.17000000000000012 9.51706798269113
0.17200000000000013 9.580658420778205
0.17400000000000013 9.646311262223955
0.17600000000000013 9.714095271493857
0.17800000000000013 9.7840830186051
0.18000000000000013 9.856351094871032
0.18200000000000013 9.930980344424148
0.18400000000000014 10.008056112622961
0.18600000000000014 10.087668512528873
0.18800000000000014 10.169912705755465
0.19000000000000014 10.254889233939592
0.19200000000000014 10.342704297155743
0.19400000000000014 10.43347015661187
0.19600000000000015 10.527305486923147
0.19800000000000015 10.624335785454864
0.20000000000000015 10.724693805508364
0.20200000000000015 10.82852001982433
0.20400000000000015 10.9359831860184
0.20600000000000016 11.04720035806355
0.20800000000000016 11.162339000147906
0.21000000000000016 11.281615190522848
0.21200000000000016 11.40519631601809
0.21400000000000016 11.533280834270938
0.21600000000000016 11.666079169508631
0.21800000000000017 11.80381448046002
0.22000000000000017 11.946723470807335
0.22200000000000017 12.095057241425787
0.22400000000000017 12.249082182587184
0.22600000000000017 12.409080902904213
0.22800000000000017 12.575353189983568
0.23000000000000018 12.748216995441425
0.23200000000000018 12.928009433991654
0.23400000000000018 13.11508778260971
0.23600000000000018 13.309830461077173
0.23800000000000018 13.512637969533627
0.24000000000000019 13.723933751270168
0.2420000000000002 13.944164940392431
0.2440000000000002 14.173802942878421
0.2460000000000002 14.413343787054968
0.2480000000000002 14.663308162923126
0.25000000000000017 14.924241051958422
0.25200000000000017 15.196710826630843
0.25400000000000017 15.481307673802322
0.25600000000000017 15.778641166088942
0.2580000000000002 16.08933678571413
0.2600000000000002 16.414031130572646
0.2620000000000002 16.75336557537684
0.2640000000000002 17.107978071928205
0.2660000000000002 17.478492687852285
0.2680000000000002 17.865506693341427
0.2700000000000002 18.269574728345567
0.2720000000000002 18.69118983986898
0.2740000000000002 19.13076121542722
0.2760000000000002 19.588588451382034
0.2780000000000002 20.064832760611306
0.2800000000000002 20.559485299573087
0.2820000000000002 21.072333824484037
0.2840000000000002 21.60292877050228
0.2860000000000002 22.150550760463926
0.2880000000000002 22.714181862477236
0.2900000000000002 23.292483391987535
0.2920000000000002 23.88378319141598
0.2940000000000002 24.486075288467102
0.2960000000000002 25.097034294247766
0.2980000000000002 25.71404593036083
0.3000000000000002 26.334253787959103
0.3020000000000002 26.954620859228704
0.3040000000000002 27.57200275083183
0.3060000000000002 28.183228177250868
0.3080000000000002 28.785181486707877
0.3100000000000002 29.374881738289833
0.3120000000000002 29.949553358297475
0.3140000000000002 30.506684564814474
0.3160000000000002 31.044070682500422
0.3180000000000002 31.559841999076216
0.32000000000000023 32.05247597261439
0.32200000000000023 32.520795730115594
0.32400000000000023 32.96395700687944
0.32600000000000023 33.38142621471498
0.32800000000000024 33.77295243674343
0.33000000000000024 34.13853544660094
0.33200000000000024 34.47839253179461
0.33400000000000024 34.792925153825315
0.33600000000000024 35.082687079833754
0.33800000000000024 35.348354823989986
0.34000000000000025 35.59070069562454
0.34200000000000025 35.81056891222805
0.34400000000000025 36.008855007438044
0.34600000000000025 36.18648777443191
0.34800000000000025 36.344414443629134
0.35000000000000026 36.483588051977584
0.35200000000000026 36.60495732254879
0.35400000000000026 36.70945840607998
0.35600000000000026 36.798008403146035
0.35800000000000026 36.87150035205962
0.36000000000000026 36.93079946912073
0.36200000000000027 36.97674043989779
0.36400000000000027 37.01012556351901
0.36600000000000027 37.03172362290307
0.36800000000000027 37.04226932248193
0.3700000000000003 37.042463195377785
0.3720000000000003 37.032971873490006
0.3740000000000003 37.01442865000879
0.3760000000000003 36.9874342592298
0.3780000000000003 36.952557809988136
0.3800000000000003 36.91033787632057
0.3820000000000003 36.861283617003664
0.3840000000000003 36.80587599209308
0.3860000000000003 36.74456898545474
0.3880000000000003 36.6777908429559
0.3900000000000003 36.60594530664693
0.3920000000000003 36.52941282637696
0.3940000000000003 36.4485517502853
0.3960000000000003 36.363699478896294
0.3980000000000003 36.27517358009117
0.4000000000000003 36.18327286672706
0.4020000000000003 36.088278426646134
0.4040000000000003 35.99045460933132
0.4060000000000003 35.890049958384104
0.4080000000000003 35.78729819873336
0.4100000000000003 35.68241881910172
0.4120000000000003 35.575618246277195
0.4140000000000003 35.46709033476272
0.4160000000000003 35.35701721747384
0.4180000000000003 35.245569948544116
0.4200000000000003 35.13290915517249
0.4220000000000003 35.019185649471595
0.4240000000000003 34.90454100292762
0.4260000000000003 34.78910808069338
0.4280000000000003 34.67301156871396
0.4300000000000003 34.5563684365685
0.43200000000000033 34.439288400772455
0.43400000000000033 34.32187434666785
0.43600000000000033 34.20422272789089
0.43800000000000033 34.08642395722975
0.44000000000000034 33.968562734677846
0.44200000000000034 33.850718407927495
0.44400000000000034 33.73296527408809
0.44600000000000034 33.615372876849754
0.44800000000000034 33.49800628064626
0.45000000000000034 33.38092635659324
0.45200000000000035 33.26418997946534
0.45400000000000035 33.147850308469216
0.45600000000000035 33.03195698047558
0.45800000000000035 32.91655632139641
0.46000000000000035 32.80169153688822
0.46200000000000035 32.687402895927946
0.46400000000000036 32.573727901153106
0.46600000000000036 32.46070145007265
0.46800000000000036 32.34835598658752
0.47000000000000036 32.23672169725689
0.47200000000000036 32.12582637865047
0.47400000000000037 32.015696097014256
0.47600000000000037 31.906354779812347
0.47800000000000037 31.79782458250702
0.48000000000000037 31.690125953980154
0.4820000000000004 31.583277728817524
0.4840000000000004 31.477297225028703
0.4860000000000004 31.37220033132281
0.4880000000000004 31.26800158696838
0.4900000000000004 31.164714280537787
0.4920000000000004 31.062350484763368
0.4940000000000004 30.96092116654254
0.4960000000000004 30.860436232275404
0.4980000000000004 30.760904600246562
0.5000000000000003 30.662334243645986
0.5020000000000003 30.564732264752383
0.5040000000000003 30.4681049463023
0.5060000000000003 30.3724577875895
0.5080000000000003 30.27779555171965
0.5100000000000003 30.18412232686912
0.5120000000000003 30.091441554267398
0.5140000000000003 29.999756071155794
0.5160000000000003 29.90906814463217
0.5180000000000003 29.819379519611726
0.5200000000000004 29.730691433151627
0.5220000000000004 29.64300466146297
0.5240000000000004 29.55631953445496
0.5260000000000004 29.47063597875836
0.5280000000000004 29.38595354680978
0.5300000000000004 29.302271415263817
0.5320000000000004 29.21958843615291
0.5340000000000004 29.13790315469881
0.5360000000000004 29.05721381981809
0.5380000000000004 28.97751839972374
0.5400000000000004 28.898814638862493
0.5420000000000004 28.821100013053467
0.5440000000000004 28.74437180474761
0.5460000000000004 28.668627086379107
0.5480000000000004 28.593862750098992
0.5500000000000004 28.520075506424334
0.5520000000000004 28.447261915525875
0.5540000000000004 28.375418389336822
0.5560000000000004 28.304541206129464
0.5580000000000004 28.234626519822616
0.5600000000000004 28.16567037889276
0.5620000000000004 28.0976687556933
0.5640000000000004 28.030617407211146
0.5660000000000004 27.96451219564244
0.5680000000000004 27.899348785994796
0.5700000000000004 27.835122802220656
0.5720000000000004 27.77182981577547
0.5740000000000004 27.709465344837362
0.5760000000000004 27.648024859442252
0.5780000000000004 27.587503806323703
0.5800000000000004 27.52789757813492
0.5820000000000004 27.46920155598067
0.5840000000000004 27.41141109642547
0.5860000000000004 27.35452154041471
0.5880000000000004 27.298528217793304
0.5900000000000004 27.243426451984064
0.5920000000000004 27.189211563508415
0.5940000000000004 27.135878878993353
0.5960000000000004 27.083423723207858
0.5980000000000004 27.031841436383626
0.6000000000000004 26.981127367341266
0.6020000000000004 26.931276886999406
0.6040000000000004 26.88228537682816
0.6060000000000004 26.834148245542682
0.6080000000000004 26.786860923144722
0.6100000000000004 26.740418868452895
0.6120000000000004 26.69481756751374
0.6140000000000004 26.6500525385817
0.6160000000000004 26.606119331494753
0.6180000000000004 26.56301353482922
0.6200000000000004 26.520730770207216
0.6220000000000004 26.479266699553456
0.6240000000000004 26.438617024698797
0.6260000000000004 26.398777489114174
0.6280000000000004 26.359743879068198
0.6300000000000004 26.3215120252471
0.6320000000000005 26.284077803643587
0.6340000000000005 26.247437136332692
0.6360000000000005 26.211585995151825
0.6380000000000005 26.176520396989307
0.6400000000000005 26.142236411375507
0.6420000000000005 26.108730154564917
0.6440000000000005 26.075997796668602
0.6460000000000005 26.044035558604328
0.6480000000000005 26.012839712702533
0.6500000000000005 25.98240658701701
0.6520000000000005 25.952732565051004
0.6540000000000005 25.923814060885647
0.6560000000000005 25.89564758283837
0.6580000000000005 25.86822966592326
0.6600000000000005 25.841556907577665
0.6620000000000005 25.815625960666452
0.6640000000000005 25.790433533534042
0.6660000000000005 25.765976390644425
0.6680000000000005 25.742251352751172
0.6700000000000005 25.719255297025384
0.6720000000000005 25.696985152354646
0.6740000000000005 25.675437923059835
0.6760000000000005 25.65461064275664
0.6780000000000005 25.634500418412063
0.6800000000000005 25.615104413395706
0.6820000000000005 25.596419844696445
0.6840000000000005 25.578443987786756
0.6860000000000005 25.56117417532865
0.6880000000000005 25.544607796970023
0.6900000000000005 25.52874229835227
0.6920000000000005 25.513575184732474
0.6940000000000005 25.499104016315833
0.6960000000000005 25.485326411098715
0.6980000000000005 25.47224004284349
0.7000000000000005 25.45984264530921
0.7020000000000005 25.448132005654262
0.7040000000000005 25.43710597053208
0.7060000000000005 25.426762441271517
0.7080000000000005 25.417099375118273
0.7100000000000005 25.40811478944634
0.7120000000000005 25.399806754693618
0.7140000000000005 25.39217339880579
0.7160000000000005 25.38521290511894
0.7180000000000005 25.378923513605336
0.7200000000000005 25.373303519813522
0.7220000000000005 25.368351275355977
0.7240000000000005 25.364065187241184
0.7260000000000005 25.36044371761138
0.7280000000000005 25.357485384422304
0.7300000000000005 25.355188760934926
0.7320000000000005 25.353552477419456
0.7340000000000005 25.352575209458248
0.7360000000000005 25.352255702411505
0.7380000000000005 25.352592746138374
0.7400000000000005 25.353585187929962
0.7420000000000005 25.355231928827575
0.7440000000000005 25.35753192461414
0.7460000000000006 25.36048418502544
0.7480000000000006 25.364087773831958
0.7500000000000006 25.368341808713513
0.7520000000000006 25.373245460817664
0.7540000000000006 25.37879795531036
0.7560000000000006 25.38499857063866
0.7580000000000006 25.39184663860051
0.7600000000000006 25.39934154413719
0.7620000000000006 25.40748272596835
0.7640000000000006 25.416269674861496
0.7660000000000006 25.425701935395995
0.7680000000000006 25.43577910444271
0.7700000000000006 25.446500831861407
0.7720000000000006 25.45786682017318
0.7740000000000006 25.469876824219437
0.7760000000000006 25.482530651604208
0.7780000000000006 25.49582816215941
0.7800000000000006 25.50976927401519
0.7820000000000006 25.524353934263317
0.7840000000000006 25.539582175948176
0.7860000000000006 25.555454062418143
0.7880000000000006 25.571969714833735
0.7900000000000006 25.58912930652018
0.7920000000000006 25.606933060883918
0.7940000000000006 25.625381255267353
0.7960000000000006 25.644474217916255
0.7980000000000006 25.664212329282552
0.8000000000000006 25.684596021532524
0.8020000000000006 25.705625778615467
0.8040000000000006 25.727302136258402
0.8060000000000006 25.74962568196389
0.8080000000000006 25.772597055043803
0.8100000000000006 25.796216946428885
0.8120000000000006 25.820486099328274
0.8140000000000006 25.845405310121283
0.8160000000000006 25.87097542043422
0.8180000000000006 25.897197329953478
0.8200000000000006 25.92407199192978
0.8220000000000006 25.95160040752372
0.8240000000000006 25.979783628440348
0.8260000000000006 26.008622761757405
0.8280000000000006 26.038118965900292
0.8300000000000006 26.068273450765627
0.8320000000000006 26.099087478549347
0.8340000000000006 26.130562363673235
0.8360000000000006 26.162699462311984
0.8380000000000006 26.19550022662105
0.8400000000000006 26.228966095233424
0.8420000000000006 26.26309860359494
0.8440000000000006 26.29789932868102
0.8460000000000006 26.333369900793134
0.8480000000000006 26.369512002489444
0.8500000000000006 26.406327369590226
0.8520000000000006 26.443817791453988
0.8540000000000006 26.4819851104617
0.8560000000000006 26.52083122256734
0.8580000000000007 26.56035807734199
0.8600000000000007 26.60056767820158
0.8620000000000007 26.641462082394938
0.8640000000000007 26.68304338726587
0.8660000000000007 26.725313786024532
0.8680000000000007 26.768275501650866
0.8700000000000007 26.81193077782701
0.8720000000000007 26.856281959854883
0.8740000000000007 26.90133143253467
0.8760000000000007 26.947081615678133
0.8780000000000007 26.99353504440891
0.8800000000000007 27.040694251351187
0.8820000000000007 27.088561868858818
0.8840000000000007 27.13714051240714
0.8860000000000007 27.18643292578468
0.8880000000000007 27.236441856009773
0.8900000000000007 27.287170227034803
0.8920000000000007 27.33862084024611
0.8940000000000007 27.390796674486992
0.8960000000000007 27.44370073651103
0.8980000000000007 27.497336091218575
0.9000000000000007 27.551705861983663
0.9020000000000007 27.60681318357333
0.9040000000000007 27.66266138864874
0.9060000000000007 27.71925378712381
0.9080000000000007 27.77659357791878
0.9100000000000007 27.834684404532172
0.9120000000000007 27.893529509564726
0.9140000000000007 27.953132618730052
0.9160000000000007 28.013497273852355
0.9180000000000007 28.07462713874453
0.9200000000000007 28.136525940221333
0.9220000000000007 28.199197466780664
0.9240000000000007 28.26264556940123
0.9260000000000007 28.326874162585558
0.9280000000000007 28.39188722430003
0.9300000000000007 28.457688796687616
0.9320000000000007 28.524282985377656
0.9340000000000007 28.591673962074573
0.9360000000000007 28.65986596324332
0.9380000000000007 28.728863290398536
0.9400000000000007 28.798670312813424
0.9420000000000007 28.869291465056573
0.9440000000000007 28.940731249097833
0.9460000000000007 29.012994235540337
0.9480000000000007 29.086085062376704
0.9500000000000007 29.16000842788212
0.9520000000000007 29.234769133419128
0.9540000000000007 29.310371988591992
0.9560000000000007 29.386821951387997
0.9580000000000007 29.464123974488015
0.9600000000000007 29.542283128791627
0.9620000000000007 29.62130452901926
0.9640000000000007 29.701193404803828
0.9660000000000007 29.781955023131815
0.9680000000000007 29.86359473069003
0.9700000000000008 29.946117952824377
0.9720000000000008 30.02953018897631
0.9740000000000008 30.113837013681298
0.9760000000000008 30.199044079775252
0.9780000000000008 30.28515711258441
0.9800000000000008 30.372181920743568
0.9820000000000008 30.4601243888583
0.9840000000000008 30.548990476429495
0.9860000000000008 30.638786230073368
0.9880000000000008 30.729517772036605
0.9900000000000008 30.82119130655523
0.9920000000000008 30.91381312031609
0.9940000000000008 31.007389581794396
0.9960000000000008 31.10192714393697
0.9980000000000008 31.1974323428862
1.0000000000000007 31.29391180011294
1.0020000000000007 31.391372222635336
1.0040000000000007 31.489820404680913
1.0060000000000007 31.589263226792223
1.0080000000000007 31.68970765837422
1.0100000000000007 31.79116075174106
1.0120000000000007 31.89362967341798
1.0140000000000007 31.997121643885386
1.0160000000000007 32.10164398886039
1.0180000000000007 32.207204151419425
1.0200000000000007 32.313809639047385
1.0220000000000007 32.421468062735464
1.0240000000000007 32.53018712881664
1.0260000000000007 32.639974639959576
1.0280000000000007 32.75083849599623
1.0300000000000007 32.86278669454955
1.0320000000000007 32.9758273344475
1.0340000000000007 33.08996861195288
1.0360000000000007 33.20521882652385
1.0380000000000007 33.32158637917025
1.0400000000000007 33.4390797747381
1.0420000000000007 33.557707622271785
1.0440000000000007 33.67747863636622
1.0460000000000007 33.79840163632052
1.0480000000000007 33.920485553631934
1.0500000000000007 34.043739427562755
1.0520000000000007 34.16817240347617
1.0540000000000007 34.29379374167039
1.0560000000000007 34.42061281383834
1.0580000000000007 34.548639105411475
1.0600000000000007 34.677882216610016
1.0620000000000007 34.80835186382927
1.0640000000000007 34.94005788063786
1.0660000000000007 35.0730102198866
1.0680000000000007 35.207218952845984
1.0700000000000007 35.34269427561617
1.0720000000000007 35.479446501854284
1.0740000000000007 35.61748607073304
1.0760000000000007 35.75682355092181
1.0780000000000007 35.897469633111626
1.0800000000000007 36.039435137974216
1.0820000000000007 36.182731015121426
1.0840000000000007 36.32736834554137
1.0860000000000007 36.473358342772286
1.0880000000000007 36.62071235383399
1.0900000000000007 36.769441861953965
1.0920000000000007 36.919558487102115
1.0940000000000007 37.0710739877596
1.0960000000000008 37.22400026276748
1.0980000000000008 37.37834935348479
1.1000000000000008 37.53413344158988
1.1020000000000008 37.69136485803357
1.1040000000000008 37.850056013259135
1.1060000000000008 38.01021972618646
1.1080000000000008 38.171868576814155
1.1100000000000008 38.335015556277725
1.1120000000000008 38.499673746310606
1.1140000000000008 38.66585637742585
1.1160000000000008 38.833576829923636
1.1180000000000008 39.00284870727607
1.1200000000000008 39.17368566948089
1.1220000000000008 39.34610161021843
1.1240000000000008 39.52011057081082
1.1260000000000008 39.69572675867012
1.1280000000000008 39.87296455066071
1.1300000000000008 40.05183849421334
1.1320000000000008 40.23236330954038
1.1340000000000008 40.4145538922859
1.1360000000000008 40.598425314562355
1.1380000000000008 40.78399282798325
1.1400000000000008 40.97127186568355
1.1420000000000008 41.16027804387814
1.1440000000000008 41.351027165020824
1.1460000000000008 41.54353521953777
1.1480000000000008 41.73781838741123
1.1500000000000008 41.933893042624476
1.1520000000000008 42.13177575265106
1.1540000000000008 42.33148328370278
1.1560000000000008 42.533032601082006
1.1580000000000008 42.73644087213418
1.1600000000000008 42.94172546958609
1.1620000000000008 43.14890397403234
1.1640000000000008 43.35799417241377
1.1660000000000008 43.569014068590874
1.1680000000000008 43.78198187922897
1.1700000000000008 43.99691603924128
1.1720000000000008 44.21383520395379
1.1740000000000008 44.4327582514851
1.1760000000000008 44.65370428670941
1.1780000000000008 44.876692642482595
1.1800000000000008 45.10174288453721
1.1820000000000008 45.328874818400166
1.1840000000000008 45.55810846748402
1.1860000000000008 45.789464117680126
1.1880000000000008 46.02296229049564
1.1900000000000008 46.258623753983
1.1920000000000008 46.49646952605167
1.1940000000000008 46.7365208780741
1.1960000000000008 46.978799336983066
1.1980000000000008 47.22332669039314
1.2000000000000008 47.47012498748273
1.2020000000000008 47.71921654393044
1.2040000000000008 47.970623946483194
1.2060000000000008 48.22437008234668
1.2080000000000009 48.48047799122211
1.2100000000000009 48.73897118900202
1.2120000000000009 48.99987333921354
1.2140000000000009 49.26320842915713
1.2160000000000009 49.529000736782294
1.2180000000000009 49.797274845308145
1.2200000000000009 50.06805560229088
1.2220000000000009 50.341368194986096
1.2240000000000009 50.617238104582064
1.2260000000000009 50.895691120232826
1.2280000000000009 51.17675334986703
1.2300000000000009 51.460451217274894
1.2320000000000009 51.74681147094257
1.2340000000000009 52.035861186704246
1.2360000000000009 52.32762776580093
1.2380000000000009 52.62213895707295
1.2400000000000009 52.91942293195399
1.2420000000000009 53.219507812501625
1.2440000000000009 53.522422733529346
1.2460000000000009 53.82819665596726
1.2480000000000009 54.13685915375059
1.2500000000000009 54.44843995442574
1.252000000000001 54.76296934597375
1.254000000000001 55.080477923036156
1.256000000000001 55.40099665755875
1.258000000000001 55.724556905677225
1.260000000000001 56.05119041186042
1.262000000000001 56.38092931049804
1.264000000000001 56.71380614810462
1.266000000000001 57.04985385670656
1.268000000000001 57.3891057895734
1.270000000000001 57.731595712737686
1.272000000000001 58.07735781426595
1.274000000000001 58.426426706128275
1.276000000000001 58.77883764053591
1.278000000000001 59.13462549153764
1.280000000000001 59.49382678260088
1.282000000000001 59.856477707535696
1.284000000000001 60.222615251831755
1.286000000000001 60.592276387558606
1.288000000000001 60.96549904950004
1.290000000000001 61.342321350406856
1.292000000000001 61.72278227756796
1.294000000000001 62.10692101892006
1.296000000000001 62.49477705066202
1.298000000000001 62.886390619216904
1.300000000000001 63.28180267842746
1.302000000000001 63.68105422824004
1.304000000000001 64.08418710339758
1.306000000000001 64.49124351318456
1.308000000000001 64.90226651024965
1.310000000000001 65.31729923695211
1.312000000000001 65.73638569062811
1.314000000000001 66.159570352267
1.316000000000001 66.5868982755536
1.318000000000001 67.01841508366661
1.320000000000001 67.45416698905525
1.322000000000001 67.89420079403367
1.324000000000001 68.33856395332597
1.326000000000001 68.78730432550503
1.328000000000001 69.24047068586307
1.330000000000001 69.69811226553965
1.332000000000001 70.16027893034979
1.334000000000001 70.6270212042358
1.336000000000001 71.0983903089419
1.338000000000001 71.57443808153967
1.340000000000001 72.05521704093513
1.342000000000001 72.54078039589805
1.344000000000001 73.03118203365298
1.346000000000001 73.52647655582213
1.348000000000001 74.02671926638607
1.350000000000001 74.53196619183541
1.352000000000001 75.04227409019221
1.354000000000001 75.55770045644313
1.356000000000001 76.07830354922066
1.358000000000001 76.6041423797516
1.360000000000001 77.13527668514561
1.362000000000001 77.67176719299198
1.364000000000001 78.21367511805433
1.366000000000001 78.76106269184098
1.368000000000001 79.31399290826852
1.370000000000001 79.87252959767643
1.372000000000001 80.43673742600383
1.374000000000001 81.0066819264014
1.376000000000001 81.58242949138221
1.378000000000001 82.16404739571479
1.380000000000001 82.75160380940521
1.382000000000001 83.3451678031818
1.384000000000001 83.94480937494906
1.386000000000001 84.5505994506421
1.388000000000001 85.16260990370725
1.390000000000001 85.78091356890857
1.392000000000001 86.40558425129748
1.394000000000001 87.03669675131218
1.396000000000001 87.67432686822121
1.398000000000001 88.31855142571769
1.400000000000001 88.96944825784479
1.402000000000001 89.62709628119092
1.404000000000001 90.29157545268949
1.406000000000001 90.96296681611422
1.408000000000001 91.64135250767426
1.410000000000001 92.32681577682895
1.412000000000001 93.01944100288215
1.414000000000001 93.71931370546388
1.416000000000001 94.42652057031954
1.418000000000001 95.14114946024235
1.420000000000001 95.86328943569676
1.422000000000001 96.59303077052078
1.424000000000001 97.3304649723887
1.426000000000001 98.0756848004286
1.428000000000001 98.82878428247905
1.430000000000001 99.58985873519971
1.432000000000001 100.35900480482015
1.434000000000001 101.13632039323556
1.436000000000001 101.92190485089851
1.438000000000001 102.71585883347511
1.440000000000001 103.51828440016601
1.442000000000001 104.32928502072825
1.444000000000001 105.14896560987381
1.446000000000001 105.97743249019935
1.448000000000001 106.81479351177597
1.450000000000001 107.66115799948847
1.452000000000001 108.51663680135688
1.454000000000001 109.38134230975237
1.456000000000001 110.25538847551293
1.458000000000001 111.13889085564382
1.460000000000001 112.0319666107989
1.462000000000001 112.93473454689759
1.464000000000001 113.84731513198999
1.466000000000001 114.76983055648687
1.468000000000001 115.70240463331997
1.470000000000001 116.64516301843965
1.472000000000001 117.59823310436589
1.474000000000001 118.56174407592441
1.476000000000001 119.53582695321641
1.478000000000001 120.52061459107738
1.480000000000001 121.51624174666769
1.482000000000001 122.52284507601141
1.484000000000001 123.54056317824862
1.486000000000001 124.56953662849902
1.488000000000001 125.60990800044252
1.490000000000001 126.66182189782018
1.492000000000001 127.72542498724572
1.494000000000001 128.8008660470665
1.496000000000001 129.88829630130718
1.498000000000001 130.98786781492598
1.500000000000001 132.09973683302337
1.5020000000000011 133.2240605313553
1.5040000000000011 134.36099864925944
1.5060000000000011 135.51071324728895
1.5080000000000011 136.67336872864814
1.5100000000000011 137.8491318664951
1.5120000000000011 139.03817182966478
1.5140000000000011 140.24066028040673
1.5160000000000011 141.45677130601322
1.5180000000000011 142.68668159597468
1.5200000000000011 143.93057036027056
1.5220000000000011 145.18861943412588
1.5240000000000011 146.4610133102276
1.5260000000000011 147.74793915935834
1.5280000000000011 149.04958690886457
1.5300000000000011 150.36614925536918
1.5320000000000011 151.69782172455328
1.5340000000000011 153.0448026753485
1.5360000000000011 154.40729347468243
1.5380000000000011 155.7854983706995
1.5400000000000011 157.17962465791305
1.5420000000000011 158.58988267498867
1.5440000000000011 160.01648587963567
1.5460000000000012 161.45965088178278
1.5480000000000012 162.91959749681772
1.5500000000000012 164.3965488260478
1.5520000000000012 165.89073126001634
1.5540000000000012 167.40237456978596
1.5560000000000012 168.9317119471594
1.5580000000000012 170.47898006336268
1.5600000000000012 172.04441908780612
1.5620000000000012 173.62827290597218
1.5640000000000012 175.23078889086057
1.5660000000000012 176.85221822826006
1.5680000000000012 178.4928158490013
1.5700000000000012 180.15284052432887
1.5720000000000012 181.83255491385785
1.5740000000000012 183.53222563988092
1.5760000000000012 185.25212336494357
1.5780000000000012 186.99252281440266
1.5800000000000012 188.75370289778127
1.5820000000000012 190.53594674026294
1.5840000000000012 192.33954176982016
1.5860000000000012 194.1647797770698
1.5880000000000012 196.01195700313963
1.5900000000000012 197.88137419416938
1.5920000000000012 199.77333669340814
1.5940000000000012 201.6881545095418
1.5960000000000012 203.62614237764757
1.5980000000000012 205.58761988149848
1.6000000000000012 207.5729114854294
1.6020000000000012 209.58234667188648
1.6040000000000012 211.61625994261573
1.6060000000000012 213.6749908076921
1.6080000000000012 215.75888472484402
1.6100000000000012 217.86829139663465
1.6120000000000012 220.00356667050355
1.6140000000000012 222.16507171404731
1.6160000000000012 224.3531733003159
1.6180000000000012 226.5682442958558
1.6200000000000012 228.81066175080937
1.6220000000000012 231.0808110399511
1.6240000000000012 233.3790818405763
1.6260000000000012 235.70587041625046
1.6280000000000012 238.06157917971166
1.6300000000000012 240.4466168354042
1.6320000000000012 242.86139852167756
1.6340000000000012 245.30634584321942
1.6360000000000012 247.78188711408856
1.6380000000000012 250.2884573056533
1.6400000000000012 252.8264982588319
1.6420000000000012 255.39645881154055
1.6440000000000012 257.9987948727311
1.6460000000000012 260.63396959990945
1.6480000000000012 263.3024533859277
1.6500000000000012 266.00472422750903
1.6520000000000012 268.7412676165372
1.6540000000000012 271.5125767910835
1.6560000000000012 274.3191528376213
1.6580000000000013 277.1615048446239
1.6600000000000013 280.04015001855066
1.6620000000000013 282.95561384417107
1.6640000000000013 285.9084302078822
1.6660000000000013 288.8991415632505
1.6680000000000013 291.9282990666673
1.6700000000000013 294.99646273340903
1.6720000000000013 298.1042015945906
1.6740000000000013 301.2520938485359
1.6760000000000013 304.4407270245928
1.6780000000000013 307.67069814630565
1.6800000000000013 310.9426138952281
1.6820000000000013 314.2570907855393
1.6840000000000013 317.61475532807304
1.6860000000000013 321.016244214092
1.6880000000000013 324.462204489376
1.6900000000000013 327.9532937381843
1.6920000000000013 331.49018027230983
1.6940000000000013 335.07354330833994
1.6960000000000013 338.7040731813821
1.6980000000000013 342.38247151535523
1.7000000000000013 346.1094514523094
1.7020000000000013 349.88573785906186
1.7040000000000013 353.7120668014828
1.7060000000000013 357.58918909244164
1.7080000000000013 361.517864067347
1.7100000000000013 365.49886615399953
1.7120000000000013 369.5329807215754
1.7140000000000013 373.62100955730864
1.7160000000000013 377.7637644791157
1.7180000000000013 381.96207180119904
1.7200000000000013 386.2167715895832
1.7220000000000013 390.52871786795157
1.7240000000000013 394.8987788675093
1.7260000000000013 399.3278373418102
1.7280000000000013 403.8167901657716
1.7300000000000013 408.36655082278253
1.7320000000000013 412.97804659566157
1.7340000000000013 417.65222082646426
1.7360000000000013 422.39003374867184
1.7380000000000013 427.1924572720949
1.7400000000000013 432.0604863178694
1.7420000000000013 436.99512856459125
1.7440000000000013 441.9974086890138
1.7460000000000013 447.0683700720341
1.7480000000000013 452.20907288212226
1.7500000000000013 457.420595428473
1.7520000000000013 462.70403436369213
1.7540000000000013 468.06050497828073
1.7560000000000013 473.4911415202633
1.7580000000000013 478.99709719385186
1.7600000000000013 484.5795456800181
1.7620000000000013 490.2396800894404
1.7640000000000013 495.9787139108067
1.7660000000000013 501.79788165760107
1.7680000000000013 507.6984389587842
1.7700000000000014 513.681662897671
1.7720000000000014 519.7488525514265
1.7740000000000014 525.9013293690746
1.7760000000000014 532.1404374524228
1.7780000000000014 538.467544469287
1.7800000000000014 544.8840411166839
1.7820000000000014 551.3913426190855
1.7840000000000014 557.9908885414085
1.7860000000000014 564.684143430916
1.7880000000000014 571.4725972739863
1.7900000000000014 578.3577659475521
1.7920000000000014 585.3411919520963
1.7940000000000014 592.4244437960368
1.7960000000000014 599.6091186958819
1.7980000000000014 606.8968408909733
1.8000000000000014 614.2892632062161
1.8020000000000014 621.7880675739276
1.8040000000000014 629.394965407521
1.8060000000000014 637.111697825813
1.8080000000000014 644.9400371675266
1.8100000000000014 652.8817865637315
1.8120000000000014 660.9387811250612
1.8140000000000014 669.1128882907069
1.8160000000000014 677.4060085556434
1.8180000000000014 685.8200759787703
1.8200000000000014 694.3570592710175
1.8220000000000014 703.0189612247708
1.8240000000000014 711.807821166025
1.8260000000000014 720.7257142892968
1.8280000000000014 729.7747527202481
1.8300000000000014 738.957087374282
1.8320000000000014 748.2749036618922
1.8340000000000014 757.7304322706324
1.8360000000000014 767.325938541873
1.8380000000000014 777.0637310634871
1.8400000000000014 786.9461617245223
1.8420000000000014 796.9756147238444
1.8440000000000014 807.1545320770855
1.8460000000000014 817.4853915902002
1.8480000000000014 827.970713087511
1.8500000000000014 838.6130673179854
1.8520000000000014 849.4150696164205
1.8540000000000014 860.3793827283315
1.8560000000000014 871.5087176523249
1.8580000000000014 882.8058346479269
1.8600000000000014 894.2735441664123
1.8620000000000014 905.9147078501716
1.8640000000000014 917.7322393893002
1.8660000000000014 929.7291058286804
1.8680000000000014 941.9083283257414
1.8700000000000014 954.2729833944875
1.8720000000000014 966.8262035765898
1.8740000000000014 979.5711795456776
1.8760000000000014 992.5111600760757
1.8780000000000014 1005.6494537022057
1.8800000000000014 1018.9894301300511
1.8820000000000014 1032.5345209807072
1.8840000000000015 1046.2882213316225
1.8860000000000015 1060.2540907776172
1.8880000000000015 1074.4357548762614
1.8900000000000015 1088.8369062977767
1.8920000000000015 1103.4613062579754
1.8940000000000015 1118.3127858283585
1.8960000000000015 1133.3952473333293
1.8980000000000015 1148.7126657720632
1.9000000000000015 1164.2690902586016
1.9020000000000015 1180.0686454846757
1.9040000000000015 1196.1155332726946
1.9060000000000015 1212.414034057116
1.9080000000000015 1228.968508497634
1.9100000000000015 1245.7833990455438
1.9120000000000015 1262.8632316337707
1.9140000000000015 1280.2126173409788
1.9160000000000015 1297.8362539480142
1.9180000000000015 1315.738928015793
1.9200000000000015 1333.9255165743812
1.9220000000000015 1352.400988012402
1.9240000000000015 1371.17040582918
1.9260000000000015 1390.2389289637763
1.9280000000000015 1409.6118142781074
1.9300000000000015 1429.2944184087926
1.9320000000000015 1449.2922001015613
1.9340000000000015 1469.6107217789968
1.9360000000000015 1490.2556520813391
1.9380000000000015 1511.2327677702172
1.9400000000000015 1532.5479562451746
1.9420000000000015 1554.2072172737908
1.9440000000000015 1576.216664950739
1.9460000000000015 1598.5825331503888
1.9480000000000015 1621.3111723223847
1.9500000000000015 1644.4090569115556
1.9520000000000015 1667.8827854204897
1.9540000000000015 1691.7390838030296
1.9560000000000015 1715.9848077138274
1.9580000000000015 1740.6269452915712
1.9600000000000015 1765.6726198441838
1.9620000000000015 1791.1290928543106
1.9640000000000015 1817.0041872703985
1.9660000000000015 1843.3041863577143
1.9680000000000015 1870.038045480618
1.9700000000000015 1897.2131860941138
1.9720000000000015 1924.837603395841
1.9740000000000015 1952.919448855369
1.9760000000000015 1981.4670325803854
1.9780000000000015 2010.4888279880718
1.9800000000000015 2039.993473859698
1.9820000000000015 2069.9897787161485
1.9840000000000015 2100.4867238338984
1.9860000000000015 2131.493467195373
1.9880000000000015 2163.0193467923436
1.9900000000000015 2195.0738848314936
1.9920000000000015 2227.666791346988
1.9940000000000015 2260.8079640955416
1.9960000000000016 2294.507506709959
1.9980000000000016 2328.7757139770615
2.0000000000000013 2363.623086674473
2.002000000000001 2399.0603356676743
2.004000000000001 2435.098383296257
2.0060000000000007 2471.7483695855626
2.0080000000000005 2509.021655902561
2.0100000000000002 2546.929831203357
2.012 2585.4847149368456
2.014 2624.698363163685
2.0159999999999996 2664.5830731143233
2.0179999999999993 2705.1513884060837
2.019999999999999 2746.4161043008885
2.021999999999999 2788.3902729875017
2.0239999999999987 2831.0872091148344
2.0259999999999985 2874.5204954744604
2.0279999999999982 2918.703988477142
2.029999999999998 2963.651823948514
2.031999999999998 3009.378423567161
2.0339999999999976 3055.898500932714
2.0359999999999974 3103.2270686992156
2.037999999999997 3151.3794387199996
2.039999999999997 3200.371240522141
2.0419999999999967 3250.218417452398
2.0439999999999965 3300.9372384411045
2.0459999999999963 3352.5443018196634
2.047999999999996 3405.0565473888996
2.049999999999996 3458.4912623533123
2.0519999999999956 3512.8660754401694
2.0539999999999954 3568.198991463837
2.055999999999995 3624.508376751405
2.057999999999995 3681.812975090649
2.0599999999999947 3740.1319159430436
2.0619999999999945 3799.4847214071906
2.0639999999999943 3859.891315053082
2.065999999999994 3921.3720325265194
2.067999999999994 3983.9476271934514
2.0699999999999936 4047.6392827623235
2.0719999999999934 4112.46862012292
2.073999999999993 4178.457709534209
2.075999999999993 4245.629073265734
2.0779999999999927 4314.005709024904
2.0799999999999925 4383.611087158302
2.0819999999999923 4454.469166996375
2.083999999999992 4526.604407437028
2.085999999999992 4600.041777306064
2.0879999999999916 4674.80676632271
2.0899999999999914 4750.925396913283
2.091999999999991 4828.424235967592
2.093999999999991 4907.330406914972
2.0959999999999908 4987.671601854418
2.0979999999999905 5069.47609466101
2.0999999999999903 5152.772751634574
2.10199999999999 5237.591050949442
2.10399999999999 5323.961083384759
2.1059999999999897 5411.91358388098
2.1079999999999894 5501.479931056795
2.109999999999989 5592.692167730838
2.111999999999989 5685.583013556944
2.1139999999999888 5780.185886236453
2.1159999999999886 5876.534904904875
2.1179999999999883 5974.664918424798
2.119999999999988 6074.611514531603
2.121999999999988 6176.4113505308405
2.1239999999999877 6280.100613197295
2.1259999999999875 6385.718147278742
2.1279999999999872 6493.302363182372
2.129999999999987 6602.892810423508
2.131999999999987 6714.529884439688
2.1339999999999866 6828.254845488549
2.1359999999999864 6944.109841621988
2.137999999999986 7062.1379246676
2.139999999999986 7182.383069094563
2.1419999999999857 7304.890203070822
2.1439999999999855 7429.705204221977
2.1459999999999853 7556.874972003096
2.147999999999985 7686.447391693834
2.149999999999985 7818.471396869189
2.1519999999999846 7952.996967302091
2.1539999999999844 8090.075184154956
2.155999999999984 8229.758221830956
2.157999999999984 8372.099394542789
2.1599999999999837 8517.1531718594
2.1619999999999835 8664.97521609194
2.1639999999999833 8815.622392232466
2.165999999999983 8969.152811585189
2.167999999999983 9125.625857697389
2.1699999999999826 9285.102200699868
2.1719999999999824 9447.643857204466
2.173999999999982 9613.314177057795
2.175999999999982 9782.177935427253
2.1779999999999817 9954.301277701858
2.1799999999999815 10129.751855422886
2.1819999999999813 10308.598785334649
2.183999999999981 10490.912708009075
2.185999999999981 10676.765823035677
2.1879999999999806 10866.231925094553
2.1899999999999804 11059.386435235747
2.19199999999998 11256.306451405546
2.19399999999998 11457.070774354372
2.1959999999999797 11661.759952767818
2.1979999999999795 11870.456324412975
2.1999999999999793 12083.244056774445
2.201999999999979 12300.209190252606
2.203999999999979 12521.439679367337
2.2059999999999786 12747.02544423491
2.2079999999999784 12977.058407417084
2.209999999999978 13211.63254968764
2.211999999999978 13450.843950716866
2.2139999999999778 13694.790862304795
2.2159999999999775 13943.573663746902
2.2179999999999773 14197.295099914572
2.219999999999977 14456.060148702238
2.221999999999977 14719.976171373617
2.2239999999999767 14989.152928293915
2.2259999999999764 15263.702686449127
2.227999999999976 15543.74021443312
2.229999999999976 15829.38289418431
2.231999999999976 16120.750752464111
2.2339999999999756 16417.96660229492
2.2359999999999753 16721.15576752763
2.237999999999975 17030.446826084706
2.239999999999975 17345.97100020325
2.2419999999999747 17667.862565568827
2.2439999999999745 17996.258864011506
2.2459999999999742 18331.3003161806
2.247999999999974 18673.13061941138
2.249999999999974 19021.89670874321
2.2519999999999736 19377.74888354405
2.2539999999999734 19740.840883658064
2.255999999999973 20111.3299646293
2.257999999999973 20489.376999680477
2.2599999999999727 20875.14653931269
2.2619999999999725 21268.806929060713
2.2639999999999723 21670.530377139465
2.265999999999972 22080.493055934174
2.267999999999972 22498.87520659267
2.2699999999999716 22925.861222335516
2.2719999999999714 23361.63975802957
2.273999999999971 23806.403827361402
2.275999999999971 24260.35091693637
2.2779999999999707 24723.683082029063
2.2799999999999705 25196.607073023126
2.2819999999999703 25679.33442666101
2.28399999999997 26172.08161161148
2.28599999999997 26675.070128679206
2.2879999999999696 27188.526612835165
2.2899999999999694 27712.683007574564
2.291999999999969 28247.776635498176
2.293999999999969 28794.05032279636
2.2959999999999687 29351.75344754933
2.2979999999999685 29921.139340133403
2.2999999999999683 30502.46880351592
2.301999999999968 31096.008173078328
2.303999999999968 31702.03032708428
2.3059999999999676 32320.814390329404
2.3079999999999674 32952.646060908475
2.309999999999967 33597.81777914271
2.311999999999967 34256.62888577212
2.3139999999999668 34929.38578675975
2.3159999999999665 35616.40213647093
2.3179999999999663 36317.998981533296
2.319999999999966 37034.50501162398
2.321999999999966 37766.25668972003
2.3239999999999656 38513.5983206731
2.3259999999999654 39276.88136419147
2.327999999999965 40056.47108026088
2.329999999999965 40852.73225139838
2.3319999999999648 41666.045610673944
2.3339999999999645 42496.79803526866
2.3359999999999643 43345.38626470481
2.337999999999964 44212.21644666031
2.339999999999964 45097.704502511944
2.3419999999999637 46002.27625845193
2.3439999999999634 46926.36776215918
2.3459999999999632 47870.425508585686
2.347999999999963 48834.90673733719
2.349999999999963 49820.27967026619
2.3519999999999626 50827.0237952744
2.3539999999999623 51855.63019876825
2.355999999999962 52906.60164278174
2.357999999999962 53980.45330460548
2.3599999999999617 55077.71252234964
2.3619999999999615 56198.91961408498
2.3639999999999612 57344.62786192897
2.365999999999961 58515.40398318199
2.367999999999961 59711.82845418092
2.3699999999999606 60934.495822293546
2.3719999999999604 62184.015123260186
2.37399999999996 63461.01019159338
2.37599999999996 64766.12006701917
2.3779999999999597 66099.99936100743
2.3799999999999595 67463.31867226116
2.3819999999999593 68856.76497010664
2.383999999999959 70281.04205664452
2.385999999999959 71736.8708735152
2.3879999999999586 73224.99023722156
2.3899999999999584 74746.15666957796
2.391999999999958 76301.14579342937
2.393999999999958 77890.75194321493
2.3959999999999577 79515.78912501188
2.3979999999999575 81177.09129843998
2.3999999999999573 82875.51308450378
2.401999999999957 84611.93014014469
2.403999999999957 86387.23966476486
2.4059999999999566 88202.36121449426
2.4079999999999564 90058.23698914972
2.409999999999956 91955.8325468428
2.411999999999956 93896.13736861544
2.4139999999999557 95880.16553092332
2.4159999999999555 97908.95627560944
2.4179999999999553 99983.57471076028
2.419999999999955 102105.11240487249
2.421999999999955 104274.68816585514
2.4239999999999546 106493.44872587545
2.4259999999999544 108762.56940060807
2.427999999999954 111083.25492847801
2.429999999999954 113456.74011544815
2.4319999999999538 115884.2905961409
2.4339999999999535 118367.20396770655
2.4359999999999533 120906.8102459157
2.437999999999953 123504.47282077845
2.439999999999953 126161.58938054144
2.4419999999999527 128879.59275206094
2.4439999999999524 131659.95167527412
2.445999999999952 134504.17256369902
2.447999999999952 137413.799024371
2.4499999999999518 140390.4140092308
2.4519999999999516 143435.64050936434
2.4539999999999513 146551.14254593645
2.455999999999951 149738.62624509935
2.457999999999951 152999.84111886495
2.4599999999999507 156336.58083447246
2.4619999999999505 159750.68487304522
2.4639999999999502 163244.03932836332
2.46599999999995 166818.57830997632
2.46799999999995 170476.28528041218
2.4699999999999496 174219.19417600246
2.4719999999999493 178049.39078133515
2.473999999999949 181969.01428428825
2.475999999999949 185980.25864433162
2.4779999999999487 190085.37370172373
2.4799999999999485 194286.6672813356
2.4819999999999482 198586.5060913892
2.483999999999948 202987.3179209319
2.485999999999948 207491.59134836428
2.4879999999999476 212101.8831203766
2.4899999999999474 216820.81042776187
2.491999999999947 221651.06124277835
2.493999999999947 226595.39205959666
2.4959999999999467 231656.63047585997
2.4979999999999465 236837.67719583533
2.4999999999999463 242141.5077514381
2.501999999999946 247571.17494447157
2.503999999999946 253129.8105464721
2.5059999999999456 258820.62744203352
2.5079999999999454 264646.92209936096
2.509999999999945 270612.0765469226
2.511999999999945 276719.5607196107
2.5139999999999447 282972.9349073059
2.5159999999999445 289375.8521175788
2.5179999999999443 295932.06074555893
2.519999999999944 302645.4071556366
2.521999999999944 309519.83698603156
2.5239999999999436 316559.4009603032
2.5259999999999434 323768.2546579965
2.527999999999943 331150.66349264275
2.529999999999943 338711.00171373726
2.5319999999999427 346453.7628641967
2.5339999999999425 354383.55559750873
2.5359999999999423 362505.1104328492
2.537999999999942 370823.2824571678
2.539999999999942 379343.0545493302
2.5419999999999416 388069.5409865
2.5439999999999414 397007.99129654834
2.545999999999941 406163.7929169358
2.547999999999941 415542.4767034459
2.5499999999999408 425149.71948698524
2.5519999999999405 434991.34757128765
2.5539999999999403 445073.34332540346
2.55599999999994 455401.84681139345
2.55799999999994 465983.16136090003
2.5599999999999397 476823.7580016785
2.5619999999999394 487930.27969533793
2.563999999999939 499309.5467384246
2.565999999999939 510968.56075623725
2.5679999999999388 522914.50996374973
2.5699999999999386 535154.7756401909
2.5719999999999383 547696.9354410694
2.573999999999938 560548.7705445966
2.575999999999938 573718.2682392747
2.5779999999999377 587213.6326484906
2.5799999999999375 601043.2868988425
2.5819999999999372 615215.8800498479
2.583999999999937 629740.2938939353
2.585999999999937 644625.6484145958
2.5879999999999366 659881.3102877535
2.5899999999999364 675516.8976756731
2.591999999999936 691542.2879872966
2.593999999999936 707967.6265073686
2.5959999999999357 724803.3312285524
2.5979999999999355 742060.1024078792
2.5999999999999353 759748.9299045248
2.601999999999935 777881.1013640638
2.603999999999935 796468.2103826975
2.6059999999999346 815522.1651201396
2.6079999999999344 835055.197292536
2.609999999999934 855079.87110644
2.611999999999934 875609.0926426864
2.6139999999999337 896656.1200151186
2.6159999999999335 918234.5701345621
2.6179999999999333 940358.4355784782
2.619999999999933 963042.0888557034
2.621999999999933 986300.2933158121
2.6239999999999326 1.0101482196313565e6
2.6259999999999324 1.0346014521384775e6
2.627999999999932 1.05967600322194e6
2.629999999999932 1.085388320598202e6
2.6319999999999317 1.1117553093953766e6
2.6339999999999315 1.138794335340834e6
2.6359999999999313 1.1665232425564823e6
2.637999999999931 1.1949603663731287e6
2.639999999999931 1.224124547586585e6
2.6419999999999306 1.2540351445743453e6
2.6439999999999304 1.2847120538685704e6
2.64599999999993 1.3161757143416945e6
2.64799999999993 1.3484471408052165e6
2.6499999999999297 1.3815479189149665e6
2.6519999999999295 1.4155002375137205e6
2.6539999999999293 1.4503268985638777e6
2.655999999999929 1.4860513377477403e6
2.657999999999929 1.522697639196959e6
2.6599999999999286 1.5602905524001801e6
2.6619999999999284 1.5988554729368251e6
2.663999999999928 1.638417670513448e6
2.665999999999928 1.6790070395772767e6
2.6679999999999278 1.7206480566872018e6
2.6699999999999275 1.7633700971935727e6
2.6719999999999273 1.8072026447554813e6
2.673999999999927 1.8521754459292053e6
2.675999999999927 1.898319416956216e6
2.6779999999999267 1.9456662792425312e6
2.6799999999999264 1.9942486424678764e6
2.681999999999926 2.0441000063765931e6
2.683999999999926 2.0952548470289414e6
2.685999999999926 2.14774858496291e6
2.6879999999999256 2.2016176428303025e6
2.6899999999999253 2.256899468287307e6
2.691999999999925 2.313632565094465e6
2.693999999999925 2.371856520254735e6
2.6959999999999247 2.431612040713938e6
2.6979999999999245 2.492940981173135e6
2.6999999999999242 2.5558863801718373e6
2.701999999999924 2.620492494983683e6
2.703999999999924 2.686804831486428e6
2.7059999999999236 2.754870191572954e6
2.7079999999999234 2.8247367005066117e6
2.709999999999923 2.8964538505756017e6
2.711999999999923 2.970072541069588e6
2.7139999999999227 3.045645115648976e6
2.7159999999999225 3.1232254139780067e6
2.7179999999999223 3.2028688041593223e6
2.719999999999922 3.284632227726585e6
2.721999999999922 3.368574262984581e6
2.7239999999999216 3.454755027820176e6
2.7259999999999214 3.5432368616220127e6
2.727999999999921 3.634083132364856e6
2.729999999999921 3.727359531986738e6
2.7319999999999207 3.823133486393911e6
2.7339999999999205 3.9214743886141023e6
2.7359999999999203 4.022453597922892e6
2.73799999999992 4.126144533475382e6
2.73999999999992 4.232622726380718e6
2.7419999999999196 4.34196586321852e6
2.7439999999999194 4.454253894644258e6
2.745999999999919 4.569569058754601e6
2.747999999999919 4.687995969076988e6
2.7499999999999187 4.8096216812590035e6
2.7519999999999185 4.934535766831988e6
2.7539999999999183 5.062830386441362e6
2.755999999999918 5.194600369479505e6
2.757999999999918 5.329943287096295e6
2.7599999999999176 5.468959546430391e6
2.7619999999999174 5.611752461526817e6
2.763999999999917 5.758428344653406e6
2.765999999999917 5.909096104690689e6
2.7679999999999167 6.063869832564716e6
2.7699999999999165 6.222863854242165e6
2.7719999999999163 6.3861980570252e6
2.773999999999916 6.553994892313645e6
2.775999999999916 6.726380862443867e6
2.7779999999999156 6.90348589228096e6
2.7799999999999154 7.08544376489654e6
2.781999999999915 7.27239217379478e6
2.783999999999915 7.46447284640659e6
2.7859999999999148 7.661831663531986e6
2.7879999999999145 7.8646187838598e6
2.7899999999999143 8.072988759743449e6
2.791999999999914 8.287100708508193e6
2.793999999999914 8.50711839623338e6
2.7959999999999137 8.733210429096762e6
2.7979999999999134 8.965550361047102e6
2.7999999999999132 9.2043168726136e6
2.801999999999913 9.449693903604398e6
2.803999999999913 9.701870828613121e6
2.8059999999999126 9.961042622023726e6
2.8079999999999123 1.0227410001150755e7
2.809999999999912 1.0501179620303074e7
2.811999999999912 1.0782564296847831e7
2.8139999999999117 1.1071783111319955e7
2.8159999999999115 1.1369061654440554e7
2.8179999999999112 1.167463221342281e7
2.819999999999911 1.198873397313078e7
2.821999999999911 1.2311613199099243e7
2.8239999999999106 1.2643523612555912e7
2.8259999999999104 1.2984726292930588e7
2.82799999999991 1.3335490275018321e7
2.82999999999991 1.369609242166081e7
2.8319999999999097 1.4066818130695108e7
2.8339999999999095 1.4447961076232146e7
2.8359999999999093 1.483982382842385e7
2.837999999999909 1.5242717942997986e7
2.839999999999909 1.565696447696469e7
2.8419999999999086 1.6082893956440795e7
2.8439999999999084 1.6520846696661208e7
2.845999999999908 1.6971173630661815e7
2.847999999999908 1.7434235704656813e7
2.8499999999999077 1.7910405208005425e7
2.8519999999999075 1.8400065430353437e7
2.8539999999999073 1.890361094777025e7
2.855999999999907 1.942144870583836e7
2.857999999999907 1.9953997616663136e7
2.8599999999999066 2.050168929709769e7
2.8619999999999064 2.106496851916567e7
2.863999999999906 2.164429305805611e7
2.865999999999906 2.2240135328683484e7
2.8679999999999057 2.2852981134880334e7
2.8699999999999055 2.3483331936432462e7
2.8719999999999053 2.413170350284428e7
2.873999999999905 2.4798622154043857e7
2.875999999999905 2.5484650783048004e7
2.8779999999999046 2.6190343608432923e7
2.8799999999999044 2.691628156272536e7
2.881999999999904 2.7663066520883434e7
2.883999999999904 2.8431315961795103e7
2.8859999999999038 2.922166674661318e7
2.8879999999999035 3.0034774974223282e7
2.8899999999999033 3.0871316708259173e7
2.891999999999903 3.173198880842168e7
2.893999999999903 3.2617509359357715e7
2.8959999999999027 3.3528618455889076e7
2.8979999999999024 3.446607885841689e7
2.899999999999902 3.543067672567823e7
2.901999999999902 3.642322187010842e7
2.9039999999999018 3.744455082203204e7
2.9059999999999016 3.849552302332446e7
2.9079999999999013 3.957702620471829e7
2.909999999999901 4.068997505930137e7
2.911999999999901 4.1835312293087944e7
2.9139999999999007 4.301400976823221e7
2.9159999999999004 4.422706931495476e7
2.9179999999999002 4.5475523667427845e7
2.9199999999999 4.676043753762788e7
2.9219999999999 4.808290848846845e7
2.9239999999998996 4.944406809007476e7
2.9259999999998993 5.0845082938562185e7
2.927999999999899 5.228715580343779e7
2.929999999999899 5.377152630287313e7
2.9319999999998987 5.529947401183932e7
2.9339999999998985 5.687231684542361e7
2.9359999999998982 5.849141355524181e7
2.937999999999898 6.0158166006577246e7
2.939999999999898 6.1874019374461986e7
2.9419999999998976 6.364046410346388e7
2.9439999999998974 6.5459036670014955e7
2.945999999999897 6.73313216096052e7
2.947999999999897 6.925895338529797e7
2.9499999999998967 7.124361712910193e7
2.9519999999998965 7.328705102957565e7
2.9539999999998963 7.539104677711585e7
2.955999999999896 7.755745344304886e7
2.957999999999896 7.978817744602424e7
2.9599999999998956 8.208518491642031e7
2.9619999999998954 8.44505039791869e7
2.963999999999895 8.688622659984261e7
2.965999999999895 8.939450947168793e7
2.9679999999998947 9.197757925828658e7
2.9699999999998945 9.463773014597613e7
2.9719999999998943 9.737733137998287e7
2.973999999999894 1.001988240941917e8
2.975999999999894 1.031047294586929e8
2.9779999999998936 1.0609764564668947e8
2.9799999999998934 1.0918025424642156e8
2.981999999999893 1.12355322542146e8
2.983999999999893 1.1562570194197157e8
2.9859999999998927 1.1899433839968538e8
2.9879999999998925 1.2246426786815336e8
2.9899999999998923 1.2603863083911978e8
2.991999999999892 1.2972065381401858e8
2.993999999999892 1.3351367492962529e8
2.9959999999998916 1.374211369768948e8
2.9979999999998914 1.4144659201643792e8
2.999999999999891 1.455937056801696e8
3.001999999999891 1.498662583803752e8
3.0039999999998908 1.5426815434437656e8
3.0059999999998905 1.5880342015640706e8
