0.001 6.271851890726554e14
0.002 5.509665963185808e13
0.003 1.1190519819410652e13
0.004 3.490023095539048e12
0.005 1.4083670566860046e12
0.006 6.688706159924862e11
0.007 3.5543329073776483e11
0.008 2.050145500456054e11
0.009000000000000001 1.2589594177879927e11
0.010000000000000002 8.121410018046625e10
0.011000000000000003 5.451679004518667e10
0.012000000000000004 3.781470749355768e10
0.013000000000000005 2.6959492276850758e10
0.014000000000000005 1.967331863936565e10
0.015000000000000006 1.4646823603437101e10
0.016000000000000007 1.1095614615517094e10
0.017000000000000008 8.534192275560232e9
0.01800000000000001 6.652657209483607e9
0.01900000000000001 5.24803575010888e9
0.02000000000000001 4.1842049989616613e9
0.02100000000000001 3.367991497531041e9
0.022000000000000013 2.7344055036116242e9
0.023000000000000013 2.237356401565924e9
0.024000000000000014 1.8436515776570954e9
0.025000000000000015 1.529052741313135e9
0.026000000000000016 1.2756334363775125e9
0.027000000000000017 1.0699814844367101e9
0.028000000000000018 9.019481332101933e8
0.02900000000000002 7.637869603962258e8
0.03000000000000002 6.495217642732046e8
0.03100000000000002 5.54506317666285e8
0.03200000000000002 4.75098753992477e8
0.03300000000000002 4.0842315017331463e8
0.03400000000000002 3.521924617858704e8
0.035000000000000024 3.045760852232567e8
0.036000000000000025 2.640999317282141e8
0.037000000000000026 2.2956965721584785e8
0.03800000000000003 2.0001273418667704e8
0.03900000000000003 1.746329916240551e8
0.04000000000000003 1.5277549164941075e8
0.04100000000000003 1.3389898461306846e8
0.04200000000000003 1.1755424606361565e8
0.04300000000000003 1.0336689645192705e8
0.04400000000000003 9.102363881425592e7
0.04500000000000003 8.026143506496395e7
0.046000000000000034 7.085855249379224e7
0.047000000000000035 6.262749005878448e7
0.048000000000000036 5.5409185732694425e7
0.04900000000000004 4.906827338706432e7
0.05000000000000004 4.348923615701117e7
0.05100000000000004 3.8573196512508415e7
0.05200000000000004 3.423530792748101e7
0.05300000000000004 3.0402578018451937e7
0.05400000000000004 2.7012053180779126e7
0.05500000000000004 2.400931446466683e7
0.05600000000000004 2.1347213861588404e7
0.057000000000000044 1.898481762830692e7
0.058000000000000045 1.6886510606337685e7
0.059000000000000045 1.502124814584895e7
0.060000000000000046 1.336191601473124e7
0.06100000000000005 1.1884790892012289e7
0.06200000000000005 1.056908174059882e7
0.06300000000000004 9.396534472038588e6
0.06400000000000004 8.351099432625331e6
0.06500000000000004 7.418642393279226e6
0.06600000000000004 6.586698308351678e6
0.06700000000000005 5.844259141151659e6
0.06800000000000005 5.18158977854276e6
0.06900000000000005 4.590070624162613e6
0.07000000000000005 4.0620600980898472e6
0.07100000000000005 3.5907758033174225e6
0.07200000000000005 3.170191557678693e6
0.07300000000000005 2.794946464099525e6
0.07400000000000005 2.4602681686725607e6
0.07500000000000005 2.1619027448488753e6
0.07600000000000005 1.8960557327231474e6
0.07700000000000005 1.6593392014922532e6
0.07800000000000006 1.448725809578917e6
0.07900000000000006 1.261509052687234e6
0.08000000000000006 1.0952659540380102e6
0.08100000000000006 947827.4237736843
0.08200000000000006 817249.7283815712
0.08300000000000006 701790.2319828593
0.08400000000000006 599885.7477991155
0.08500000000000006 510133.47952736553
0.08600000000000006 431274.06570906134
0.08700000000000006 362176.1121187883
0.08800000000000006 301823.9666779121
0.08900000000000007 249304.61466219468
0.09000000000000007 203797.93922671585
0.09100000000000007 164567.21789910537
0.09200000000000007 130950.86950139249
0.09300000000000007 102355.37051084149
0.09400000000000007 78248.80909185973
0.09500000000000007 58155.7513468309
0.09600000000000007 41652.98600488312
0.09700000000000007 28366.798951443776
0.09800000000000007 17972.565126719695
0.09900000000000007 10198.619871008133
0.10000000000000007 4838.042835823181
0.1 4838.042835823968
0.11 24.15004888112745
0.12 10.276413746390892
0.13 7.074703405294896
0.14 5.73539068077929
0.15000000000000002 5.023560287275999
0.16000000000000003 4.594616191301892
0.17000000000000004 4.317038430222261
0.18000000000000005 4.130450490429704
0.19000000000000006 4.0035520241772025
0.20000000000000007 3.918695455257651
0.21000000000000008 3.86534304522705
0.22000000000000008 3.8369807748270084
0.2300000000000001 3.829543835199962
0.2400000000000001 3.8405674441107136
0.2500000000000001 3.868714839331891
0.2600000000000001 3.9135176016228677
0.27000000000000013 3.975247232644748
0.28000000000000014 4.05487890888428
0.29000000000000015 4.154132127918968
0.30000000000000016 4.27558963319088
0.31000000000000016 4.422911723410471
0.3200000000000002 4.601182645481348
0.3300000000000002 4.81745668442508
0.3400000000000002 5.0816247137965584
0.3500000000000002 5.40782139791949
0.3600000000000002 5.816789606124776
0.3700000000000002 6.34003057184164
0.3800000000000002 7.027489845701175
0.39000000000000024 7.962756760289947
0.40000000000000024 9.29564161330016
0.41000000000000025 11.319279558116717
0.42000000000000026 14.675871356638504
0.43000000000000027 20.979218731567165
0.4400000000000003 34.69719332753369
0.4500000000000003 64.29956140682553
0.4600000000000003 104.70573070737903
0.4700000000000003 137.19060471796047
0.4800000000000003 156.86669941278123
0.4900000000000003 166.28682568593084
0.5000000000000003 168.6154983730745
0.5100000000000003 166.30483903191043
0.5200000000000004 161.0834314258287
0.5300000000000004 154.13443994873555
0.5400000000000004 146.25698798631748
0.5500000000000004 137.9850173432538
0.5600000000000004 129.67033007201147
0.5700000000000004 121.53978703196204
0.5800000000000004 113.73463743803381
0.5900000000000004 106.33762806613333
0.6000000000000004 99.39175250361338
0.6100000000000004 92.91325608718351
0.6200000000000004 86.90067520813461
0.6300000000000004 81.34111747944971
0.6400000000000005 76.2146202748453
0.6500000000000005 71.49716028454974
0.6600000000000005 67.16271590323451
0.6700000000000005 63.18466298565524
0.6800000000000005 59.5367014862211
0.6900000000000005 56.193452579021894
0.7000000000000005 53.13082518237618
0.7100000000000005 50.326222233809474
0.7200000000000005 47.758636663101726
0.7300000000000005 45.40867269205279
0.7400000000000005 43.25851764468973
0.7500000000000006 41.29188216872509
0.7600000000000006 39.49392160692051
0.7700000000000006 37.851146376676176
0.7800000000000006 36.35133007343356
0.7900000000000006 34.98341510261924
0.8000000000000006 33.737422854935794
0.8100000000000006 32.60436766642644
0.8200000000000006 31.576176335964277
0.8300000000000006 30.645613825051782
0.8400000000000006 29.80621528525847
0.8500000000000006 29.0522242995296
0.8600000000000007 28.37853777809125
0.8700000000000007 27.780656202335777
0.8800000000000007 27.254640219719995
0.8900000000000007 26.797072468670354
0.9000000000000007 26.40502465548153
0.9100000000000007 26.07602967020091
0.9200000000000007 25.808058352363194
0.9300000000000007 25.599500921627364
0.9400000000000007 25.4491527985133
0.9500000000000007 25.35620477398758
0.9600000000000007 25.32023746143956
0.9700000000000008 25.341220127074312
0.9800000000000008 25.419513794392852
0.9900000000000008 25.55587900723063
1.0000000000000007 25.751488244557944
1.0100000000000007 26.007943419070095
1.0200000000000007 26.32729878303745
1.0300000000000007 26.712089727220924
1.0400000000000007 27.165368080408392
1.0500000000000007 27.690744621021143
1.0600000000000007 28.29243967427721
1.0700000000000007 28.97534285893246
1.0800000000000007 29.74508320405929
1.0900000000000007 30.60811115207757
1.1000000000000008 31.571794213678643
1.1100000000000008 32.64452831912776
1.1200000000000008 33.835867543827156
1.1300000000000008 35.156674905620406
1.1400000000000008 36.619297944210054
1.1500000000000008 38.23777340962296
1.1600000000000008 40.02806575344081
1.1700000000000008 42.00834552472963
1.1800000000000008 44.199315366115485
1.1900000000000008 46.62459132626844
1.2000000000000008 49.311150126309535
1.2100000000000009 52.289855915796124
1.2200000000000009 55.596079553034734
1.2300000000000009 59.270430212431975
1.2400000000000009 63.359620667535616
1.2500000000000009 67.91749307855487
1.260000000000001 73.00623790975816
1.270000000000001 78.6978456934927
1.280000000000001 85.07584025123035
1.290000000000001 92.23735327080594
1.300000000000001 100.29561309008301
1.310000000000001 109.38293878460102
1.320000000000001 119.65435074271772
1.330000000000001 131.29193659340083
1.340000000000001 144.51014436991417
1.350000000000001 159.56221726224453
1.360000000000001 176.7480376665057
1.370000000000001 196.42371558272185
1.380000000000001 219.01334258278004
1.390000000000001 245.023440897805
1.400000000000001 275.0607775759795
1.410000000000001 309.8543903971543
1.420000000000001 350.2828995914732
1.430000000000001 397.408491370609
1.440000000000001 452.51927565066745
1.450000000000001 517.1823372075893
1.460000000000001 593.3102799328535
1.470000000000001 683.2450184234148
1.480000000000001 789.8635902727974
1.490000000000001 916.7121987972921
1.500000000000001 1068.1765481871917
1.5100000000000011 1249.698986027583
1.5200000000000011 1468.0561978320727
1.5300000000000011 1731.7154551189985
1.5400000000000011 2051.2931832750746
1.5500000000000012 2440.147016627537
1.5600000000000012 2915.142831827252
1.5700000000000012 3497.651622565147
1.5800000000000012 4214.849391502036
1.5900000000000012 5101.4177441876855
1.6000000000000012 6201.776074558545
1.6100000000000012 7573.021278595524
1.6200000000000012 9288.812150059966
1.6300000000000012 11444.519203823771
1.6400000000000012 14164.075325192463
1.6500000000000012 17609.11924724508
1.6600000000000013 21991.241007977922
1.6700000000000013 27588.4369944876
1.6800000000000013 34767.29711915905
1.6900000000000013 44013.02212469542
1.7000000000000013 55970.17756951371
1.7100000000000013 71498.1995501586
1.7200000000000013 91747.2778305768
1.7300000000000013 118262.43383902857
1.7400000000000013 153126.74553713508
1.7500000000000013 199159.18610058117
1.7600000000000013 260188.76565320152
1.7700000000000014 341435.79431294784
1.7800000000000014 450043.90850939695
1.7900000000000014 595825.1006683484
1.8000000000000014 792306.6499622903
1.8100000000000014 1.0582074322412391e6
1.8200000000000014 1.4195269766180315e6
1.8300000000000014 1.9125119592704154e6
1.8400000000000014 2.58788345855067e6
1.8500000000000014 3.516881914796103e6
1.8600000000000014 4.799941871387217e6
1.8700000000000014 6.579184343076703e6
1.8800000000000014 9.0564704250064e6
1.8900000000000015 1.251958398644977e7
1.9000000000000015 1.7380338120119378e7
1.9100000000000015 2.4230231967758767e7
1.9200000000000015 3.3922029275610805e7
1.9300000000000015 4.7689755118948154e7
1.9400000000000015 6.732583887300411e7
1.9500000000000015 9.544351250854214e7
1.9600000000000015 1.3586703576262504e8
1.9700000000000015 1.9420912189201972e8
1.9800000000000015 2.7877126121982265e8
1.9900000000000015 4.021886748284247e8
2.0000000000000013 5.809111834744076e8
2.010000000000001 8.557178546597898e8
2.020000000000001 1.2317695986465406e9
2.0300000000000007 1.6817310205251257e9
2.0400000000000005 2.316781304043597e9
2.0500000000000003 4.829025347569075e9
2.06 6.013639115178657e9
2.07 3.466417275311332e9
2.0799999999999996 2.213302108785488e10
2.0899999999999994 5.18425392911107e10
2.099999999999999 2.803313541441864e10
2.109999999999999 7.814564392430124e10
2.1199999999999988 1.0242825375659534e11
