0 0.0802616295 0.00113475466916 0.0248498937559 0.00102183638791 0.0149342288299 0.000283626339351
1 0.114211339 0.00119026429475 0.0349204280608 0.00170489791512 0.0164795866484 0.000374239754816
2 0.1360798335 0.0012238300468 0.0303842600085 0.0011982823834 0.0163662118 0.000353054959935
3 0.155044512 0.00123969544276 0.0267061986724 0.000818553858313 0.016527304414 0.000331075559868
4 0.1721072755 0.00125648992072 0.0258866105168 0.00076126777093 0.0166009194437 0.000322608040078
5 0.1874695595 0.00126772936382 0.0248884033257 0.000644949751801 0.0166183734602 0.000313269184246
6 0.201925269 0.00128605775068 0.0250720763417 0.000672196884551 0.016989335853 0.000315074646089
7 0.215854248 0.00130321266842 0.025269951921 0.000598972649326 0.0175712091146 0.000320855648572
8 0.229379132 0.00131337435564 0.0257695908079 0.000578807907934 0.018061896408 0.000329759522285
9 0.2422708205 0.00132809801824 0.0258592274567 0.00054011414356 0.0185526545422 0.00033229159302
10 0.2550539825 0.00134576041754 0.0270908276989 0.000597346101276 0.0191294296549 0.000348195759725
11 0.267578172 0.00136369683217 0.0284602971126 0.000597709762433 0.020162958175 0.000371153254245
12 0.2794433825 0.00137742353343 0.0295262778204 0.000627099707369 0.0211508325879 0.000380566337307
13 0.2916162495 0.00140616773974 0.0324044018011 0.00066595148265 0.0227815088542 0.00042902233631
14 0.3036871105 0.00142662542415 0.0345854334647 0.000710918638918 0.0243589679824 0.000459828336457
15 0.3155704875 0.00145727552737 0.0368971762915 0.000762855808417 0.0260016938473 0.000496579643711
16 0.3274075815 0.00149435638904 0.0411215842143 0.000832542920815 0.0288326073775 0.000557379132111
17 0.339863043 0.00154630832886 0.047884371017 0.000985108647471 0.0327917010431 0.00066116619561
18 0.3529958195 0.00161832536482 0.0611789721064 0.00125856651042 0.0412781341495 0.000860836241278
19 0.37405247 0.00198535848324 0.177187521366 0.00441935117094 0.100459669002 0.002438064771
20 0.3854010495 0.00201667376625 0.161537815059 0.00347542191094 0.106393053636 0.00222777104143
21 0.400399501 0.00215402064168 0.218312089778 0.00425580324366 0.148157625972 0.0030494466919
22 0.409830559 0.00216288688957 0.196844542486 0.0035285636174 0.142818488722 0.00266145094507
23 0.4212161095 0.00223286963043 0.223255286064 0.00383547200442 0.165896465886 0.00296613343414
24 0.4294893845 0.00223647467181 0.207079425038 0.00329638557763 0.162362253006 0.00260151883604
25 0.438631667 0.00226838804087 0.225447651649 0.00357145503677 0.176498593106 0.00283821461144
26 0.445772855 0.00226895074255 0.20612190591 0.00303545251714 0.167423154764 0.00246586111696
27 0.4535403325 0.00228483538638 0.223873215584 0.0033714178984 0.180589948073 0.00269631100535
28 0.4600111925 0.00228243250872 0.20645598815 0.00286032095149 0.171200047142 0.00239252111332
29 0.467142463 0.00229689651801 0.224580030742 0.00334870858615 0.182573786319 0.00266262582871
30 0.473006041 0.00229558323805 0.207853759059 0.00281402621011 0.174223944892 0.00236220646107
31 0.4792337675 0.00230496703031 0.217690186336 0.00311832997238 0.18092796214 0.00247044080931
32 0.484558425 0.00230152215598 0.204272072829 0.00274212406293 0.172881675063 0.0022596455098
33 0.490071695 0.00230189178237 0.208426974462 0.00293317936466 0.174624081072 0.00233030898383
34 0.4950343795 0.0022984112326 0.196130230667 0.00259977696444 0.166941735639 0.00213779268743
35 0.5000313015 0.00229870201391 0.202322932826 0.00280360538376 0.171421086366 0.00219419440687
36 0.5046278275 0.00229353668194 0.194035056834 0.00248632694198 0.167689304352 0.00201970590348
37 0.509270155 0.00229117939632 0.200666973306 0.00273105078029 0.171140809265 0.0021377450401
38 0.5135016945 0.00228664362014 0.190520890318 0.00245472552962 0.164480408085 0.00199061642807
39 0.5179256545 0.00228397930727 0.194149926501 0.00260700131951 0.166802200976 0.00202946495882
40 0.521982834 0.00227848150089 0.18366146687 0.00229602484219 0.160321136563 0.00185425919527
41 0.5259892525 0.00227392878247 0.188559033646 0.0023945015557 0.164109868781 0.00192074963708
42 0.529791457 0.0022673458596 0.180947258709 0.00225358975452 0.158206903017 0.001818441934
43 0.5336077795 0.00226421718152 0.187542403139 0.00244874575426 0.162424006471 0.00192105198649
44 0.5372915335 0.00225794559637 0.18037036167 0.00218153095951 0.158666674307 0.00178299586097
45 0.54081388 0.00225318989923 0.179844734652 0.00227482753027 0.157342241443 0.00178692932861
46 0.5442801445 0.00224697425578 0.173411909688 0.00208240013124 0.152938252209 0.00170235334013
47 0.5476880125 0.00224144024294 0.175880888329 0.00219864192807 0.154225772155 0.00174344716452
48 0.550980702 0.00223483401599 0.167682625127 0.00195906033945 0.149131035056 0.00159548474779
49 0.554193004 0.00222854891192 0.171307666699 0.00209659427282 0.151393812502 0.00165250440436
50 0.557317882 0.00222025273643 0.164725079221 0.00183623535172 0.14725141981 0.00155780246725
51 0.5604548685 0.00221416041825 0.167975316626 0.0020370974446 0.148397309058 0.00162856659758
52 0.5634707695 0.00220820115628 0.164188332398 0.00190238386964 0.145852889726 0.00157817250309
53 0.5664438645 0.00220224199672 0.164360867113 0.00199321139205 0.145086648302 0.00159940342865
54 0.5692737255 0.00219513432816 0.158655460885 0.00180557836038 0.14176652743 0.00148941303548
55 0.5722365705 0.00218770830534 0.161439128477 0.00195808449809 0.142737127809 0.00155715119156
56 0.5750549145 0.00218237810562 0.160967031271 0.00187734223042 0.143271550589 0.00152786440234
57 0.5778244125 0.00217611015677 0.157802112295 0.00180651659162 0.140645745254 0.00149633251077
58 0.580605848 0.00216963276533 0.156151252331 0.0017978645739 0.13960750764 0.00145367224285
59 0.5832904885 0.0021649075193 0.158087644742 0.0018525704255 0.140919255108 0.00148819228312
60 0.585966857 0.00215737028539 0.154004278507 0.0018112344445 0.137144678534 0.00144785535035
61 0.588516097 0.00215075478468 0.156513634722 0.00189239558508 0.139144046506 0.00147178148302
62 0.591062102 0.00214495928625 0.153151317842 0.00177286586637 0.136943542241 0.00142175165038
63 0.593625353 0.00213813562818 0.151392147901 0.00175687425604 0.135666176633 0.00138494147587
64 0.596069711 0.00213142969129 0.149375943615 0.00171819161716 0.133984656527 0.00137238802142
65 0.5985257615 0.00212483704145 0.149270389324 0.00167477347073 0.134047999987 0.00137197017532
66 0.600849325 0.00211916875685 0.148480957153 0.00167344536391 0.133593525763 0.00134525095377
67 0.6032414405 0.00211374711245 0.150450967787 0.00172248470376 0.135129835811 0.00137106404865
68 0.605535374 0.00210827029044 0.147257708207 0.00167550646453 0.132610431912 0.00132299430931
69 0.607905311 0.00210149024402 0.148139288386 0.00169992288013 0.13292898518 0.00135444012153
70 0.6101505345 0.00209534311705 0.142424394746 0.00156685111015 0.128749052987 0.00126746235315
71 0.612343854 0.00208977832337 0.145635097131 0.00156230535479 0.132176280987 0.00127879453496
72 0.614543872 0.00208325833859 0.142031641611 0.00158698498432 0.127833127075 0.00129170430668
73 0.616724504 0.00207674030015 0.141270447462 0.00154935006766 0.127849642956 0.00125296574934
74 0.6188853635 0.0020694523493 0.140885136501 0.00151644956532 0.1274103568 0.00126015558732
75 0.6210046885 0.00206472709941 0.140936628966 0.00159503630828 0.126627494717 0.00128629544219
76 0.6230971945 0.00205831580859 0.136095340385 0.00144159819988 0.123578757756 0.00119529072571
77 0.6251338515 0.00205205865057 0.136929090464 0.00152455360791 0.123820676226 0.00121293952755
78 0.6271768455 0.00204524639784 0.136456691256 0.00149948370346 0.123218779703 0.00122520584048
79 0.629211189 0.00203976624651 0.136548841211 0.00157407998624 0.122915272928 0.00122607738018
80 0.6312501175 0.00203295532845 0.132180373131 0.00139426685283 0.120215002092 0.00115333491719
81 0.633250986 0.00202759958912 0.133504262287 0.00142956386567 0.120971672841 0.00118465384452
82 0.6352082065 0.0020218175519 0.13212792433 0.00138718152214 0.119918517176 0.00116912656766
83 0.637181583 0.00201623628905 0.131325130924 0.00138178217509 0.119419807442 0.00114823607652
84 0.639132506 0.00200955195342 0.131397040654 0.00141854630456 0.119128897736 0.00116034356167
85 0.641044316 0.00200320507691 0.131529792159 0.00137451890736 0.11988510758 0.00113727305464
86 0.6429520285 0.0019972811721 0.132298595555 0.00145556574317 0.119942383605 0.00115360299255
87 0.644887499 0.00199106268685 0.130695646637 0.00135612491348 0.118941149834 0.00114240105809
88 0.6467504225 0.00198547741125 0.129427947394 0.00132938202777 0.118142944828 0.00111210174463
89 0.6485734905 0.00198003960579 0.129082178683 0.00140780774329 0.117313681246 0.00112016786228
90 0.6504015515 0.00197449049535 0.128891262182 0.00138571272066 0.116976419681 0.00113285842788
91 0.6522050435 0.00196929642063 0.129735842133 0.00140047698206 0.11813757299 0.00111693794251
92 0.653986364 0.00196378199849 0.126452192125 0.00134121173765 0.115150724435 0.00109205027206
93 0.6558066065 0.00195840768124 0.127502158024 0.0013690054949 0.115678848787 0.00112016243631
94 0.657563595 0.00195250239197 0.124399344973 0.0012721508821 0.113882314788 0.00105358531641
95 0.659347591 0.00194669401042 0.123272163986 0.00125569122067 0.113014447941 0.00103439343549
96 0.661088414 0.00194081760612 0.122439078577 0.00124560471839 0.112255097118 0.00102745473754
97 0.6628224225 0.00193566491165 0.124226903447 0.00126296244915 0.113710151206 0.00105298450511
98 0.664532938 0.00193009901437 0.123584805591 0.00131761993335 0.112708448204 0.00105632163495
99 0.6662455715 0.0019244204044 0.124932818556 0.00132839284791 0.11367005358 0.00108023932957
100 0.6679482045 0.00191845669906 0.122758427587 0.00127506241422 0.112282526646 0.00103477962055
101 0.6696166205 0.00191305447856 0.123060538205 0.00126249274114 0.112677481993 0.00103705328509
102 0.6713186735 0.00190787166988 0.121579698195 0.00122071616186 0.111635604932 0.00101323581424
103 0.6729628915 0.00190207294878 0.119976346864 0.00127137068505 0.109519464035 0.00101985109039
104 0.674603336 0.00189644419593 0.122489048759 0.00128230529993 0.111701308595 0.00105379740166
105 0.676225339 0.00189158504354 0.122137039213 0.00124845048797 0.111807522757 0.00103310931998
106 0.677831217 0.00188571119902 0.122120613162 0.00122896562095 0.112046713427 0.00102069931248
107 0.6794284295 0.00188079460973 0.123759356265 0.00130237727791 0.112865696085 0.00106203399886
108 0.681013082 0.0018752382351 0.119910682673 0.00121211152872 0.109868723555 0.00101276222821
109 0.68258509 0.0018711306138 0.118492473657 0.00125296459166 0.108411425166 0.000994270221689
110 0.6841520575 0.00186544805491 0.120250415042 0.00125385669919 0.109992792345 0.00101564934323
111 0.685706358 0.00185958395461 0.117781349957 0.00120190149307 0.10791965091 0.000990283954555
112 0.687284942 0.00185386111304 0.119734910241 0.00121053738455 0.109437876079 0.00102612060518
113 0.6887991035 0.00184877331094 0.117962394766 0.00127476436379 0.107527232569 0.00100619957574
114 0.690273272 0.00184358316933 0.115735901605 0.00119228556758 0.10594476058 0.000975813010259
115 0.691775462 0.00183793873646 0.117060597461 0.00115982762023 0.107598196351 0.000971221243282
116 0.693244641 0.00183392045851 0.116680281666 0.00117667879534 0.107135266103 0.000969998947375
117 0.6947458435 0.00182816538929 0.113902426431 0.00113442604054 0.104711502262 0.000945799635722
118 0.696205513 0.00182205979248 0.11574675512 0.00115974383535 0.10610224673 0.000974420574551
119 0.697648781 0.00181624309336 0.11297727259 0.00107359122488 0.104539860994 0.000908223662549
120 0.699121881 0.00181196026313 0.115047005935 0.00115374342912 0.10585074439 0.000944648363167
121 0.7005543295 0.00180582430004 0.1152947074 0.00117789095177 0.105657645438 0.00096889552963
122 0.7019933085 0.00180030765009 0.113303746642 0.00109450202564 0.104632716281 0.00091853705583
123 0.7034346405 0.00179493244311 0.11309078141 0.00108033472845 0.104471342766 0.000916776015164
124 0.7048630365 0.00178876165266 0.113808204357 0.0011307203602 0.104610932986 0.000944205063302
125 0.706261456 0.0017834338451 0.112242442533 0.00111162757928 0.103203171809 0.000930637415854
126 0.707670779 0.00177817836495 0.109151025066 0.000980061803413 0.101551123186 0.000856174623689
127 0.7090679915 0.00177261140994 0.11285732749 0.00112615349709 0.103802733232 0.000930170918946
128 0.71047417 0.00176742700856 0.110453392451 0.0010240349069 0.102385472912 0.000883020902574
129 0.7118719345 0.00176172834589 0.110189363079 0.00110232469375 0.101198263214 0.000919134445655
130 0.713250136 0.00175610613128 0.110142938319 0.00110945819884 0.101500725239 0.000894759360046
131 0.7146349535 0.00175044958761 0.111637273761 0.00109701747723 0.102871716867 0.000912619464863
132 0.7159882755 0.00174519042941 0.107981628781 0.00101445635304 0.100058863602 0.000861310881729
133 0.717343428 0.00174017623482 0.108872055288 0.00100959662632 0.100957280646 0.000865390275826
134 0.718673239 0.00173451283028 0.107881620674 0.00102017404268 0.0997626786866 0.000871020562198
135 0.7200439445 0.00172927297514 0.108388765466 0.000996044709738 0.100393572251 0.00087407550753
136 0.721372576 0.00172424039964 0.108803984109 0.00102639534384 0.100631280743 0.000879340165037
137 0.7226981935 0.00171849842483 0.109007480874 0.00105767333317 0.10062737746 0.000882678686229
138 0.724037202 0.00171320763542 0.109109383959 0.00109247504522 0.100500223316 0.000889140346696
139 0.725371152 0.0017073421318 0.108078563152 0.00106414854288 0.0999188512885 0.000863388203466
140 0.7266464485 0.00170212928199 0.106599264703 0.0010457100662 0.0984764530732 0.000855074218307
141 0.7279295975 0.00169706766787 0.105365670261 0.000964600830371 0.0978853824149 0.00082923260137
142 0.7292404925 0.00169182311078 0.105306661865 0.000976856688285 0.0978508559107 0.000822112276116
143 0.730523326 0.00168690261405 0.106137617546 0.00104660589435 0.09801923024 0.000853804804912
144 0.731787964 0.00168153498898 0.106349872766 0.00103789319013 0.0981633011917 0.000862039297921
145 0.7330778865 0.00167626132374 0.106219827866 0.000978679110142 0.0986373970092 0.000835388437314
146 0.734323216 0.00167176551303 0.106266957857 0.00102055541794 0.098269352147 0.00085332688153
147 0.7356225355 0.00166590488108 0.106274024706 0.000979786903041 0.0986048264354 0.000843179346056
148 0.7368787015 0.00166105367064 0.106168246844 0.0010278967169 0.0982859504016 0.000844830363252
149 0.738166078 0.00165538211665 0.104718746841 0.00100090574623 0.0969313306988 0.000837262587698
150 0.7393910095 0.00165063156375 0.104071687316 0.000973997386888 0.0965624637394 0.000821823865723
151 0.7405846895 0.00164617202881 0.104857960776 0.000972844272279 0.0971899087134 0.000836357297654
152 0.741824608 0.00164073387207 0.102538068143 0.000934327457805 0.0954690112803 0.000794222279138
153 0.743046715 0.00163597350529 0.103128045256 0.00097770676576 0.0955897467951 0.000815179968251
154 0.7442969295 0.0016301122245 0.103145877284 0.000953093604128 0.0956670901893 0.000821308833504
155 0.745511935 0.00162535288448 0.103377892681 0.000953819328301 0.0959853480569 0.000814817184018
156 0.746722341 0.00162021400106 0.104013429198 0.000994689214822 0.096287064195 0.000830907223975
157 0.7479216615 0.00161539825007 0.103225610951 0.000972081830476 0.0954837916263 0.000831972724126
158 0.7491269465 0.00161039965035 0.103475175826 0.000978110868087 0.0959560192198 0.000817724876336
159 0.7503149885 0.001605647695 0.102581237548 0.000950960657465 0.0953358812663 0.000799959881203
160 0.75150465 0.00160073347383 0.103344156322 0.000952295597452 0.0961256719605 0.000804881257197
161 0.752699763 0.00159570185572 0.103578668039 0.000955095970801 0.0961598292121 0.000817891691371
162 0.7538946275 0.00159114651025 0.103152175338 0.00101036851443 0.0951570939634 0.000836234409277
163 0.7551001845 0.001586518573 0.102184885148 0.000967812888895 0.0947583843868 0.000805510229841
164 0.756287049 0.00158157702675 0.102457302045 0.000933294933359 0.0953197480596 0.000797946714985
165 0.7574543025 0.00157660125271 0.103093751647 0.000992219912052 0.0954302235881 0.0008198383365
166 0.758626692 0.00157164715575 0.102039273978 0.000957300076135 0.0945634217516 0.000812527401786
167 0.7597664555 0.0015666339039 0.102455239826 0.000924926328732 0.0954157536416 0.000793332463341
168 0.7609240985 0.00156218242389 0.101826138783 0.000943291060789 0.0945114635614 0.000803776592474
169 0.7620735105 0.00155766488996 0.102491335791 0.000980609180018 0.0949825592896 0.000809074815701
170 0.7632301125 0.00155222302062 0.0994844684042 0.000908919578474 0.0925703281785 0.000772392321738
171 0.764389918 0.001547847812 0.100242812096 0.000955094603405 0.0927922069337 0.000799690455173
172 0.765529733 0.00154316383835 0.102400984813 0.000944944672957 0.095036656347 0.000809241389713
173 0.766675014 0.00153869554491 0.100557919298 0.000965123233408 0.0931224723419 0.000798957643263
174 0.7678263645 0.00153361539944 0.10111442357 0.000951060364217 0.0934897698305 0.00081764847641
175 0.7689704945 0.00152909244453 0.0990089797921 0.000897029007045 0.0921769792334 0.00076909727302
176 0.770100728 0.00152420417076 0.0973964361134 0.000857368013785 0.0907969932991 0.000755377836533
177 0.771211851 0.00151966439337 0.100129867401 0.000890190141212 0.0933608172198 0.000771972934077
178 0.772350578 0.00151542599301 0.0983589729568 0.000868884355701 0.0918431063562 0.000749212405756
179 0.7734922945 0.00151066514849 0.100142583043 0.000920983922316 0.0932454641923 0.000773672496021
180 0.774602147 0.00150619735262 0.100141719151 0.000931461537865 0.0930191616702 0.000783796673653
181 0.7757379615 0.00150115421369 0.0986481489337 0.000915356865215 0.0915820183446 0.000776839406923
182 0.776824121 0.00149693547241 0.0995924396892 0.000927151817971 0.0924005103809 0.000786291062583
183 0.777917323 0.0014921985217 0.098812051594 0.000936932129274 0.0915762382739 0.000783648903724
184 0.779033228 0.00148721824106 0.0987724548068 0.000889246687657 0.0918906363075 0.000772436047119
185 0.7801358 0.00148243492969 0.098662842055 0.000887449876267 0.091812123628 0.00077035355196
186 0.7811999525 0.00147844208727 0.0996136683798 0.000931620867273 0.0926292816348 0.000772604044913
187 0.782310325 0.00147341401802 0.0989133751428 0.000924228095105 0.0917726553887 0.000780294694721
188 0.7834185035 0.0014687992917 0.097256547951 0.000897320338719 0.0903872630495 0.000760542714181
189 0.7844923835 0.00146384930304 0.0981235932376 0.000884615672661 0.0914114542591 0.000758546133966
190 0.785593984 0.0014589595929 0.0971008948045 0.000871212619317 0.0904431913519 0.000750551392895
191 0.7866594775 0.00145451531605 0.0984164953793 0.000929118237604 0.0911258356213 0.000785845413423
192 0.787746417 0.00144928078045 0.0964298528128 0.000875982906349 0.0896441533127 0.000755483059404
193 0.788800144 0.00144427887256 0.0968594378854 0.000856167377566 0.0904962958439 0.000734852380616
194 0.789848461 0.00144031462513 0.0989970629883 0.000866890465295 0.0923670372006 0.000762501950299
195 0.7909503345 0.00143491608384 0.09705991312 0.000889316902478 0.0903980169364 0.000748691723934
196 0.7920053245 0.00142977419109 0.0966335378003 0.000869323638344 0.0900958781205 0.000741923133785
197 0.7930645895 0.00142507346429 0.0959401548184 0.00087278265639 0.0893952730987 0.000737873524201
198 0.794113882 0.00142065583107 0.0965916433637 0.000857670575531 0.0901000847094 0.000741272464359
199 0.7951493315 0.00141595492512 0.0946228039713 0.000846274072043 0.0882189324311 0.000728304063126
200 0.7962101445 0.00141163521011 0.0972087569846 0.00085877453118 0.0906962040744 0.0007461190527
201 0.797244144 0.00140749512084 0.0971615272583 0.000875541270054 0.0906671091781 0.000740851238069
202 0.7982843545 0.00140281708341 0.0953824602469 0.000850364938198 0.088909388573 0.000737557789135
203 0.7993087635 0.00139830958391 0.0969795262886 0.000865818633462 0.0903898315423 0.000748259182204
204 0.800330426 0.001393636959 0.0973916892255 0.000913963924142 0.0905121070754 0.000758015835328
205 0.8013678345 0.00138939653776 0.0965871121975 0.000914570538826 0.0895940948391 0.000758872492743
206 0.8023872875 0.00138538600689 0.0957070918191 0.000838335030099 0.0894511714354 0.000726410686849
207 0.803405772 0.0013810091224 0.0955496572771 0.000866514327055 0.0890854004809 0.000734351640956
208 0.8044302175 0.00137677798652 0.0970505503464 0.000902806253096 0.0901727627313 0.000758419059089
209 0.8054564375 0.00137244208327 0.095280096997 0.000858185462746 0.0887429633327 0.000736847992683
210 0.8064756465 0.0013680397008 0.0951625690081 0.000836165536072 0.0887726041979 0.000732395239549
211 0.8074884915 0.00136346517728 0.0956210663519 0.00083134742871 0.0894132562741 0.000724625639966
212 0.8085018805 0.00135960996837 0.0953584762352 0.000845370120674 0.0890674745722 0.000724315190192
213 0.8095148415 0.00135547379676 0.0968425318165 0.000886056880842 0.0901028315583 0.000752657425644
214 0.810523103 0.00135100440341 0.0960469429035 0.00091544414276 0.0890974595707 0.000753930689863
215 0.8115277535 0.00134646805501 0.0952204195726 0.000868127694493 0.0886485241708 0.000737010981318
216 0.812529928 0.00134214128181 0.0967738820148 0.000881102570061 0.0900083305015 0.000754680417311
217 0.8135406745 0.00133748068797 0.0950184260478 0.000828943578831 0.0888313378455 0.000717946050511
218 0.814543373 0.00133287538899 0.0949030680114 0.000850440605152 0.0884565716664 0.000730159888465
219 0.8155452555 0.00132833442072 0.0946463830779 0.000841563535609 0.0881185741496 0.000738688190019
220 0.816553898 0.00132398691173 0.0954298398332 0.000845117429256 0.0890456786231 0.000732144000017
221 0.817539268 0.00131972277833 0.0949345864158 0.000849773878806 0.088544426557 0.000729153284329
222 0.8185329465 0.00131520564848 0.0942166429084 0.000844647176834 0.0878429470178 0.00072497963357
223 0.8195022575 0.00131097401747 0.0945897597296 0.00085604940647 0.0880925349128 0.00073269843061
224 0.8205107415 0.00130663696808 0.0933768539165 0.000830239667584 0.0870913793787 0.000718375348427
225 0.8214846835 0.00130220675737 0.094543878687 0.00086618480055 0.0877839836504 0.000748368520923
226 0.8224799415 0.00129758468237 0.0933148643317 0.000831481790904 0.087071013055 0.000714385679083
227 0.8234764695 0.00129269925282 0.0929209085123 0.000842638456391 0.0865174431179 0.000721119084827
228 0.82444241 0.00128841222646 0.094119705847 0.000849871465696 0.0877871696545 0.000719080477091
229 0.825414178 0.00128409345997 0.0936524875124 0.000848311634536 0.0871460417226 0.000728571136984
230 0.8263719315 0.00127960604465 0.0942785973087 0.0008890287737 0.0874245040052 0.000744139778333
231 0.8273682405 0.00127481457921 0.0945570791418 0.000885910877282 0.0878123292892 0.000739694080022
232 0.8283277695 0.00127064803734 0.0937488760829 0.000824057596007 0.0875324765433 0.000716140604131
233 0.829304853 0.00126539384627 0.0929382322585 0.000802947796225 0.0869045798141 0.000705407330625
234 0.8302645715 0.00126101446156 0.0949057736583 0.000831060325664 0.0887516481065 0.000717152708223
235 0.83121758 0.00125679244946 0.0947692849936 0.000836848887017 0.0884752880251 0.000722861644362
236 0.83217303 0.0012527509963 0.0939165436783 0.000845262348259 0.087408467917 0.000730721674246
237 0.8331252845 0.00124801414898 0.093555535681 0.000834955756223 0.0871995780018 0.000721905031205
238 0.834089145 0.00124306469491 0.0937002366648 0.000823579149844 0.0875476751128 0.000711245909911
239 0.835043469 0.00123892541416 0.0940547374104 0.000870703516881 0.087524135362 0.000726842593529
240 0.8359779755 0.00123440868149 0.0938920656557 0.000863541073582 0.0875582761017 0.000713932877542
241 0.8369182755 0.00123004313538 0.0940129686935 0.00087147483955 0.0875320233932 0.000725728198372
242 0.8378658015 0.00122598750659 0.093142807272 0.000832186582252 0.0869081549053 0.000711702998389
243 0.838802665 0.00122160693146 0.0936273010137 0.000826594909938 0.0873401948608 0.000720121211197
244 0.8397352655 0.00121692096814 0.0922841509381 0.000818143897138 0.0861445318565 0.00070392809978
245 0.8406549155 0.00121305666349 0.0932993004866 0.000839135200879 0.0870690845151 0.000711606188659
246 0.8415872285 0.00120902872964 0.0928684356981 0.000840704970096 0.0866547899057 0.000708833878651
247 0.8425199315 0.00120437525257 0.0936826223137 0.000806308538293 0.0877144127347 0.000702962318156
248 0.8434245775 0.00120035855061 0.0923614043873 0.000815914661191 0.0863639705985 0.000694714233646
249 0.8443487105 0.00119578855031 0.0929191425246 0.000837729297667 0.0865373873728 0.000718705458428
250 0.845277618 0.00119211899979 0.0914640218708 0.000803228099847 0.0854426625022 0.000695837363291
251 0.846205865 0.00118738213776 0.0909928687453 0.00075960523904 0.0854149490007 0.000672829106448
252 0.8471341805 0.00118364637164 0.0926485367835 0.000835813339173 0.0863690615858 0.000711460367589
253 0.8480480595 0.00117936939334 0.0927618689901 0.00078789957631 0.0869817223465 0.000688652563121
254 0.848951649 0.00117569818841 0.0913695232534 0.000794485206305 0.0855770490415 0.000682054500127
255 0.849873054 0.00117134754808 0.0919040518831 0.000820097496247 0.0858339752955 0.000697174799946
256 0.8507808785 0.00116717544556 0.0917710868074 0.000800322063736 0.0857990929521 0.000695344735646
257 0.8516910995 0.00116288024931 0.0917597656318 0.000802717839605 0.0857466872852 0.000697589478204
258 0.852579005 0.00115835812062 0.0930160961944 0.000833041777625 0.0866360300895 0.000720151840206
259 0.8534801595 0.00115417701002 0.0928402393984 0.000806044353482 0.0867085897873 0.00071094067384
260 0.854381691 0.00115003641814 0.0922707834633 0.000805819384554 0.0863561403111 0.000691210286008
261 0.8552769595 0.00114642528323 0.0919378111499 0.000780980858216 0.0860420894893 0.000696982468045
262 0.856187384 0.00114224229465 0.0912514250054 0.000770333365221 0.0856709093146 0.000672740428302
263 0.857062589 0.00113819718094 0.0923044114398 0.000839334597078 0.085999044645 0.000711138532256
264 0.857983272 0.00113405962685 0.0935874395799 0.000836675405361 0.0873987181661 0.00070960129465
265 0.858866356 0.00113029690549 0.0920222539669 0.000818741183082 0.0859427593704 0.000698412036024
266 0.8597676155 0.00112615235431 0.0903371916755 0.000763941519852 0.0847065280888 0.000673944265845
267 0.8606424535 0.00112240769049 0.0915897437742 0.000809132726785 0.0854628322214 0.000702114793407
268 0.861523831 0.0011189007024 0.0911362343549 0.000783378589028 0.085288551776 0.000688938774895
269 0.8624388605 0.00111430275011 0.0913998128389 0.000806938365614 0.0854671021476 0.000688378434757
270 0.863288286 0.00111080319599 0.0921294999131 0.00080444526314 0.0861255361903 0.00069804073006
271 0.8641768895 0.00110642582935 0.0921878926979 0.000800367089563 0.0862055774081 0.000697061194159
272 0.865059737 0.00110234190484 0.090759667321 0.000796552115588 0.0847124634983 0.000695404628257
273 0.865942892 0.00109861527108 0.0911810036891 0.000777717143771 0.0854206094521 0.000683162527985
274 0.866829305 0.00109426555251 0.0923641162367 0.000804259351288 0.0863216691207 0.000702204447585
275 0.8677280725 0.00109049510095 0.0925417497046 0.00082928793754 0.0863737467102 0.000706002391658
276 0.868600188 0.00108637417795 0.0925324981987 0.000818599069054 0.0863714793578 0.000707566703692
277 0.8694788155 0.00108265663036 0.0906916315845 0.000782833362762 0.0848464490718 0.000684748602411
278 0.870363788 0.00107844408856 0.091967855418 0.000814701194577 0.0858025688603 0.000705329577832
279 0.871246387 0.00107393743425 0.0907818475861 0.000771645997633 0.085145058428 0.000675364682784
280 0.8721236345 0.00107030779508 0.0913674082988 0.000795419313578 0.0853931500783 0.000694506641373
281 0.8730020755 0.00106638832396 0.0905067642579 0.000800898645701 0.0846825281797 0.000678376330862
282 0.873858377 0.00106246696825 0.0910032177103 0.000821453774901 0.0848232185155 0.000698871239457
283 0.8747318585 0.00105804393245 0.0907442512306 0.000795375552189 0.0847458003834 0.000691500481893
284 0.8755938005 0.00105411169 0.0911283104528 0.000813480008781 0.0849681579759 0.0007007895382
285 0.8764529655 0.0010501447555 0.0904936577481 0.000793243652704 0.0846512921257 0.000681849329186
286 0.8773276535 0.00104579303207 0.0920099896831 0.000827269691426 0.0857980096912 0.000705075166132
287 0.8782124275 0.00104175057294 0.0906211907473 0.000771084228768 0.0849038443516 0.000679684311674
288 0.879074839 0.0010376071231 0.0910682167465 0.000798888217732 0.0850971555701 0.000692765165779
289 0.879933795 0.00103369195786 0.0914266291167 0.000806564041528 0.0853001417388 0.00070249070326
290 0.880807993 0.00102967952949 0.0903353229326 0.000796544417114 0.084411840938 0.000685220345458
291 0.881651247 0.00102577817594 0.0898941554395 0.000768950404684 0.0842077091304 0.000673153699581
292 0.88250266 0.00102175799498 0.0910983816656 0.000797967022905 0.0850769771709 0.000696310674183
293 0.8833779855 0.00101730273907 0.0901587850337 0.000777290608561 0.0844949317742 0.000670821732538
294 0.884239912 0.00101345476287 0.0902227633426 0.000815239174493 0.0840353636028 0.000696134948909
295 0.8850914605 0.00100924697641 0.0918148626064 0.000825407644584 0.0856226731719 0.000703098669956
296 0.8859500255 0.00100521263906 0.0902091793412 0.000784791524869 0.0844009126731 0.000679070263181
297 0.8868115305 0.00100091784435 0.0912375802627 0.00083092051608 0.0850990508263 0.000695382388336
298 0.887651028 0.000997185016686 0.0906001935076 0.000777588739241 0.0849029177788 0.000674651197854
299 0.8885229375 0.000992762653393 0.0917899044956 0.000807033439281 0.0857754828987 0.000697236845892
300 0.889365624 0.000988945914183 0.091574266097 0.000788579447641 0.0856301847825 0.000695719499496
301 0.8902345405 0.000984892602828 0.0902866843697 0.000801717215328 0.0842053618812 0.000693908954304
302 0.891049856 0.000981031372093 0.0921623744981 0.000775393203545 0.0864085275992 0.0006898906133
303 0.891882157 0.000977282497289 0.0909621269986 0.000793890854897 0.0851081156808 0.000684823713544
304 0.892744231 0.000973185448771 0.0917335567283 0.000811171419321 0.0857377627795 0.000694024806409
305 0.8935950695 0.000968841919322 0.0908503058035 0.000815196419191 0.0847889090958 0.000692142417661
306 0.8944413315 0.0009647036179 0.0915415932493 0.000801328291118 0.0856548787311 0.000688400912331
307 0.8952900455 0.000960401782746 0.0912495388474 0.000792466108767 0.0853645186405 0.000686517141215
308 0.896129556 0.000956627747795 0.091358012492 0.000790908575265 0.0854685206782 0.000689179076771
309 0.8969601865 0.000952346523461 0.0912717751997 0.000776874955421 0.085575836595 0.000678559181954
310 0.8977916055 0.000948119143529 0.0916760933909 0.000837665083943 0.0854510016989 0.000699959671533
311 0.8986256755 0.000943832584593 0.0910526027541 0.000817111772727 0.0850349090041 0.000691236719193
312 0.8994619165 0.000940054382659 0.0897544554 0.000800683401962 0.0838248156132 0.000681111546305
313 0.900289664 0.00093598270419 0.0904565158332 0.00079540923093 0.0846202044161 0.000678513419021
314 0.9011127475 0.000932294614781 0.0904769198999 0.000786046104074 0.0845471955822 0.00068909337315
315 0.901950678 0.00092848422391 0.0900574458838 0.000761606441891 0.0844948705871 0.000666565011334
316 0.9027683135 0.000924782508376 0.0911703500984 0.000800086264355 0.0853118111779 0.000683309335938
317 0.9035965415 0.000920939931975 0.0911575727657 0.000787028398506 0.0852834868434 0.000687723134332
318 0.90443601 0.000916946765007 0.091193047934 0.000818028745864 0.0849143669415 0.000709016362997
319 0.905279936 0.000912839489182 0.0907683340849 0.000784850219272 0.0850199740969 0.000678191745904
320 0.9061143945 0.000908703053706 0.0917463379637 0.000793290301423 0.0857679473799 0.000699139059034
321 0.906946116 0.000904440229475 0.0924123200524 0.000830981283333 0.0861949422976 0.00070638439121
322 0.9077572265 0.000900868685783 0.088662799196 0.000761641951331 0.0830318402262 0.000664587338335
323 0.908582819 0.000896615465715 0.0925071889605 0.000837798486343 0.0863507516191 0.000702429696255
324 0.909412431 0.000892640890198 0.0890721256705 0.000800105443651 0.0832319442018 0.000671530149247
325 0.9102379985 0.000888951191874 0.0896951703251 0.000782377543024 0.0839048080579 0.000675447500035
326 0.911078801 0.000885091086002 0.0892680039564 0.000768572576654 0.0837272909204 0.000657543243537
327 0.9119159355 0.000880552594583 0.0895798316961 0.000813209713059 0.0835363826225 0.000683970042249
328 0.9127214355 0.000876611887839 0.0928202354234 0.000846631583061 0.0862159034323 0.00073327393051
329 0.9135409465 0.000872597180853 0.0912033112303 0.000835164733886 0.0848533546854 0.000709475889058
330 0.9143510855 0.000868947171962 0.0901452201777 0.000814124216447 0.0841803685583 0.000682486960003
331 0.915159149 0.000865268002203 0.0919576962455 0.000815949341896 0.0858097780982 0.000703708323138
332 0.9159954645 0.000861429697175 0.0898187446896 0.000785235974052 0.0839527765789 0.000681778153014
333 0.916816402 0.000857750872983 0.0909794886522 0.000788759086809 0.0850582337633 0.000690207947868
334 0.917619265 0.000853699435153 0.0926276783406 0.000827973934039 0.0864110867251 0.000711272121376
335 0.918436344 0.000849934937585 0.0922091581782 0.000827127899056 0.085954490915 0.000711327226009
336 0.91924612 0.000846280565462 0.0899514875272 0.000800842362251 0.0838918542202 0.000691223083991
337 0.9200487135 0.000842340273594 0.0921287593276 0.000822547005524 0.0859207914827 0.000706283883653
338 0.9208696815 0.000838581885021 0.0915724195818 0.000794566187059 0.0856429703179 0.000693044536773
339 0.921682345 0.000834470069861 0.0904939820679 0.000774200616341 0.0847447389507 0.000680344997825
340 0.922477143 0.0008311661272 0.0915286721674 0.000826627964007 0.0853438812038 0.000701726803766
341 0.923277292 0.000827443621301 0.0908536176075 0.00081213605103 0.0847255277128 0.00069809010709
342 0.924083904 0.000823948516331 0.091907528034 0.000845705700854 0.085423313943 0.000718708807147
343 0.9249162055 0.000819992478598 0.0906149423416 0.000828490659745 0.0844684666971 0.000694809775287
344 0.9257230525 0.000816101751869 0.0893349544582 0.000769087205489 0.0837920500042 0.000659000195505
345 0.9265299275 0.00081255362246 0.0909470965292 0.00081716787445 0.0849692335467 0.00068748942226
346 0.927328819 0.000808977209491 0.0901341485404 0.000828119727786 0.0838264493676 0.00070174066593
347 0.928117997 0.000805485447255 0.0901827784557 0.000811362514788 0.0839967727908 0.000697453145565
348 0.928945468 0.000801867223717 0.0902720789566 0.00081393013674 0.0843800168172 0.000676242713764
349 0.9297494285 0.000798312041317 0.0906088439778 0.000743800741687 0.0851756518673 0.000664900588968
350 0.93055213 0.000794659544973 0.0906306432779 0.000790565627103 0.0847390590271 0.000686443692938
351 0.9313553495 0.000791070173704 0.0900474615833 0.000772947933571 0.0843677982209 0.000671644614057
352 0.9321410415 0.000787510193132 0.0902233726152 0.000783280675549 0.0844654558614 0.000676102654927
353 0.9329465395 0.000783994393081 0.0911599921359 0.000812836863503 0.0851780990888 0.000688537931092
354 0.9337306575 0.000780527854702 0.0916532098859 0.000815952085906 0.0856291544907 0.000694154388375
355 0.934522337 0.000777479985993 0.092097405362 0.000804695154647 0.0861300692244 0.000694693727755
356 0.935325494 0.000773350934622 0.0929393799364 0.000864595122452 0.086467619483 0.00071866462475
357 0.9361103515 0.000769956985922 0.0911307129036 0.000810550926095 0.0851376915656 0.000688972386592
358 0.9369019055 0.000766565975032 0.0919155962953 0.000829089381863 0.0857336742504 0.000702325591255
359 0.9376893205 0.000763148597712 0.0908169011888 0.000814081549512 0.0848458920485 0.000683537583643
360 0.938471765 0.000759961889465 0.0914477769643 0.000825242949974 0.0851808127109 0.000707059171162
361 0.939283617 0.000756152612139 0.0912817176996 0.000805263163205 0.0853253162799 0.000689541434553
362 0.9400560905 0.000753309617956 0.0928517407674 0.000827623975847 0.0866931388495 0.000706642832229
363 0.9408406495 0.000750129840537 0.0910386875621 0.000787269963193 0.0851406159275 0.000690046238119
364 0.9416381625 0.000746524227006 0.0903678142728 0.000761867919439 0.0847165088294 0.000675660867666
365 0.942422238 0.00074348766156 0.0916878979976 0.000805686449724 0.0857140171429 0.00069368864241
366 0.943206877 0.000740243453201 0.0908044822321 0.000805558999 0.0847876898626 0.000690654207525
367 0.943981843 0.000736747351764 0.0915997005966 0.000802082818369 0.0855175824211 0.000702110444527
368 0.9447764105 0.000733567632285 0.0909822615322 0.000804136326652 0.0850852132019 0.000684953881032
369 0.945575117 0.000730327071882 0.0923896726015 0.000877208150381 0.0858067722691 0.00071877403403
370 0.9463474165 0.000727395516252 0.0907419627201 0.000820401941161 0.084591553255 0.000695539554615
371 0.947137005 0.000723794635503 0.0899503064304 0.000759174873429 0.0842962259842 0.000674322652902
372 0.947911199 0.00072073528794 0.0910000810382 0.000783663566998 0.0851071522603 0.000689992037465
373 0.94869361 0.000717686762948 0.0897904009138 0.000794340564221 0.0838762133191 0.000680839426177
374 0.949473835 0.000714364518084 0.0909562676236 0.000808388767988 0.0848204574597 0.000698725369833
375 0.9502617985 0.000711282596372 0.0908582569022 0.000780754426939 0.0851030917923 0.000679911692732
376 0.9510452165 0.000708260154325 0.0926864488247 0.000852576874918 0.0863262524654 0.000712790813685
377 0.9518372325 0.000704878858859 0.0920735353 0.00081549863871 0.0859394681865 0.000703748797278
378 0.9525985575 0.000701868284021 0.0922638431268 0.000832967076963 0.0860452585335 0.000705197017286
379 0.9533764105 0.000698829687209 0.0917721930154 0.000849701204948 0.0852822617442 0.000716167116526
380 0.954175447 0.000695543662632 0.0922381306007 0.000844164727437 0.0859515318613 0.000707027616478
381 0.9549582845 0.00069242416454 0.0923921332616 0.00083986276511 0.0859708682673 0.000718254565384
382 0.955728031 0.000689304544 0.0920156837619 0.000822725762155 0.0858037573135 0.000706712979187
383 0.95650791 0.000686253410582 0.0907437680384 0.000815008099025 0.084622397564 0.000694440656182
384 0.957286062 0.000683387105047 0.0935239994424 0.000890902290977 0.0867052733394 0.000736758945766
385 0.958070573 0.000679970836745 0.0917941392787 0.000812802696039 0.0857202152438 0.000698740323047
386 0.9588471795 0.000677189238264 0.0923411832621 0.000862177884196 0.085907720499 0.000712974232835
387 0.959625032 0.00067389692486 0.0924704844678 0.000807921955655 0.0864632802509 0.000699314767947
388 0.9604193895 0.000670999325595 0.0935657857627 0.000885996612932 0.0866660203176 0.000744622866382
389 0.9611788615 0.000668152950394 0.0921136998074 0.000829921938859 0.0860124000303 0.00069753827914
390 0.9619468845 0.000664716333417 0.0929004577606 0.000884105440724 0.0860106053217 0.000739975666552
391 0.9627135525 0.000661782520705 0.0926207684489 0.000814818001103 0.0865991210907 0.000699597514874
392 0.963494072 0.000658892985916 0.093262426156 0.000828790914419 0.0870180220032 0.000714716985522
393 0.964275712 0.000656206928344 0.0912555054492 0.00079729932472 0.0853233780594 0.000690482446355
394 0.965051699 0.000653132575854 0.0912414509022 0.000801329130423 0.0851681359263 0.000699608990704
395 0.965820951 0.000649566171007 0.091957389887 0.000828626618874 0.0858783117697 0.000694583980436
396 0.9665860695 0.000646550738983 0.0921990134173 0.000806901046361 0.0861450173498 0.000700647402244
397 0.967369388 0.000643574879931 0.0919659148454 0.000839594527503 0.0856678203815 0.000709054552112
398 0.9681282965 0.000640783455603 0.0936103448001 0.000893324976616 0.0867123458384 0.000742629024555
399 0.9689009185 0.000637858418296 0.0931571781478 0.000836287826603 0.0869752655185 0.000706938464842
400 0.969685972 0.000634633192527 0.0913437214756 0.00082402143384 0.08517001216 0.000699036852512
401 0.970453145 0.00063151559767 0.0923100760062 0.000801335464364 0.0862784786744 0.00070153971206
402 0.9712274755 0.000628589601748 0.0919293275229 0.000841724723887 0.0857324058273 0.000699264582048
403 0.9719995765 0.000625818748267 0.0927240867883 0.000860146708976 0.0862132580033 0.000721416215115
404 0.9727722975 0.000622729506673 0.0922488639879 0.000874187268395 0.0856306817592 0.00072228902781
405 0.973529537 0.000620314002682 0.0916470593819 0.000808847798616 0.0857781179243 0.000684955230723
406 0.9743031935 0.000617368435811 0.0943703259414 0.000842589459113 0.0880239647948 0.000723251853135
407 0.975066908 0.000614860958048 0.0931629509573 0.000806706947639 0.0871237678631 0.000706004824585
408 0.975823563 0.000612102578586 0.0928573466999 0.000800497776336 0.0869213273496 0.000696589367094
409 0.9765858045 0.00060896726766 0.0925732132525 0.000840989643851 0.0862305488773 0.000713638298854
410 0.977347442 0.000606704087785 0.0920178254202 0.000801978945151 0.0860608658786 0.000694237158814
411 0.9780999335 0.000604078714828 0.0932747222055 0.000864338866354 0.0867266428429 0.000727006576866
412 0.978855664 0.000601498229115 0.0938640110929 0.000841797694199 0.0874346796042 0.000726570177065
413 0.9796473795 0.000598378853167 0.0935686046151 0.000824905529662 0.0873816798196 0.000713318764787
414 0.9804115645 0.000595692016175 0.0933019205036 0.000828609479062 0.0870106746013 0.000719538333151
415 0.9811763275 0.000592775466582 0.0932073677225 0.000844219059316 0.0869075560648 0.00071297394196
416 0.98194249 0.000590184662108 0.0951014113704 0.000844335911003 0.0887109321034 0.000729439669636
417 0.982719415 0.000587675170028 0.0953741625704 0.000861650901632 0.08883664988 0.000736929935873
418 0.9834769455 0.000585264031912 0.0944821375726 0.000865540779536 0.0879135986991 0.00073230169416
419 0.9842421985 0.000582483374522 0.0931687495942 0.000835381831759 0.0868803031564 0.000714615981368
420 0.9849904425 0.000580227903533 0.0940018876094 0.000878066293798 0.0872275185746 0.000740896439452
421 0.985756013 0.000577961158852 0.0953970305728 0.000917097656942 0.0882718179595 0.000761222929839
422 0.986517989 0.000575310140627 0.0936223270366 0.000873880006084 0.0870610294097 0.000727598605934
423 0.987276584 0.000572606231959 0.0926671793542 0.000851153613295 0.0864182400221 0.00070456361338
424 0.988023883 0.000570524696678 0.0938148406669 0.000869559090363 0.08729183619 0.000724752393238
425 0.9888038665 0.000567538124855 0.0939702296125 0.000837334456189 0.0875900480893 0.000724816688061
426 0.9895651205 0.000564895765377 0.0938897647751 0.000817970298805 0.0877613872621 0.000712279686246
427 0.9903175975 0.000562082882423 0.0923243042978 0.000796214369247 0.0864452781073 0.000691540068975
428 0.9910777375 0.000559989478641 0.0940943754441 0.000866566967703 0.0875091121903 0.000731638146899
429 0.9918473395 0.000557498474712 0.0940176407561 0.000840335250591 0.0876506970199 0.00072316810629
430 0.9926176835 0.000554995538973 0.0938922769532 0.000871555424408 0.0873909696993 0.000724071908726
431 0.9933814625 0.000552544217465 0.0944309968918 0.000889543342285 0.0875782919188 0.000744913571193
432 0.9941366665 0.000550218960489 0.0948057638748 0.000917040128659 0.0877136663043 0.000755641304324
433 0.9948934115 0.000547884307093 0.0954217404412 0.000897467434887 0.0883395141072 0.000763677968397
434 0.9956557335 0.000545377922178 0.0958700875543 0.000900606751424 0.0888827840641 0.000760030266595
435 0.9964053245 0.000543679886402 0.0946891317403 0.000874900148153 0.0880160288864 0.000739281539667
436 0.9971622315 0.00054117643733 0.0954317222332 0.000861368236499 0.0888942639928 0.000736124029441
437 0.997934227 0.000539166147966 0.0958342034917 0.000884118912469 0.0891412188795 0.00074345546613
438 0.9986993775 0.000537086002735 0.0958755311688 0.000868994377456 0.0893418590176 0.000738295563193
439 0.9994502505 0.000535014630913 0.0945616320753 0.000894725503878 0.0878955445695 0.000736268250424
440 1.0002005635 0.000532912480257 0.0963129287445 0.000885117895132 0.0895561157687 0.000749838148259
441 1.0009741855 0.000530704044982 0.0951902244848 0.000932355638233 0.0879575492219 0.000762282570831
442 1.001731138 0.000528517367016 0.0946991089611 0.000863116044675 0.0881759741826 0.000732000597196
443 1.0024876175 0.000527174094094 0.0944570504847 0.000855783667349 0.0879705970681 0.000731577025225
444 1.003242331 0.000525151971339 0.0951562035555 0.000882243852946 0.0884728057122 0.000741219932293
445 1.0039934125 0.000523025071263 0.0953664127227 0.000888657487702 0.0886957759962 0.000738945613734
446 1.0047454385 0.000521078948556 0.0954121581108 0.000885881721949 0.0886928483805 0.000743317510898
447 1.0055083085 0.000519305656633 0.0957964242143 0.000884767958101 0.0890549310202 0.00074670606943
448 1.0062600925 0.000517369399341 0.0957759114859 0.000879922723098 0.0889789059371 0.000751718393314
449 1.007029179 0.00051567999674 0.095531041401 0.000902186858754 0.0887400172743 0.000744046034486
450 1.007782593 0.000513727651601 0.0962687052602 0.000904610307214 0.0893077260838 0.000760352464576
451 1.0085394065 0.000512109302253 0.0967246745486 0.000920989920558 0.0898802482309 0.000754196063278
452 1.0092904925 0.000510429414796 0.0969213425702 0.000899104361933 0.0901458654206 0.000750495555067
453 1.0100229595 0.000509239611518 0.0960596651912 0.000907754153108 0.0889029024913 0.000769997721557
454 1.0107736395 0.000507641144836 0.0974524860699 0.000915733687533 0.0903072642176 0.000774456887218
455 1.0115492405 0.000505758459928 0.09688856477 0.000909165653559 0.0897576423357 0.000774045966939
456 1.012301279 0.000504111542871 0.0950139531049 0.000856994373175 0.0885471325012 0.000730311930925
457 1.013059174 0.000502805581264 0.0967812541066 0.000900482639964 0.0900848522358 0.000747489455189
458 1.0138130635 0.000500911122421 0.0964106608849 0.000894236783355 0.0897160159701 0.000743760705964
459 1.014553735 0.000499235088676 0.0979303583086 0.000937814492864 0.0905971337501 0.000782112892085
460 1.01530771 0.000497702089453 0.0949737027629 0.000884795355413 0.0883242909086 0.000735275172549
461 1.016056616 0.000496027194033 0.0967813970466 0.000922665444451 0.0895231256676 0.000776755622146
462 1.016809058 0.00049470293922 0.0977922784899 0.00096305984065 0.0902543682676 0.000788837982043
463 1.0175603815 0.000493161600834 0.0981133256631 0.000998783608666 0.0902250573205 0.000802985935252
464 1.0183048875 0.000491933289933 0.0959718852814 0.000871426269348 0.0893273041303 0.000745345373574
465 1.019060486 0.000490604892924 0.097699603692 0.000905745987177 0.0907100625927 0.000767697088886
466 1.0198040805 0.00048939668998 0.0961066198814 0.000872042226143 0.0895315023896 0.000740321504208
467 1.020559934 0.000488016867128 0.0986575117206 0.000937316494236 0.0914644117647 0.000778801271164
468 1.0212997105 0.000486568418299 0.0960956535842 0.000898901592429 0.0893818432371 0.000743013572275
469 1.022050877 0.000485382911439 0.0983353913835 0.000980160328268 0.0907413521245 0.000790776192739
470 1.0227947325 0.00048427630151 0.0970529624105 0.000892097308346 0.0903582935627 0.000748699419348
471 1.0235519375 0.000482796281552 0.0966960899698 0.000915381923926 0.0897653862896 0.00075534028647
472 1.024308206 0.000481951444956 0.0969353680299 0.000871612688923 0.0904809817339 0.000735051852523
473 1.0250680125 0.000480554227683 0.0975163289332 0.000958288376884 0.0899729194894 0.000789226961207
474 1.025815019 0.000479957318399 0.0976479730841 0.000893853783187 0.0908121722268 0.000761221633542
475 1.0265699605 0.000478662751037 0.0988055619765 0.000959611582666 0.0913422039669 0.000791902264927
476 1.027312976 0.000477787585043 0.0982683140991 0.000898305927143 0.0912961323414 0.000770663205066
477 1.028063061 0.000477033199097 0.098651653981 0.000955092698053 0.0912722601532 0.000785338236471
478 1.0288120305 0.000476148300869 0.0986653105943 0.000902738166595 0.0917054819491 0.000772352097913
479 1.029563195 0.000475382911786 0.0995628365562 0.000977287250721 0.0920257406914 0.000795367912575
480 1.0303043335 0.000474687879044 0.0976673892689 0.000874328085055 0.0911212597054 0.000747148108186
481 1.03104921 0.000473783415807 0.0990830835776 0.000952554887505 0.0916387664109 0.000792343179528
482 1.0318167945 0.000473156166461 0.0982575020429 0.000945351074174 0.0909338825542 0.000782900336643
483 1.0325422965 0.000472461283222 0.0992123610293 0.00090724629812 0.0923149785615 0.000769212330324
484 1.033299864 0.000472245855193 0.0974128257336 0.000935695434672 0.0902858732695 0.000768878614781
485 1.0340329835 0.000471634782582 0.0996191298389 0.00093871918104 0.0923373971553 0.000791047554396
486 1.034774121 0.000471124087069 0.0989634324552 0.000916008881311 0.091964653638 0.000771964676733
487 1.0355305115 0.000470883317803 0.099823972514 0.000951779200313 0.0923866160144 0.000796051526217
488 1.036253827 0.000470729254447 0.0994536088969 0.000940495441459 0.0923293726636 0.000779874115649
489 1.0370076755 0.000469929206889 0.0993319622414 0.000903233226606 0.0923853076223 0.000775382276833
490 1.037762009 0.000469320116339 0.100833016623 0.000981555191727 0.0932121825073 0.000806972570268
491 1.0384974655 0.000469001807724 0.0990093045162 0.00095578578812 0.0918464345863 0.000773866704487
492 1.0392449475 0.000468629306275 0.100382816754 0.00095324323096 0.0930558586403 0.000794926392276
493 1.0399904985 0.000468532217742 0.0990625630415 0.000924255283702 0.0920150486179 0.000776216897077
494 1.0407394815 0.000468505958096 0.0987419202912 0.000935084187163 0.0915673378572 0.000776330226585
495 1.041495565 0.000467982725368 0.100646447111 0.000985539987586 0.0931376557344 0.000798524488816
496 1.042244121 0.000467827843928 0.100010691555 0.000976969711816 0.0923513999215 0.000807031506934
497 1.0429921835 0.000467860361501 0.10052293744 0.000968029505851 0.0930532939908 0.000800741657054
498 1.0437389615 0.000467162056398 0.10092615887 0.000961714258541 0.0936513897015 0.00079446646384
499 1.044487155 0.000467294866921 0.0999861946335 0.000943090066723 0.0929181974171 0.000776460553589
500 1.045247613 0.000467387202935 0.101870704214 0.00097141831123 0.0943715477204 0.000809307389492
501 1.046010182 0.000467397895094 0.101220168539 0.000998731323204 0.0936042152376 0.000804012222004
502 1.0467741855 0.000467034359918 0.100860821924 0.000949866356899 0.0934209145899 0.000802816293826
503 1.0475171015 0.000466872950303 0.101727670097 0.0010215008576 0.0937461306129 0.000825303270339
504 1.048272275 0.000466735280237 0.101680487931 0.000980651040739 0.0938160484405 0.000827935855828
505 1.0490064075 0.00046738530696 0.101065390869 0.000979334555892 0.0933742772232 0.000814504903214
506 1.049749871 0.000467399053975 0.102165530071 0.000968985493069 0.0946993179161 0.000808712199992
507 1.0504952145 0.000467493449097 0.102003240832 0.000954816898266 0.0944163036502 0.000820050917204
508 1.051255612 0.00046751319913 0.0995386323886 0.00094143743909 0.092214457018 0.000790527023585
509 1.051994903 0.00046788679365 0.100919825213 0.000942994587619 0.0937669955131 0.00078631378906
510 1.052752171 0.000467858385828 0.102458013131 0.000990295788816 0.094803605145 0.00081725576209
511 1.053506868 0.000468064089379 0.101857438141 0.000969677863773 0.0943230150578 0.000811167094095
512 1.0542342535 0.000468603603329 0.103321777373 0.000996737496466 0.0956512117097 0.00082032189288
513 1.054990351 0.000468673883774 0.101384887001 0.000954804267474 0.094052456732 0.000799126006894
514 1.055742156 0.000469007215143 0.103387105004 0.00103519626938 0.0953672469316 0.000832742241033
515 1.05648968 0.000469798053771 0.102238763139 0.00099437161995 0.0945951337962 0.000814250437152
516 1.0572503585 0.000470076599263 0.10308102254 0.00103064161924 0.0949770304043 0.000837681542299
517 1.0579933915 0.000470365058517 0.103302890153 0.00104158857013 0.0952463927198 0.000832110027194
518 1.058750505 0.000471106774345 0.102378856008 0.000953099632543 0.0950645112859 0.000804574436514
519 1.059481922 0.000471959645746 0.103161945238 0.000985055980639 0.0954602583898 0.000824954897693
520 1.060229709 0.000472638965304 0.104195248904 0.00101993218063 0.0961890791149 0.000843078253529
521 1.0609838225 0.000473127639356 0.103772369865 0.00100788419684 0.0960283269849 0.000823427464159
522 1.0617201845 0.000474162152858 0.103686140795 0.00105877071729 0.0953497573063 0.000847149864965
523 1.062479553 0.000475174598433 0.101952714003 0.000967709361775 0.0943760662915 0.000814304078222
524 1.063247273 0.000475890825741 0.103699946327 0.00100335273497 0.0957313720291 0.000839089064365
525 1.0640067295 0.000476671581425 0.104116314439 0.00101866873813 0.0959513544705 0.000848051774637
526 1.064761199 0.000477991239736 0.104682903836 0.00101478765148 0.096897600592 0.000829461128998
527 1.065507446 0.000479089683035 0.104828053507 0.00107126513597 0.0963702970226 0.000859655111852
528 1.0662614985 0.000480593915589 0.105539839939 0.00105358467401 0.0971433135971 0.000864552806875
529 1.0670083215 0.00048147433641 0.104060313904 0.00103195024308 0.0960529985559 0.000837122360838
530 1.06775868 0.000482829429484 0.104211692942 0.00100270236652 0.0964038693801 0.000834803756377
531 1.068521661 0.000484102995986 0.104598401013 0.000981781534027 0.097053752461 0.000822118939624
532 1.069282476 0.00048506067686 0.10368684891 0.00104813101276 0.0954844114006 0.00084214861744
533 1.070044362 0.000486231429163 0.104880691045 0.00102485090843 0.0969394841562 0.000839795859486
534 1.0708051805 0.000487458140963 0.105407517281 0.00102192885784 0.0973316584559 0.000849533125096
535 1.0715490295 0.000489174438873 0.104525567595 0.00105397632532 0.0963580421086 0.000843728043631
536 1.0722964585 0.000490395440274 0.105105235079 0.00104297937767 0.0971459768783 0.000837423298461
537 1.0730675775 0.000491678447398 0.107084617751 0.0010709552185 0.0984253353608 0.000885268382262
538 1.073824019 0.00049334720747 0.105812556932 0.00102454834892 0.0978042442928 0.000848160816928
539 1.0745808105 0.000494694625992 0.105511393911 0.00102399973428 0.0973794784232 0.000855340913364
540 1.075332257 0.000496763278416 0.106670687143 0.00102466135614 0.0984953847163 0.000863606311866
541 1.076094682 0.000498209375312 0.10484788526 0.000999133474012 0.0969091066295 0.000844591048412
542 1.076820689 0.000499945908839 0.107499517251 0.00102804960423 0.0994114418083 0.000863512480726
543 1.077572878 0.000501270932369 0.104952053523 0.000988925950026 0.097160077675 0.000839507417193
544 1.0783465275 0.000503240394146 0.106344510663 0.00106450416049 0.0980438194596 0.000859905666433
545 1.079081127 0.00050487843004 0.108235599708 0.00110167128597 0.0993932510015 0.000894793838004
546 1.0798258585 0.000506729481348 0.10490958393 0.00102305519132 0.0970841742142 0.000831849353325
547 1.080580473 0.00050868304123 0.10762957926 0.00107654944206 0.0990825670262 0.000878057398448
548 1.0813222655 0.000510727960038 0.107102725055 0.00101735652628 0.0993872349617 0.000838618585391
549 1.082092635 0.000512725667782 0.106694805062 0.00104863812734 0.098608359165 0.000851793557166
550 1.082850417 0.000514470487701 0.108419985557 0.00104336704822 0.100142310646 0.00087623383805
551 1.0835859235 0.00051612466659 0.108112791898 0.00108187105753 0.0994035394215 0.000893736056158
552 1.0843384125 0.000518210042036 0.108217735753 0.00111843196549 0.099554831746 0.00087918578689
553 1.0851097755 0.000520600536811 0.108253799309 0.00105478424737 0.100153984534 0.000860294198863
554 1.0858651175 0.00052264198655 0.107897308829 0.00105326835362 0.0996210833189 0.000869994085471
555 1.08661713 0.00052463890326 0.110852758842 0.00110250492368 0.101856482937 0.000921175431581
556 1.0873757375 0.000526747346235 0.108403100801 0.00111938142083 0.0996851007013 0.000884441283042
557 1.088128953 0.000529041172359 0.109572521487 0.00106609355913 0.101245866047 0.000880343343955
558 1.0888964405 0.000531316030835 0.109935804896 0.00114004362449 0.100860790733 0.000911271816737
559 1.08965389 0.000533558335878 0.108642599917 0.00106954235679 0.100222442482 0.000878844062301
560 1.0904277255 0.000536157167512 0.109639828116 0.00106585357444 0.101296464786 0.000880416509364
561 1.0911808495 0.000538881272441 0.110092501238 0.00105863890185 0.101663107066 0.000891778638279
562 1.0919605375 0.000540905925534 0.108546040266 0.00106516647739 0.100160226837 0.000877672161135
563 1.092727957 0.000543404748774 0.110923451577 0.0011567313948 0.101423551714 0.000935389858924
564 1.0934934715 0.000545905083148 0.110450452744 0.00109342682503 0.101648431912 0.000906381003758
565 1.0942766375 0.000548596023592 0.110433811307 0.00112897193093 0.101558442464 0.000903887208246
566 1.095048379 0.000551548028208 0.10878808892 0.00106533199868 0.100208778721 0.000892395374187
567 1.0958196325 0.000554179000006 0.109850610084 0.00105858541806 0.101499568934 0.000884525342214
568 1.096586187 0.00055692277816 0.109912959704 0.00107239628342 0.101592084849 0.000879159003448
569 1.0973452575 0.000559402371934 0.110984494692 0.00108125530659 0.102423653549 0.000898028432748
570 1.098112133 0.000562276636905 0.110569239743 0.00104793464911 0.102320187357 0.000886264359165
571 1.098868241 0.0005647530362 0.110059421911 0.00107948923884 0.101351901505 0.000905691172066
572 1.099638694 0.000567465777617 0.110693712122 0.00106815390343 0.102339456227 0.000888854489517
573 1.100400809 0.000570345563901 0.111810736418 0.0011237919688 0.102726160142 0.000926307559836
574 1.101155552 0.000572870815916 0.1119066469 0.00115131108907 0.102597111207 0.000931774988282
575 1.1019144995 0.000575462788273 0.112430046522 0.0011021859417 0.10356812163 0.000922838901714
576 1.102703961 0.000578293427093 0.112985826484 0.00115481188194 0.103562084006 0.00094666396462
577 1.103478234 0.000581044410088 0.111800127913 0.00111912604174 0.103013963465 0.000911274833252
578 1.104234761 0.000584276600171 0.109753954223 0.00110586584264 0.100912279503 0.000902784898312
579 1.105016446 0.000587111470033 0.114396474345 0.00114634962552 0.105177241729 0.000941038983801
580 1.1057818725 0.000589882950031 0.112681510001 0.00113622313248 0.103619998578 0.000925337192543
581 1.106564334 0.000593075257265 0.112364751786 0.00112999023892 0.103307559156 0.000924882870867
582 1.1073555155 0.000596409952254 0.113297633702 0.00118086807355 0.103800926076 0.00094287881113
583 1.108139068 0.000599519696249 0.111466756529 0.0011248298085 0.102319983776 0.000927594949963
584 1.108919929 0.000602459906116 0.112269070786 0.00115616982368 0.103028582243 0.000927624471259
585 1.1096775075 0.000605296562829 0.114036118684 0.00110857560866 0.105154107291 0.000930884344044
586 1.1104545555 0.000608552621289 0.113526863357 0.00114181453602 0.104264095869 0.000941661665315
587 1.111227476 0.00061169904672 0.115117448901 0.00122996881369 0.105099363951 0.000973778115148
588 1.112022491 0.000614615913402 0.113774346908 0.00117184512686 0.104172138982 0.000955131765555
589 1.1127973975 0.000618075860752 0.113106346378 0.00114787691507 0.10367689427 0.000949526563716
590 1.1135977965 0.000621539912758 0.115973939651 0.00123462325383 0.106303079138 0.000954644516623
591 1.114361463 0.000624723806035 0.113941993323 0.00115310309155 0.104786286981 0.000932947457218
592 1.115140327 0.000628338958545 0.115145612262 0.00116755550098 0.105860613678 0.00094671419975
593 1.115905276 0.000631566365802 0.115261345577 0.00118328264219 0.105661742176 0.000961657915431
594 1.1166995375 0.000635181316015 0.113770022717 0.00112924903675 0.105012842165 0.000914466555877
595 1.117464178 0.000638320241493 0.116918399144 0.00121325487747 0.106950664099 0.000984534935997
596 1.118264395 0.000641609117365 0.114409182197 0.00115873343616 0.105254638564 0.000934397843416
597 1.1190415225 0.000645141080213 0.117714747427 0.00125310300848 0.107622018305 0.00099054329997
598 1.119819916 0.000648554794372 0.116464287756 0.0012243301204 0.106738246327 0.000965050693321
599 1.1205966645 0.000651906895724 0.11582248148 0.00118009298493 0.106150323616 0.000970205360203
600 1.121393735 0.000655405282421 0.118673187497 0.00126244805582 0.108476260722 0.000994658007603
601 1.122165881 0.000658714026815 0.118199868208 0.00125026634958 0.107748871978 0.00101206699659
602 1.1229652345 0.000662738965644 0.115119302387 0.00116759946504 0.106039868914 0.000934746648638
603 1.123724488 0.000665919198211 0.115800813882 0.00121084557145 0.106279104471 0.000953897466793
604 1.124492555 0.000669330806356 0.117173820036 0.00119927173124 0.107438774449 0.000976652608365
605 1.1252784235 0.000672910628723 0.117746052381 0.00121848591016 0.107907329661 0.000981615689789
606 1.1260651635 0.000676650005042 0.116553358145 0.00114856702622 0.10749676077 0.000944314504184
607 1.1268481815 0.000679987751922 0.118121479304 0.00120517583943 0.10845168276 0.000976513814072
608 1.127651859 0.000683861706764 0.117647756845 0.00119459054166 0.107899544846 0.000981782192258
609 1.1284253315 0.000687274428745 0.11752815118 0.00118502821502 0.107860503688 0.000978829566386
610 1.129226247 0.00069124911791 0.117170424619 0.00122089270413 0.107234136495 0.000983273620611
611 1.1300093495 0.000694682140576 0.117432606225 0.0012212966469 0.107795641701 0.000966683405521
612 1.130810696 0.000698130725714 0.119303705716 0.00123462965039 0.109321995934 0.000998795876782
613 1.131586069 0.000701647690063 0.118577088302 0.00126601015574 0.108298395917 0.00100079332389
614 1.13236571 0.000705218899147 0.120298233698 0.00122633137057 0.110405207383 0.000997169998912
615 1.1331711695 0.000709675229123 0.119155238284 0.00127291093377 0.108628894148 0.0010151880007
616 1.133971868 0.000713619260628 0.119568585082 0.00124065969468 0.109550816804 0.000996613258578
617 1.1347689415 0.000717334869513 0.120507549789 0.00123347423644 0.110616303213 0.000998038910938
618 1.135554552 0.000720877162391 0.119569244895 0.00127082882612 0.109390747071 0.000998028833033
619 1.136334961 0.000724650113121 0.121106617591 0.00121964886649 0.110988674665 0.0010177158966
620 1.137131071 0.000728200385191 0.120027887828 0.00125340096175 0.109892618964 0.00100407703724
621 1.1379109855 0.000731879410745 0.120851174526 0.0012473479101 0.110748081861 0.00100828848572
622 1.1387179965 0.000736054065168 0.121498530631 0.00125576572177 0.111210990627 0.00102022675991
623 1.13951123 0.00074011196409 0.121511547844 0.00126551424121 0.111046914227 0.00103042689575
624 1.1403159545 0.000744225568584 0.123115999255 0.00131083389521 0.11226452349 0.00105153367824
625 1.141095356 0.000747888538165 0.123036582871 0.00130195699351 0.112244649285 0.00104855131467
626 1.141907581 0.000752136938808 0.122802420638 0.0012767843549 0.112375917489 0.00103130014649
627 1.142696102 0.000756190120636 0.122822064291 0.00133418237185 0.112077664883 0.00103300381006
628 1.143509249 0.000760380999819 0.122539901498 0.0012403603841 0.112452752601 0.00101931631954
629 1.144301732 0.000764281163098 0.12181853951 0.00127637496857 0.111378636056 0.00102564406196
630 1.14511168 0.000768570064912 0.121931199497 0.0012473861648 0.111655510848 0.00102540250025
631 1.1458955715 0.000772284003341 0.123636171305 0.00126683706032 0.113253848139 0.00103780250433
632 1.14670247 0.000776428533198 0.124104202785 0.00136787843831 0.112895573943 0.00106280070246
633 1.147516568 0.000780700152007 0.123258142659 0.00131946623168 0.112438685126 0.00104674668727
634 1.1483124605 0.000784986216015 0.12406228036 0.00133863098768 0.113023900519 0.00105749836532
635 1.14911546 0.000788708512876 0.122796472727 0.00127205283645 0.112321570853 0.00103771601079
636 1.149909541 0.000792761851769 0.12176525676 0.00125300608816 0.111818086545 0.00100229952652
637 1.150714962 0.000796402221966 0.123433989719 0.0012542236186 0.113106172916 0.00103386721946
638 1.1515367795 0.000800505823464 0.124874066374 0.00126982885836 0.114547249054 0.00104107553547
639 1.152338633 0.00080493410087 0.123401144666 0.0012518344732 0.113185377976 0.00102954744785
640 1.1531492995 0.000808751265696 0.125418904674 0.00128525429729 0.114889685646 0.00105056013541
641 1.1539608915 0.00081287992542 0.125940474769 0.00133991288023 0.114798219743 0.00107628361252
642 1.1547589055 0.000817042848852 0.1260910443 0.00133917033475 0.115097377825 0.00106953481802
643 1.155552998 0.000821205105991 0.126049699214 0.00129534677267 0.115557980084 0.00104912091792
644 1.1563759725 0.000825471886191 0.124701582401 0.0013542469659 0.113361812174 0.00107703864648
645 1.1571922665 0.000829305356848 0.126019986011 0.00132695409004 0.115056659645 0.00107199631063
646 1.15798811 0.000833473131298 0.126441489812 0.00134711299711 0.115179280909 0.00108495149186
647 1.1587875445 0.000837748616355 0.127183530693 0.00135348656354 0.115941451681 0.00108728400068
648 1.159612468 0.000842194461172 0.128155645394 0.00136609960617 0.116600709003 0.00110876298101
649 1.1604191585 0.000846641724838 0.127217430714 0.00134344796575 0.116200012435 0.00107798030841
650 1.161230882 0.000850853562933 0.127282115327 0.00133399858802 0.11627747247 0.00107590684753
651 1.162058708 0.000855482396836 0.128900201093 0.00134588852249 0.117661900615 0.00109898261897
652 1.1628742155 0.000859797403094 0.12897275081 0.00133584037288 0.117756484589 0.00110207977087
653 1.163689767 0.000864469442357 0.127677643081 0.0013209010325 0.116775133923 0.00107921618119
654 1.164517699 0.000869255106818 0.128617717541 0.0013898358673 0.117268392309 0.00109111669259
655 1.1653306505 0.000873496866152 0.12710182346 0.00132120829145 0.116576516065 0.00105565708304
656 1.166148314 0.000878146556707 0.129435416961 0.00134676310678 0.118245109173 0.00109796429667
657 1.1669530755 0.000882543952514 0.129040258586 0.0013495532476 0.117878546494 0.00109510468634
658 1.167792225 0.000887197872717 0.129377769843 0.0013810677422 0.118174396375 0.00108925713572
659 1.168581222 0.000891114871755 0.131519578247 0.00140535548767 0.119899483396 0.00112093825983
660 1.1694334915 0.000896140856254 0.130572435634 0.00135467888033 0.11929979742 0.00110903142272
661 1.170251635 0.000900387209974 0.128115722763 0.0013262741198 0.117269109461 0.00107591447377
662 1.171074141 0.00090526530028 0.131379484056 0.00137887922361 0.120156012263 0.00110424222393
663 1.1718940735 0.000909722400575 0.129922540449 0.001345155734 0.118955764819 0.00108854564479
664 1.17271386 0.000914390885267 0.131606027048 0.00136462168921 0.120543002967 0.00110185071937
665 1.173524139 0.00091888480634 0.132183388647 0.0014633788886 0.119719992366 0.00115583568826
666 1.174367732 0.000923841994271 0.132856214312 0.00143529084592 0.12074710825 0.00115116611157
667 1.1751951325 0.000928273026961 0.131801752228 0.00141925880051 0.119782975681 0.00114341208323
668 1.1760298205 0.000932828958487 0.134726282653 0.00150045955945 0.121929682823 0.00118527003117
669 1.1768331935 0.000936801311466 0.133077456234 0.00142894323871 0.121196287217 0.00113702289517
670 1.1776664305 0.000941858729921 0.133409329428 0.00145072697996 0.121415665984 0.00114620381301
671 1.178492654 0.000946926958557 0.134865102654 0.00141932890213 0.122857964538 0.00116041332905
672 1.1793373815 0.000951510853947 0.134094970699 0.00150259749112 0.121352324796 0.00117792576425
673 1.1801628405 0.000955867491135 0.13371670935 0.00146398521181 0.121515169536 0.00115406432424
674 1.1809976145 0.000960646974524 0.13429365095 0.00148018050761 0.122081863163 0.00115091400628
675 1.1818299565 0.000965066140806 0.13350580325 0.00142138520849 0.121653250639 0.00114231417979
676 1.1826621815 0.000969880940742 0.133989110557 0.00143951347858 0.121837703866 0.00115799774076
677 1.18349185 0.000974607791483 0.13363718446 0.00139329881793 0.122077131221 0.00113425945162
678 1.1843301565 0.000979709851529 0.135822909994 0.00142761181636 0.12376954052 0.00117041053476
679 1.185162521 0.000984477867554 0.137468538712 0.00150891995717 0.124716926364 0.00119791803803
680 1.1860011075 0.000989529361307 0.135707495503 0.0014572084509 0.123466494397 0.00116881910714
681 1.1868296115 0.000994407314339 0.13673683175 0.00147557362693 0.124459639406 0.001172608535
682 1.187696449 0.000999690446504 0.138710685532 0.00152873876071 0.125843648739 0.00120652186976
683 1.1885206275 0.00100439098489 0.1385917696 0.00146867688442 0.126385398251 0.00118242226359
684 1.1893833495 0.00100953352008 0.136956161764 0.00151715933386 0.12429221946 0.0011856176157
685 1.190217763 0.00101421204333 0.137470229615 0.00146549672173 0.125174871062 0.00118127098671
686 1.191078398 0.00101952974984 0.136727930571 0.00148629136292 0.124371887486 0.0011740208305
687 1.191925182 0.00102418824458 0.141090436589 0.0015300472376 0.127935892527 0.00123508043368
688 1.192785873 0.0010286579163 0.139245961197 0.0015223785472 0.126451382729 0.00120773776314
689 1.1936274465 0.00103402244997 0.139922211925 0.00151041747865 0.127272855735 0.00120547706619
690 1.1945047195 0.00103923417034 0.138565120458 0.00152440173807 0.125653807098 0.00120723200754
691 1.1953453355 0.00104368422562 0.139540029671 0.00149458040429 0.126831849827 0.00121253733018
692 1.1962013 0.00104900839381 0.139027576238 0.00150796749907 0.126132331408 0.00121412735357
693 1.1970558255 0.00105367233448 0.140591815912 0.00147570719441 0.128101653615 0.00121233816575
694 1.197920747 0.00105863176922 0.139825394146 0.00152046259209 0.127100785184 0.00120795685353
695 1.1987654155 0.00106359064972 0.140127954046 0.00144296753437 0.128030601906 0.00119243466415
696 1.19966103 0.0010691021858 0.140422714405 0.00155062218066 0.127187092 0.00122841004551
697 1.2005119565 0.00107398061892 0.141473289962 0.00154949586955 0.128538084488 0.00121946164564
698 1.201387807 0.00107943347862 0.143245490835 0.00164532075699 0.129080741168 0.00127470245352
699 1.2022469405 0.00108462126043 0.144240788745 0.00164700558552 0.130301256176 0.00126720009734
700 1.203108951 0.00108938559499 0.146193804002 0.00168259138795 0.131926643499 0.00129190963898
701 1.203965621 0.00109420627148 0.143944690456 0.00159067561744 0.130474077722 0.00125675155762
702 1.2048546735 0.0010992792681 0.146080492427 0.0016379684187 0.132033591232 0.00128878468759
703 1.205708651 0.00110445439114 0.145512367629 0.00153469850109 0.13244963125 0.00125977701638
704 1.2066029335 0.00111023654969 0.144209444428 0.00164816214629 0.130226653878 0.00127187596965
705 1.2074616955 0.00111527347559 0.144446550526 0.00155054690916 0.131511879436 0.00123757603409
706 1.208335588 0.00112067159811 0.144785082217 0.00164427895901 0.131252851493 0.00125048802208
707 1.2092236855 0.0011259790369 0.148277732686 0.00165061659848 0.134377435191 0.00129027589116
708 1.210124137 0.00113133896395 0.146818515172 0.0016614915556 0.132612472683 0.00129646148376
709 1.2109775955 0.0011365434092 0.145860241743 0.00156781508061 0.132365155099 0.00127499012035
710 1.211895869 0.00114241966351 0.14813999798 0.00171242690857 0.133288856392 0.00132765692467
711 1.2127484875 0.00114735874992 0.146288195085 0.00157698225416 0.132749794051 0.00127935985928
712 1.213656239 0.00115331433354 0.146533199365 0.00166371079696 0.132520648922 0.00128386841163
713 1.214544912 0.00115847976142 0.149806675658 0.00160357519025 0.136165882841 0.00130254674849
714 1.215440545 0.0011643447557 0.148480044093 0.00164163805109 0.13447454978 0.00130302724303
715 1.2163188955 0.00116889306068 0.149740223518 0.00166563649691 0.135306338531 0.00132807969117
716 1.217240756 0.00117516220738 0.150975323109 0.00171189708633 0.136126201326 0.00134875406875
717 1.218127712 0.00118053321471 0.147969200116 0.00162784717267 0.134241530368 0.00128615463617
718 1.219043102 0.00118689303746 0.150236401706 0.0017066710039 0.135615209367 0.00132774102341
719 1.2199266105 0.00119222243995 0.148216576655 0.00159896614593 0.134999895253 0.00127058303423
720 1.220829894 0.00119808827966 0.149040396566 0.00166542219035 0.134937653293 0.0013012143964
721 1.221721396 0.00120334504934 0.151149431899 0.00164306562012 0.136881469847 0.0013327141694
722 1.222619098 0.00120855626828 0.152437946704 0.001659523311 0.138021605628 0.00134882694553
723 1.2235230355 0.00121396036264 0.151279958146 0.00161042596886 0.137484644866 0.00132043567396
724 1.2244159325 0.00121937406895 0.152347738058 0.00166722429166 0.138101555003 0.00133233701954
725 1.225306508 0.00122447918778 0.15392404465 0.00169032183979 0.138926747088 0.00137955670171
726 1.2262345605 0.0012307106894 0.154972986145 0.0017852910081 0.139420816337 0.00139216352916
727 1.227105968 0.00123607342003 0.15145520824 0.00162550281225 0.137741996706 0.0013071153417
728 1.2280195285 0.00124179219589 0.155190696409 0.00172463890503 0.140322378554 0.00136880015737
729 1.2289340925 0.00124724277957 0.153055674543 0.00174232106233 0.137788106417 0.00137005934147
730 1.2298409655 0.00125297422626 0.154762416772 0.00169756736828 0.140221757807 0.00135546290681
731 1.230749972 0.00125825006341 0.153164269182 0.00167774692574 0.138648705506 0.00135193327198
732 1.231659378 0.00126392124489 0.154135939533 0.00170914293553 0.13967582981 0.00134579162119
733 1.232553265 0.00126938744912 0.154824522777 0.00174685801438 0.13987032694 0.0013669140506
734 1.233460471 0.00127505092572 0.157397406361 0.00182542599711 0.14155829565 0.00141421402404
735 1.2343578795 0.00127998513478 0.156745140026 0.00173885502425 0.141748160012 0.0013839750469
736 1.2352918245 0.00128567860995 0.157203956439 0.00181948888665 0.141537409429 0.00140524712813
737 1.2362038495 0.00129138152675 0.158813415655 0.00176236264251 0.143206706818 0.00142441026993
738 1.2371465445 0.00129724106432 0.158164288222 0.00178477181024 0.142441044098 0.00142105839698
739 1.2380667185 0.00130303960831 0.159990554855 0.00175120743121 0.144727264815 0.00141629073178
740 1.2390131465 0.00130945507902 0.161319628451 0.00182193702605 0.145698452322 0.00142535202069
741 1.2399623605 0.00131512338843 0.163618478879 0.00183480302804 0.147473890059 0.00146807726861
742 1.240916183 0.00132192015793 0.159388564495 0.00174934401937 0.144173979215 0.00141010214445
743 1.241828942 0.00132766525578 0.161616321168 0.00175692265848 0.146403058912 0.00142672264561
744 1.242781688 0.00133408130977 0.162773797293 0.00177691911498 0.14714882637 0.00144952794621
745 1.243687263 0.00133957838065 0.164301902354 0.00181898216091 0.148204098184 0.00147219409419
746 1.2446468525 0.00134592234507 0.160207502296 0.00179542663556 0.14472676828 0.00142009794263
747 1.2455877045 0.00135186107184 0.163949311261 0.00174739328278 0.148846462825 0.00143563868108
748 1.24653998 0.00135818282064 0.162862454413 0.00184168312916 0.146949833645 0.00144692789807
749 1.2474676255 0.00136396736599 0.162508960831 0.00177964929362 0.147226618777 0.00142824845372
750 1.2484208825 0.00137045349802 0.163976996478 0.0018546802253 0.147797560976 0.00146602934475
751 1.2493552605 0.00137601661663 0.165146469233 0.001818973947 0.149402505593 0.00145889355827
752 1.2503427585 0.00138340492252 0.166209680722 0.00186493563592 0.150273356967 0.00146157354576
753 1.251253227 0.00138862021296 0.162668506527 0.00174397490522 0.147745223915 0.00141557368658
754 1.252225041 0.00139535699394 0.166073881607 0.00178725328866 0.150263341529 0.00147875530697
755 1.2531679975 0.00140091975782 0.166269820888 0.00181205341316 0.150222645195 0.00148660796895
756 1.254136536 0.00140684457636 0.165594715559 0.00187519090431 0.149428271066 0.00146981905412
757 1.2550613355 0.00141205158287 0.166274840016 0.00182193804211 0.150537933284 0.00146709387545
758 1.2560377205 0.00141811697658 0.166496242409 0.00183007928427 0.151123917864 0.00144546882072
759 1.2569807545 0.00142342736571 0.165587643332 0.00175678179076 0.150682047997 0.00143274221782
760 1.257935741 0.00142941145102 0.170203286521 0.00192757613647 0.153330540259 0.00152610068128
761 1.2588738615 0.00143531680221 0.16978797716 0.00181109149244 0.154089526212 0.00149404499642
762 1.259852681 0.00144097713439 0.171990671969 0.00199154370576 0.154224373081 0.00156969858836
763 1.2608149085 0.00144614320751 0.170810525461 0.00184568023707 0.154613785427 0.00151614006777
764 1.261814282 0.00145234613195 0.171005812925 0.00198227533566 0.153271013222 0.00156380311743
765 1.262768465 0.00145788035857 0.171003552833 0.00189041322921 0.154421146762 0.0015264002458
766 1.2637649455 0.00146363894365 0.172680682881 0.0019952163883 0.154816763083 0.00157536685881
767 1.2647241035 0.00146901741338 0.173799384052 0.00194939206759 0.156646232074 0.00155620181886
768 1.26570503 0.00147536480958 0.174307655449 0.00199595042166 0.1568402218 0.00156837549364
769 1.2666587235 0.00148130412292 0.17290791175 0.00186124505028 0.156642786958 0.00153072577874
770 1.2676427325 0.00148797414033 0.17518869467 0.00203828088524 0.157066123026 0.00159689030509
771 1.268618378 0.00149375519417 0.175775150571 0.00202592274933 0.157568635101 0.00160797666621
772 1.2696491085 0.00150094152896 0.176224157462 0.00205372775313 0.158020586641 0.00160065518599
773 1.2706408865 0.00150730734211 0.175396078085 0.00191206311468 0.158793174544 0.00154485391593
774 1.2716402495 0.00151398072806 0.175336889373 0.00198172475564 0.157945471976 0.0015713944288
775 1.2725887935 0.00151907788848 0.176336081841 0.00193520409761 0.158891010918 0.00159435871063
776 1.2736159485 0.00152647518587 0.179700793033 0.00204053380087 0.1616068517 0.00162678606415
777 1.274570862 0.00153221413551 0.177392837434 0.00195398223427 0.160501010005 0.00156732287938
778 1.275591534 0.00153912063699 0.17823011308 0.002081501971 0.159921450259 0.00160949885449
779 1.2765591525 0.00154535608327 0.181331031254 0.00203198584332 0.163271857977 0.00163540457354
780 1.2776058515 0.00155268925631 0.181472144232 0.00216000725182 0.161940050424 0.00167694015982
781 1.2785740685 0.00155851906399 0.180844360951 0.00199501979355 0.163173198968 0.00162048373289
782 1.2796121675 0.0015653500685 0.181794048357 0.00205855254684 0.163311585803 0.00165891977588
783 1.280599966 0.00157121035284 0.186041289688 0.00212066168726 0.167015243958 0.0016922710462
784 1.281657719 0.00157830970489 0.181208282302 0.00207857496771 0.162546265177 0.00165187514397
785 1.282654437 0.00158432234364 0.185349780686 0.00215771018517 0.165788653569 0.0017035560016
786 1.283719139 0.00159177704112 0.184559331887 0.00210027026091 0.165871016137 0.00167508107412
787 1.28472177 0.00159809537859 0.18499391197 0.00211152659292 0.16595696263 0.00168969228769
788 1.2857542645 0.00160551012932 0.185049445756 0.00213825797595 0.166262038989 0.00166819927939
789 1.286761477 0.00161134961072 0.185173369394 0.00207967626819 0.166775458112 0.00166603160525
790 1.287803981 0.00161903427375 0.18706670654 0.00211250125329 0.168424175371 0.00168188848055
791 1.2888024635 0.00162455919813 0.184277702421 0.00201918216664 0.166792952389 0.00162796392864
792 1.2898872065 0.00163228115375 0.191191514965 0.00225895305247 0.170744821749 0.00176495086892
793 1.2908718375 0.0016380113713 0.188427265256 0.00209366147074 0.169751144165 0.00169960313393
794 1.2919455635 0.00164608004764 0.189807155908 0.00227227811708 0.169450295629 0.00174517394398
795 1.29296179 0.00165212592926 0.191085267717 0.00220604552309 0.171422785437 0.00173870513102
796 1.294017841 0.00165952110972 0.194336722085 0.00229975034377 0.173287735766 0.00180823357918
797 1.2950269005 0.00166586128439 0.193513397984 0.00215631070627 0.17410730869 0.00175520365277
798 1.2961245925 0.00167345611362 0.197900114701 0.00235153435838 0.176082870208 0.00185691441422
799 1.2971381005 0.00167987104199 0.195037849977 0.00216122812094 0.175754105178 0.00175920509101
800 1.298270334 0.00168863775885 0.197399760452 0.00230563215852 0.17678202935 0.00179988960266
801 1.2993048715 0.00169498357594 0.197009191509 0.00221321988504 0.17731072932 0.00177849980327
802 1.300436385 0.00170407738964 0.197245505593 0.00225682825833 0.176804909786 0.00180919363644
803 1.3014750315 0.00171012250183 0.196949986561 0.00223017749576 0.176741456772 0.0018013569944
804 1.30260767 0.00171853350734 0.19892921486 0.00232395414965 0.177571776326 0.00184738517065
805 1.3036663495 0.00172491229665 0.199004801961 0.00226755436231 0.178573499962 0.00181583120972
806 1.3047898475 0.00173308901343 0.199304513711 0.00227146387825 0.179166967597 0.00180374349906
807 1.3058426165 0.00173940175212 0.201562737224 0.00224468365372 0.181470700128 0.00182118550555
808 1.3069592235 0.00174699428595 0.200212533652 0.00230064732089 0.179158607219 0.00185126201406
809 1.3080310865 0.00175366196435 0.201954433155 0.00231022014664 0.18130770535 0.00183520237495
810 1.3091578615 0.00176143624387 0.200766559893 0.00233306469684 0.179876347051 0.00183575514897
811 1.3102189855 0.00176767575534 0.201538303471 0.00223859800152 0.181421347167 0.00182546539085
812 1.311389828 0.00177583096591 0.203362133814 0.0022982266434 0.182613734687 0.00185581991736
813 1.312436164 0.00178186167207 0.203685440627 0.00223239635631 0.183472911893 0.00184764913819
814 1.313597921 0.00178909719879 0.206109209378 0.00238731042544 0.184450053934 0.00189680945457
815 1.3146656535 0.00179567898175 0.207145271779 0.00231228347176 0.185846853486 0.00190902864468
816 1.3157947385 0.00180376650358 0.207275106327 0.00243537392335 0.184757715127 0.00193860180716
817 1.3168450595 0.00180949881372 0.209630874164 0.00233233659296 0.187874238067 0.00194392037051
818 1.318024559 0.00181759737658 0.211523378005 0.00245920194922 0.189028868662 0.00195751908757
819 1.3191167135 0.00182398755655 0.211184301279 0.00234099755302 0.189906397137 0.00192246458131
820 1.320334377 0.00183307351054 0.21482335906 0.00252242552306 0.191517553443 0.00200261387319
821 1.3214093215 0.0018390307987 0.210891606726 0.00237295468794 0.189240914348 0.00193514138722
822 1.32260987 0.00184801986564 0.212507633443 0.00246725776997 0.189893167889 0.00196949349413
823 1.323695288 0.00185451877572 0.211985652459 0.00237557155418 0.190494984486 0.00193374521281
824 1.3248812435 0.00186292096265 0.21424880709 0.0024658071481 0.191436244106 0.00199950474693
825 1.325994916 0.00186947392267 0.211736511527 0.00242137506624 0.189885791822 0.00193473885239
826 1.3272024 0.001877947306 0.219076106967 0.00252956376764 0.196054995214 0.0020211238954
827 1.328296017 0.00188452114195 0.212454395541 0.00231660932575 0.191715031026 0.00191430028981
828 1.3295007165 0.00189399092591 0.218994071068 0.00258819640422 0.195311185442 0.00203571822767
829 1.330617049 0.00190009675039 0.220862887249 0.00249749279572 0.197662541865 0.00205208617082
830 1.33181895 0.00190815412331 0.218280824076 0.0024336228067 0.196277218516 0.00198750223868
831 1.33293713 0.00191476714538 0.218338608092 0.0024364579503 0.19626321385 0.00198529208409
832 1.33416896 0.00192310252822 0.219010668723 0.00252501791833 0.195842878005 0.00202419251849
833 1.33527988 0.00192965389526 0.221225605247 0.00250314351334 0.19778679536 0.00206094035461
834 1.336513348 0.0019389725704 0.221882407147 0.00255816302478 0.198140450114 0.00207222682205
835 1.33763785 0.00194599260586 0.224037558245 0.00257110350342 0.200160347442 0.00208471786593
836 1.3388544665 0.00195418290871 0.221042171924 0.00246143697952 0.198604496637 0.00202205798586
837 1.3399702285 0.00196022329416 0.226490746569 0.00254550650396 0.202583249265 0.00211427992019
838 1.3412480405 0.00196966033407 0.224830733648 0.00255371065843 0.201199142009 0.00208484395536
839 1.342393044 0.00197591049756 0.227839239797 0.00258006218743 0.203503680821 0.00213303514769
840 1.3436240535 0.00198432868744 0.23065638546 0.00267988138612 0.205748766482 0.00215212099728
841 1.344781115 0.00199079087565 0.232215317888 0.00260602772012 0.207380065842 0.00218781024915
842 1.346019044 0.00199979463848 0.231111312319 0.00266598208463 0.206746762813 0.00213288201216
843 1.347186487 0.0020065991862 0.231032506597 0.00259051677477 0.207046801218 0.00213877487994
844 1.3484624305 0.00201610568073 0.235946529061 0.00282263519167 0.209488534982 0.00223127151627
845 1.349642339 0.00202389839744 0.23307680535 0.00260996273029 0.208760296525 0.00216354070182
846 1.3509610805 0.00203348271538 0.237793577656 0.00279421998101 0.21147226947 0.00224380761885
847 1.3521491735 0.00204090418173 0.236210764321 0.00259844793467 0.212230444752 0.00216879158605
848 1.3534807525 0.00205109667342 0.237772781571 0.00272992604406 0.212295754055 0.00222457656611
849 1.3546412405 0.00205805569696 0.237430405406 0.00258416353673 0.213351092572 0.00218730689612
850 1.3559655385 0.00206802744221 0.240508385312 0.00276246018125 0.214740685049 0.00224794258586
851 1.3571478575 0.00207540230002 0.241381806767 0.00263944020096 0.216947138083 0.00221721185023
852 1.3584793295 0.00208595430311 0.243820425257 0.0028351404411 0.217026054739 0.00230247245045
853 1.359677705 0.00209363121331 0.241522740535 0.00270749200972 0.216526754623 0.00222872251877
854 1.36105464 0.00210580431643 0.24546859986 0.00285448808277 0.218454188413 0.00231818419955
855 1.3622338275 0.00211260832054 0.245944851136 0.00273438682288 0.220216865122 0.00229219981733
856 1.3636304065 0.00212345764401 0.253510284416 0.00297766999125 0.224936972407 0.00241919302759
857 1.3648398335 0.00213052260746 0.252418983594 0.00287067560719 0.224590263245 0.00240959674201
858 1.366289793 0.00214253780671 0.256167571162 0.00292976068023 0.228045072197 0.00243699976775
859 1.367512614 0.0021492449783 0.252175300336 0.00282893657641 0.225597565233 0.00235386147644
860 1.3689538535 0.00216083546224 0.263519622827 0.00315390114436 0.232842625395 0.00255126238902
861 1.3701924165 0.00216808617747 0.250969726657 0.00277919021539 0.22534304673 0.00230624307262
862 1.371642806 0.00217980635142 0.262618185823 0.00306239451773 0.233406174928 0.00249205118786
863 1.372877349 0.00218709095006 0.258901278074 0.00281610435248 0.232534499335 0.0023948030327
864 1.374339179 0.00219952101874 0.267212502235 0.00318727303749 0.23653916621 0.00256502220124
865 1.375614378 0.00220616678838 0.259672281977 0.00285257672272 0.233156785864 0.00239656154809
866 1.377070418 0.00221662323578 0.266737309853 0.00319071597947 0.235754703515 0.00257297081707
867 1.3783370415 0.00222438458406 0.26444471839 0.00289052608206 0.237585561767 0.00243559900367
868 1.3799035425 0.00223752352766 0.270508449247 0.00319909720421 0.239504229275 0.00260222574603
869 1.381187657 0.00224513155129 0.270900142557 0.00295410428731 0.242954300601 0.00252370857125
870 1.3827084365 0.00225774754736 0.271972540449 0.00315306110742 0.241922644932 0.00258151214763
871 1.384000809 0.00226475650786 0.271767905723 0.00304784607123 0.242658285634 0.00256403035957
872 1.3856411535 0.00227929096966 0.275707204525 0.00317972839638 0.244996991205 0.00263588090706
873 1.38692584 0.00228670207574 0.272772852914 0.00300107630003 0.244263544119 0.00255298034987
874 1.3884274915 0.00229978800455 0.276972682153 0.00318851709324 0.246610228681 0.00261644798162
875 1.389753089 0.00230743896407 0.279119307955 0.00307207501421 0.250081386405 0.00260468059763
876 1.3913063415 0.00231897172425 0.278422826461 0.00311491505487 0.248874520198 0.00261282682233
877 1.3926471515 0.00232632995522 0.2733637606 0.0028583184754 0.247515807973 0.00244760067512
878 1.3942302185 0.00233839294711 0.280197929749 0.00321831008903 0.249946078213 0.00262590610919
879 1.3955591565 0.00234603965715 0.284096388353 0.00301080101462 0.256303585678 0.0025878393997
880 1.397153015 0.00235924883455 0.289562520453 0.00332095325483 0.257010347292 0.00278378163775
881 1.3984954735 0.00236607546378 0.284238709305 0.00306323637573 0.255488923239 0.00262841718486
882 1.400176328 0.00238020957407 0.295121396859 0.0033872505846 0.262613523659 0.00280090738949
883 1.4015382245 0.00238749092782 0.286035204566 0.00302277860982 0.258003271098 0.0026105287978
884 1.4031879515 0.00240076342349 0.289835733226 0.00333580418162 0.25814135268 0.00273464044333
885 1.4045422925 0.00240799656355 0.290555415444 0.00307852171171 0.262425197302 0.00262744774845
886 1.4061536405 0.00242162455398 0.297243814247 0.00333971118048 0.265453500698 0.00279665745563
887 1.4075791775 0.00242968270014 0.294305549368 0.00310053643693 0.264985911645 0.00272002977217
888 1.409308465 0.00244441562734 0.299860351057 0.00340048085827 0.267198437248 0.00284411620759
889 1.410685124 0.00245173762553 0.296291445295 0.00314708734986 0.266891069596 0.00272141391243
890 1.4124438595 0.00246735929832 0.304811373092 0.0033943369715 0.272423291614 0.0028691551857
891 1.413840478 0.00247419074329 0.295416333919 0.00316160163173 0.265937994058 0.00271333673592
892 1.415586796 0.00249000897728 0.307967914531 0.0034440928185 0.275214552571 0.00289132742901
893 1.4170148955 0.00249798872021 0.305983886731 0.00325500831455 0.275054046537 0.00284257541406
894 1.418821676 0.00251204483973 0.314805473037 0.00361412725004 0.279447226678 0.00302221320316
895 1.420229083 0.00251866097527 0.308034967452 0.00333546559584 0.276144921891 0.00288173924706
896 1.422078804 0.00253521291861 0.317695299527 0.00354684918881 0.283391560496 0.00301314535419
897 1.423527575 0.0025420962568 0.311784008242 0.00325878475374 0.281292964606 0.00285541302621
898 1.4253555215 0.00255707652049 0.316639550764 0.00358049894765 0.281907751576 0.00301453655237
899 1.4268040215 0.00256418438152 0.314507394702 0.00332259273522 0.2833665686 0.00288769567699
900 1.4287373125 0.00257992560899 0.321513658454 0.00360098208607 0.287015442725 0.00303128221489
901 1.430160927 0.00258652660896 0.315827032414 0.00326344920212 0.285644701699 0.00286216296607
902 1.4320577295 0.00260200167657 0.327795374734 0.00369314810771 0.291548496667 0.0031412632418
903 1.433541762 0.00260896302498 0.313466957993 0.00327569201785 0.283489735308 0.00283023083285
904 1.435493908 0.00262594833458 0.329633378335 0.00369868314859 0.294055692002 0.00311691620656
905 1.436983673 0.00263327261439 0.323399802078 0.00334237233386 0.292232879802 0.00294673866482
906 1.438940042 0.00265150843044 0.333409169778 0.00373206797333 0.297042558124 0.00317766853457
907 1.4404835185 0.00265860900958 0.334160142669 0.00346657086416 0.301699651338 0.00305425173007
908 1.4424553475 0.00267434226211 0.340048297056 0.00378400262414 0.303492690169 0.00321568375779
909 1.443980644 0.00268096879441 0.335873443106 0.00346982542833 0.303321156188 0.00307039834135
910 1.4460235925 0.00269802682013 0.347695498958 0.00383196043081 0.310262505679 0.00330705781653
911 1.4475875715 0.00270506985912 0.339160440201 0.00348791288183 0.306298070696 0.00311154954064
912 1.44966794 0.0027230215581 0.349488057565 0.00383923013272 0.312244242209 0.00330768730191
913 1.451220102 0.00273001565678 0.341825048135 0.00349196968054 0.309447870922 0.00309896680293
914 1.4532663715 0.00274593987519 0.354822733651 0.00382189611192 0.318028351858 0.00332884846346
915 1.454855025 0.00275296723603 0.35082596182 0.00355518371162 0.317527190767 0.00318925885762
916 1.457049453 0.00277167838252 0.360670179763 0.00397869035395 0.321997344253 0.00341595210041
917 1.4586305855 0.00277885956193 0.352881440081 0.0035174746273 0.320269997546 0.00318318170853
918 1.460883519 0.0027994754398 0.363987408962 0.00388359664372 0.326576249725 0.00340937857358
919 1.462484018 0.00280626842795 0.356670669681 0.00359100505319 0.32344754512 0.00321499347895
920 1.4647401755 0.00282673300247 0.371240201777 0.00390579957233 0.333477676662 0.00347636749223
921 1.466336805 0.00283333971926 0.358360546349 0.00361106177232 0.324957220136 0.00322684192088
922 1.4686019735 0.00285239566478 0.376213523338 0.00405027642426 0.336307282595 0.00357971383902
923 1.470204196 0.0028592893456 0.364935678298 0.00362410740957 0.33140489754 0.00327889044769
924 1.472490337 0.00287888676152 0.385144701817 0.0042744525356 0.342018911256 0.00374188195607
925 1.4741193425 0.00288623548312 0.372758706169 0.00375852395944 0.33733032042 0.00340113434484
926 1.476665338 0.00291156474683 0.391692748199 0.00418343573629 0.350685566349 0.00371095886248
927 1.478340798 0.00291842555731 0.381411371288 0.00387308966749 0.344443164842 0.00351292284321
928 1.4809323125 0.0029434445701 0.400278147236 0.00430730933846 0.356805690042 0.00386986037953
929 1.482646041 0.00295043358521 0.38656807933 0.00386307406142 0.349821238198 0.00353897328731
930 1.4852512645 0.00297551844247 0.398846178333 0.00425600235529 0.356913077387 0.00378786634744
931 1.4869806275 0.00298213104433 0.39192983215 0.00384810775082 0.356029799525 0.00352927095272
932 1.4896180415 0.00300763533893 0.407408226771 0.00424390234998 0.365778764668 0.00383884142966
933 1.4913211255 0.00301445992147 0.399396651771 0.00382089753163 0.364215789003 0.00354120751749
934 1.493965357 0.00303721397406 0.415266696288 0.00418886093823 0.375208980145 0.0038202725028
935 1.495690294 0.00304450373317 0.402437570098 0.00383922826893 0.367002303697 0.00357939000543
936 1.498371782 0.00306562557811 0.42278992406 0.00437542659978 0.379426188116 0.00400618022819
937 1.500218772 0.00307262907167 0.40954694664 0.00391680494918 0.373559094671 0.00362964261043
938 1.503218847 0.00310118804632 0.444204155416 0.00453033339413 0.39953050789 0.00417599728054
939 1.505031377 0.00310829875347 0.427281035594 0.00403506104333 0.389704525331 0.00381319699565
940 1.5080041825 0.00313669162944 0.446273337132 0.00447507662386 0.402274157909 0.00417383211085
941 1.5098619345 0.00314389293487 0.431538458606 0.00402713357708 0.394180184062 0.00383156334346
942 1.513051909 0.00317718899113 0.450802598355 0.00448097011295 0.407212412325 0.00418087020914
943 1.514894616 0.00318314367224 0.437010578559 0.00414576954751 0.398013863191 0.00392809681698
944 1.518152866 0.00321377156778 0.456630451133 0.00456242501269 0.412414006555 0.0042276656888
945 1.520024709 0.00322040485857 0.442805822846 0.00411928661751 0.40521445563 0.00387986000447
946 1.523469582 0.00325168857606 0.469745781996 0.00468100013194 0.423344488858 0.00441120999535
947 1.5253877755 0.00325749062911 0.449110598295 0.00416593417925 0.410613003582 0.00397237271623
948 1.528925464 0.00329368913587 0.471813793076 0.00463178787875 0.426642330957 0.00437260938809
949 1.530903838 0.00329921526373 0.458484795495 0.00421038203431 0.419609421758 0.0040439180884
950 1.534393609 0.00333160837703 0.480365556715 0.00467855904165 0.434912276207 0.00443317636784
951 1.5363941875 0.00333739749247 0.46553010546 0.00429634869743 0.425367104588 0.00414148086787
952 1.54018545 0.00337561382924 0.490300726518 0.00470783190794 0.444751883447 0.00449442716849
953 1.5421778755 0.00338235881193 0.47225335548 0.00416459660772 0.435085021716 0.00403069988979
954 1.5461247885 0.00342121938621 0.501122202211 0.00473690843069 0.45542886935 0.00457105845972
955 1.548109887 0.00342608223781 0.483880111986 0.00430869801861 0.444651689515 0.00419545163607
956 1.5522631105 0.00346518607112 0.510698876294 0.00475089535719 0.465801613587 0.00457754273204
957 1.554299602 0.00347079974893 0.490454319301 0.00423381255169 0.453194394033 0.00412578898099
958 1.5585117075 0.00351412153469 0.514489951618 0.00477282317201 0.469119717881 0.00463009227319
959 1.5605613425 0.00351880424194 0.500958598533 0.004338254933 0.462135461482 0.00426956292212
960 1.565037792 0.00356067170997 0.530426412193 0.00480388474389 0.48518659066 0.0047178468451
961 1.567134149 0.00356462557392 0.512080094545 0.00433141778505 0.473764825663 0.00430562655995
962 1.571796429 0.00361087763799 0.545799611216 0.00484103654975 0.500885767062 0.00478109918107
963 1.5739693725 0.00361608886848 0.523644678913 0.00441668519025 0.484749767019 0.00438589167692
964 1.5788377515 0.00366460991621 0.556504088701 0.00484972035956 0.511932373085 0.00482522354315
965 1.581103922 0.00366934216223 0.53502972576 0.00447210647542 0.495363349981 0.00449676288208
966 1.5862815155 0.00372105929514 0.577560553067 0.00492177594463 0.531508218736 0.00505279618405
967 1.588522246 0.00372518425387 0.553820287076 0.00450953717823 0.514091359402 0.00460876782176
968 1.594287635 0.00378381114061 0.585345495443 0.00490053744107 0.540286964595 0.0050372923131
969 1.5965285655 0.00378676487284 0.565373874931 0.00452096393597 0.526689043583 0.00458544113572
970 1.602530969 0.00384914293937 0.603266366996 0.00489570014453 0.558896548529 0.00511292978615
971 1.6048319855 0.00385244555485 0.58233998254 0.00445890107511 0.544851640392 0.00462345681677
972 1.6114675395 0.00391723466545 0.619341169638 0.00492119658117 0.574724226399 0.00522337707107
973 1.613828066 0.00391944816756 0.590645247823 0.00450301423199 0.552861412954 0.00467823173795
974 1.6203710675 0.00398224002776 0.630228199412 0.00487986462262 0.587581706854 0.0051489260638
975 1.6226919305 0.00398426563848 0.60653057067 0.00454706047093 0.569048825311 0.00472502693548
976 1.6302998965 0.00405942762345 0.639200614226 0.00493042183653 0.596608541529 0.00517256545551
977 1.6326305275 0.00406189420818 0.615704376487 0.00460476460013 0.577934953954 0.00477443551625
978 1.6408361935 0.00414483523188 0.660543618933 0.00496311549879 0.617820897657 0.00529998178771
979 1.643245732 0.00414582647007 0.633928537624 0.00465538218794 0.596032248486 0.0048648737077
980 1.652211123 0.00423965067597 0.677506752767 0.00488887741772 0.636587439224 0.00528293157091
981 1.654652289 0.00424050032009 0.658417245807 0.00450733824286 0.62370531379 0.00478325487259
982 1.6643069245 0.00432341884515 0.705241409176 0.00484902171276 0.665928713339 0.00531676160668
983 1.666833194 0.00432372414525 0.677801387759 0.00452064002577 0.643377014234 0.00485667949799
984 1.678120949 0.00443055304885 0.728408395499 0.00477821635784 0.690814205685 0.00532026444718
985 1.680635857 0.00442895432571 0.704607754586 0.00449901846185 0.67103266843 0.00492952461055
986 1.693448928 0.00455106845224 0.747987825303 0.00468030259731 0.712111998535 0.00531028927494
987 1.6960040385 0.00454861570484 0.727032237874 0.00434929214353 0.695928780098 0.00486534732507
988 1.71002093 0.00467438172261 0.777389030425 0.00446423328287 0.745467510328 0.00514893109024
989 1.712629704 0.00467206654955 0.75609240603 0.00428259604178 0.726279325014 0.00490178492014
990 1.730589219 0.00484015204505 0.804536850221 0.00431721042671 0.774959666158 0.00509176707044
991 1.733191703 0.00483685640113 0.784131790662 0.00411109203303 0.757648483007 0.00471809065416
992 1.755792498 0.00504051656107 0.839202803487 0.00400474924956 0.814614199114 0.0047696810404
993 1.7584817355 0.0050357707355 0.815028944818 0.00394352874627 0.791248576314 0.00458413498763
994 1.7861664245 0.00530131591692 0.870458301663 0.00364614759422 0.850396880414 0.00442842323061
995 1.7889153525 0.00529506592409 0.851246532656 0.00359006130929 0.83216954128 0.00422468353493
996 1.828630146 0.00568009852818 0.913751708302 0.00298215571256 0.900856136559 0.00366391370653
997 1.831300261 0.00567330617241 0.899806164333 0.00298960403575 0.886875816827 0.00362275510738
998 1.9062189905 0.00643632495031 0.964047215319 0.00189035441999 0.958877242418 0.00242747558551
999 1.9087993055 0.00642670133854 0.958856095943 0.00175518913354 0.954580599186 0.00217555724144
