0.008 0.0025158459368861486
0.01 0.009244034821886403
0.012 0.01283623984054617
0.014 0.015629280916273924
0.016 0.01799900004875247
0.018000000000000002 0.020095631800716055
0.020000000000000004 0.0219973383900908
0.022000000000000006 0.023750938959109274
0.024000000000000007 0.02538710321009715
0.02600000000000001 0.026927213546382524
0.02800000000000001 0.02838687971385649
0.030000000000000013 0.02977790918052044
0.032000000000000015 0.031109487971796763
0.034000000000000016 0.03238892925394297
0.03600000000000002 0.033622167133756854
0.03800000000000002 0.034814094794726975
0.04000000000000002 0.03596880304452555
0.04200000000000002 0.03708975286019954
0.044000000000000025 0.03817990298237952
0.04600000000000003 0.03924180608992718
0.04800000000000003 0.040277682557351126
0.05000000000000003 0.041289477638243255
0.05200000000000003 0.042278907048131135
0.054000000000000034 0.04324749270260982
0.056000000000000036 0.044196592008970886
0.05800000000000004 0.04512742154840047
0.06000000000000004 0.046041076570888455
0.06200000000000004 0.046938547151224204
0.06400000000000004 0.04782073167928565
0.06600000000000004 0.04868844820308774
0.06800000000000005 0.049542444021606076
0.07000000000000005 0.05038340388792923
0.07200000000000005 0.051211956930462606
0.07400000000000005 0.052028682804137874
0.07600000000000005 0.05283411672235476
0.07800000000000006 0.05362875413155036
0.08000000000000006 0.054413054582263344
0.08200000000000006 0.05518744519978189
0.08400000000000006 0.05595232372257431
0.08600000000000006 0.05670806118348217
0.08800000000000006 0.0574550042837605
0.09000000000000007 0.058193477501968655
0.09200000000000007 0.05892378497310738
0.09400000000000007 0.05964621216796414
0.09600000000000007 0.06036102742622477
0.09800000000000007 0.06106848316843708
0.10000000000000007 0.06176881739540218
0.10200000000000008 0.0624622545077521
0.10400000000000008 0.06314900644279373
0.10600000000000008 0.06382927355063464
0.10800000000000008 0.06450324541664502
0.11000000000000008 0.06517110161123123
0.11200000000000009 0.0658330123748535
0.11400000000000009 0.06648913924524484
0.11600000000000009 0.06713963563295733
0.11800000000000009 0.06778464735064163
0.12000000000000009 0.06842431310084841
0.1220000000000001 0.06905876492660541
0.1240000000000001 0.06968812862898661
0.12600000000000008 0.07031252415359826
0.12800000000000009 0.07093206594742639
0.1300000000000001 0.0715468633054459
0.1320000000000001 0.07215702067182758
0.1340000000000001 0.07276263794156955
0.1360000000000001 0.07336381073609562
0.1380000000000001 0.07396063066477689
0.1400000000000001 0.07455318557261924
0.1420000000000001 0.07514155977573328
0.1440000000000001 0.07572583428609755
0.1460000000000001 0.07630608702703774
0.1480000000000001 0.07688239304077098
0.1500000000000001 0.07745482468930862
0.1520000000000001 0.07802345184996537
0.1540000000000001 0.07858834210669162
0.1560000000000001 0.07914956093842922
0.1580000000000001 0.07970717190568397
0.16000000000000011 0.08026123683651457
0.16200000000000012 0.08081181601315816
0.16400000000000012 0.08135896836054225
0.16600000000000012 0.08190275163797946
0.16800000000000012 0.08244322263539926
0.17000000000000012 0.08298043737554432
0.17200000000000013 0.08351445132364899
0.17400000000000013 0.08404531960622162
0.17600000000000013 0.08457309724068054
0.17800000000000013 0.08509783937773542
0.18000000000000013 0.08561960155857529
0.18200000000000013 0.08613843998911778
0.18400000000000014 0.08665441183379338
0.18600000000000014 0.08716757553159171
0.18800000000000014 0.08767799112873043
0.19000000000000014 0.088185720691852
0.19200000000000014 0.08869082862375895
0.19400000000000014 0.08919338218864441
0.19600000000000015 0.08969345194859162
0.19800000000000015 0.09019111229817701
0.20000000000000015 0.09068644204235822
0.20200000000000015 0.0911795250327292
0.20400000000000015 0.09167036242615195
0.20600000000000016 0.09215922725016887
0.20800000000000016 0.09264622295947135
0.21000000000000016 0.09313128455846996
0.21200000000000016 0.09361462170114257
0.21400000000000016 0.09409636617647744
0.21600000000000016 0.09457666163846519
0.21800000000000017 0.09505566505763074
0.22000000000000017 0.09553354833819995
0.22200000000000017 0.0960105001210936
0.22400000000000017 0.09648672779530522
0.22600000000000017 0.09696245974279785
0.22800000000000017 0.0974379478448562
0.23000000000000018 0.09791347028082514
0.23200000000000018 0.09838933465333392
0.23400000000000018 0.09886588147737442
0.23600000000000018 0.09934348807389548
0.23800000000000018 0.09982257291174057
0.24000000000000019 0.10030360044460573
0.2420000000000002 0.10078708649178975
0.2440000000000002 0.10127360421379535
0.2460000000000002 0.10176379073053776
0.2480000000000002 0.10225835443235434
0.25000000000000017 0.10275808302357495
0.25200000000000017 0.10326385233121775
0.25400000000000017 0.10377663589463053
0.25600000000000017 0.10429751534942784
0.2580000000000002 0.10482769141755142
0.2600000000000002 0.10536849585772906
0.2620000000000002 0.10592140348860933
0.2640000000000002 0.10648804484367679
0.2660000000000002 0.10707021842041273
0.2680000000000002 0.10766990281631116
0.2700000000000002 0.1082892673771932
0.2720000000000002 0.10893068112299605
0.2740000000000002 0.1095967186272271
0.2760000000000002 0.11029016225078886
0.2780000000000002 0.11101399838236238
0.2800000000000002 0.11177140763343164
0.2820000000000002 0.11256574607954847
0.2840000000000002 0.11340051727387078
0.2860000000000002 0.11427933337727439
0.2880000000000002 0.11520586504868895
0.2900000000000002 0.11618378024590185
0.2920000000000002 0.11721667327699685
0.2940000000000002 0.11830798633797415
0.2960000000000002 0.11946092720709565
0.2980000000000002 0.12067838757994073
0.3000000000000002 0.12196286732014167
0.3020000000000002 0.1233164098241302
0.3040000000000002 0.12474055326533891
0.3060000000000002 0.12623630121515653
0.3080000000000002 0.127804114400793
0.3100000000000002 0.12944392361740853
0.3120000000000002 0.1311551617746721
0.3140000000000002 0.1329368115897919
0.3160000000000002 0.13478746499096142
0.3180000000000002 0.1367053888000557
0.32000000000000023 0.13868859295325717
0.32200000000000023 0.14073489694691987
0.32400000000000023 0.1428419916818247
0.32600000000000023 0.14500749466085874
0.32800000000000024 0.14722899728646302
0.33000000000000024 0.14950410423425803
0.33200000000000024 0.15183046452831536
0.33400000000000024 0.15420579549010593
0.33600000000000024 0.15662790009220254
0.33800000000000024 0.15909467867848406
0.34000000000000025 0.16160413619037894
0.34200000000000025 0.1641543856384444
0.34400000000000025 0.16674364852155096
0.34600000000000025 0.1693702533604276
0.34800000000000025 0.1720326323204506
0.35000000000000026 0.17472931695740077
0.35200000000000026 0.17745893307576033
0.35400000000000026 0.18022019525156815
0.35600000000000026 0.18301190112498825
0.35800000000000026 0.18583292568427143
0.36000000000000026 0.18868221564718807
0.36200000000000027 0.1915587840383849
0.36400000000000027 0.19446170502070087
0.36600000000000027 0.19739010900789572
0.36800000000000027 0.20034317808744054
0.3700000000000003 0.20332014175703983
0.3720000000000003 0.2063202729695406
0.3740000000000003 0.20934288448328486
0.3760000000000003 0.2123873254918523
0.3780000000000003 0.21545297858822932
0.3800000000000003 0.21853925683614098
0.3820000000000003 0.22164560128425323
0.3840000000000003 0.22477147854903134
0.3860000000000003 0.22791637866800296
0.3880000000000003 0.23107981312742362
0.3900000000000003 0.23426131306527265
0.3920000000000003 0.23746042763633143
0.3940000000000003 0.24067672251083483
0.3960000000000003 0.2439097785181358
0.3980000000000003 0.24715919040327472
0.4000000000000003 0.2504245656931172
0.4020000000000003 0.253705523663712
0.4040000000000003 0.2570016943972167
0.4060000000000003 0.2603127179250659
0.4080000000000003 0.26363824339919306
0.4100000000000003 0.26697792850034985
0.4120000000000003 0.2703314386081482
0.4140000000000003 0.27369844633001933
0.4160000000000003 0.2770786308958024
0.4180000000000003 0.28047167766736425
0.4200000000000003 0.2838772776822392
0.4220000000000003 0.28729512722771233
0.4240000000000003 0.2907249274546099
0.4260000000000003 0.29416638402680517
0.4280000000000003 0.2976192067878728
0.4300000000000003 0.301083109471262
0.43200000000000033 0.3045578094216967
0.43400000000000033 0.3080430273443498
0.43600000000000033 0.31153848707625537
0.43800000000000033 0.31504391536577286
0.44000000000000034 0.31855904169005306
0.44200000000000034 0.322083598064679
0.44400000000000034 0.32561731888237944
0.44600000000000034 0.3291599407620094
0.44800000000000034 0.3327112024093084
0.45000000000000034 0.3362708444775137
0.45200000000000035 0.33983860947278416
0.45400000000000035 0.34341424162169865
0.45600000000000035 0.346997486782203
0.45800000000000035 0.35058809234970945
0.46000000000000035 0.35418580717338005
0.46200000000000035 0.35779038147699493
0.46400000000000036 0.36140156678830154
0.46600000000000036 0.36501911587290164
0.46800000000000036 0.3686427826746772
0.47000000000000036 0.37227232223295076
0.47200000000000036 0.3759074907680007
0.47400000000000037 0.379548045363311
0.47600000000000037 0.3831937441937017
0.47800000000000037 0.3868443463524635
0.48000000000000037 0.390499611840473
0.4820000000000004 0.39415930154690265
0.4840000000000004 0.39782317719713683
0.4860000000000004 0.4014910013437816
0.4880000000000004 0.40516253733808183
0.4900000000000004 0.4088375493033849
0.4920000000000004 0.4125158021335173
0.4940000000000004 0.41619706145324453
0.4960000000000004 0.419881093626338
0.4980000000000004 0.4235676657027709
0.5000000000000003 0.42725654545907726
0.5020000000000003 0.43094750135196197
0.5040000000000003 0.4346403025158139
0.5060000000000003 0.43833471876437136
0.5080000000000003 0.4420305205819513
0.5100000000000003 0.44572747911044913
0.5120000000000003 0.44942536615262657
0.5140000000000003 0.4531239541667334
0.5160000000000003 0.4568230162692492
0.5180000000000003 0.46052232622039113
0.5200000000000004 0.4642216584434101
0.5220000000000004 0.4679207880070082
0.5240000000000004 0.47161949064230174
0.5260000000000004 0.4753175427329115
0.5280000000000004 0.4790147213162206
0.5300000000000004 0.4827108041034124
0.5320000000000004 0.4864055694646507
0.5340000000000004 0.49009879643832355
0.5360000000000004 0.49379026474143706
0.5380000000000004 0.4974797547762815
0.5400000000000004 0.5011670474949431
0.5420000000000004 0.5048519250394563
0.5440000000000004 0.5085341695166122
0.5460000000000004 0.512213564231881
0.5480000000000004 0.5158898930614717
0.5500000000000004 0.5195629406199486
0.5520000000000004 0.5232324922369449
0.5540000000000004 0.5268983339803318
0.5560000000000004 0.5305602526593151
0.5580000000000004 0.5342180358341982
0.5600000000000004 0.537871471820603
0.5620000000000004 0.5415203491865325
0.5640000000000004 0.5451644593463475
0.5660000000000004 0.5488035913944681
0.5680000000000004 0.552437537283802
0.5700000000000004 0.556066089261167
0.5720000000000004 0.5596890403798389
0.5740000000000004 0.5633061845154255
0.5760000000000004 0.5669173163757092
0.5780000000000004 0.5705222315080108
0.5800000000000004 0.5741207263101731
0.5820000000000004 0.5777125980400053
0.5840000000000004 0.5812976448245563
0.5860000000000004 0.5848756656701649
0.5880000000000004 0.5884464604723946
0.5900000000000004 0.592009830024797
0.5920000000000004 0.5955655760235947
0.5940000000000004 0.599113501112899
0.5960000000000004 0.6026534088183145
0.5980000000000004 0.606185103636334
0.6000000000000004 0.6097083910037849
0.6020000000000004 0.6132230773143106
0.6040000000000004 0.6167289699302723
0.6060000000000004 0.6202258771912579
0.6080000000000004 0.6237136084251682
0.6100000000000004 0.627191973955649
0.6120000000000004 0.6306607851153547
0.6140000000000004 0.634119854251826
0.6160000000000004 0.6375689947400287
0.6180000000000004 0.6410080209907462
0.6200000000000004 0.6444367484603236
0.6220000000000004 0.6478549936604334
0.6240000000000004 0.6512625741666691
0.6260000000000004 0.6546593086287401
0.6280000000000004 0.658045016781246
0.6300000000000004 0.6614195194501821
0.6320000000000005 0.6647826385628566
0.6340000000000005 0.6681341971576644
0.6360000000000005 0.6714740193951263
0.6380000000000005 0.6748019305619573
0.6400000000000005 0.6781177570847751
0.6420000000000005 0.6814213265376987
0.6440000000000005 0.6847124676486099
0.6460000000000005 0.6879910103102771
0.6480000000000005 0.6912567855897601
0.6500000000000005 0.6945096257317155
0.6520000000000005 0.697749364167364
0.6540000000000005 0.7009758355602818
0.6560000000000005 0.7041888757215377
0.6580000000000005 0.7073883217199474
0.6600000000000005 0.7105740118304488
0.6620000000000005 0.7137457855689765
0.6640000000000005 0.716903483679776
0.6660000000000005 0.7200469481570093
0.6680000000000005 0.7231760222535883
0.6700000000000005 0.7262905504717451
0.6720000000000005 0.7293903785950824
0.6740000000000005 0.7324753536744371
0.6760000000000005 0.7355453240456755
0.6780000000000005 0.7386001393549452
0.6800000000000005 0.7416396505014955
0.6820000000000005 0.744663709735467
0.6840000000000005 0.7476721705881013
0.6860000000000005 0.7506648879218428
0.6880000000000005 0.7536417179202924
0.6900000000000005 0.7566025180980345
0.6920000000000005 0.7595471473087798
0.6940000000000005 0.7624754657476795
0.6960000000000005 0.7653873349472036
0.6980000000000005 0.7682826178419028
0.7000000000000005 0.7711611786598367
0.7020000000000005 0.7740228830422134
0.7040000000000005 0.7768675979918958
0.7060000000000005 0.7796951918652781
0.7080000000000005 0.7825055344919357
0.7100000000000005 0.7852984969617886
0.7120000000000005 0.7880739518424319
0.7140000000000005 0.7908317730804539
0.7160000000000005 0.7935718360278744
0.7180000000000005 0.7962940174432666
0.7200000000000005 0.7989981955025341
0.7220000000000005 0.8016842497924147
0.7240000000000005 0.8043520613296974
0.7260000000000005 0.8070015125575344
0.7280000000000005 0.8096324873431863
0.7300000000000005 0.8122448709978219
0.7320000000000005 0.8148385501840448
0.7340000000000005 0.8174134133363093
0.7360000000000005 0.8199693498473392
0.7380000000000005 0.8225062508820284
0.7400000000000005 0.8250240089812603
0.7420000000000005 0.8275225181423052
0.7440000000000005 0.8300016738205935
0.7460000000000006 0.8324613729354762
0.7480000000000006 0.834901513872717
0.7500000000000006 0.837321996486345
0.7520000000000006 0.8397227221059721
0.7540000000000006 0.8421035935287231
0.7560000000000006 0.8444645150314226
0.7580000000000006 0.8468053923711033
0.7600000000000006 0.8491261327840824
0.7620000000000006 0.8514266449914939
0.7640000000000006 0.8537068391988794
0.7660000000000006 0.8559666270936077
0.7680000000000006 0.8582059218630561
0.7700000000000006 0.8604246381755742
0.7720000000000006 0.8626226921919189
0.7740000000000006 0.8648000015728854
0.7760000000000006 0.8669564854627622
0.7780000000000006 0.8690920645086684
0.7800000000000006 0.8712066608515915
0.7820000000000006 0.8733001981280416
0.7840000000000006 0.8753726014767089
0.7860000000000006 0.8774237975294455
0.7880000000000006 0.8794537144299516
0.7900000000000006 0.8814622817789375
0.7920000000000006 0.883449430740003
0.7940000000000006 0.8854150939293604
0.7960000000000006 0.8873592054827495
0.7980000000000006 0.889281701024846
0.8000000000000006 0.8911825176858997
0.8020000000000006 0.8930615940908242
0.8040000000000006 0.8949188703653905
0.8060000000000006 0.8967542881319015
0.8080000000000006 0.8985677905076537
0.8100000000000006 0.900359322109345
0.8120000000000006 0.9021288290457428
0.8140000000000006 0.9038762589206163
0.8160000000000006 0.9056015608279766
0.8180000000000006 0.907304685357704
0.8200000000000006 0.9089855845841142
0.8220000000000006 0.9106442120733973
0.8240000000000006 0.9122805228684012
0.8260000000000006 0.913894473530231
0.8280000000000006 0.9154860220535177
0.8300000000000006 0.9170551279459671
0.8320000000000006 0.9186017521864923
0.8340000000000006 0.9201258572301358
0.8360000000000006 0.9216274070061091
0.8380000000000006 0.9231063669159987
0.8400000000000006 0.9245627038270112
0.8420000000000006 0.9259963860781452
0.8440000000000006 0.9274073834686797
0.8460000000000006 0.9287956672588352
0.8480000000000006 0.9301612101670986
0.8500000000000006 0.9315039863641962
0.8520000000000006 0.9328239714762304
0.8540000000000006 0.934121142575091
0.8560000000000006 0.9353954781781584
0.8580000000000007 0.936646958242651
0.8600000000000007 0.9378755641620027
0.8620000000000007 0.939081278768721
0.8640000000000007 0.9402640863186129
0.8660000000000007 0.941423972497542
0.8680000000000007 0.942560924411473
0.8700000000000007 0.9436749305890222
0.8720000000000007 0.9447659809574687
0.8740000000000007 0.9458340668691563
0.8760000000000007 0.946879181071511
0.8780000000000007 0.947901317726812
0.8800000000000007 0.9489004723711284
0.8820000000000007 0.9498766419419427
0.8840000000000007 0.9508298247715337
0.8860000000000007 0.9517600205583542
0.8880000000000007 0.9526672303814594
0.8900000000000007 0.9535514566954477
0.8920000000000007 0.9544127033155279
0.8940000000000007 0.9552509754193594
0.8960000000000007 0.9560662795392912
0.8980000000000007 0.9568586235575535
0.9000000000000007 0.9576280166985154
0.9020000000000007 0.9583744695303834
0.9040000000000007 0.9590979939444922
0.9060000000000007 0.95979860316846
0.9080000000000007 0.9604763117478873
0.9100000000000007 0.9611311355385239
0.9120000000000007 0.9617630917101835
0.9140000000000007 0.9623721987387532
0.9160000000000007 0.9629584763838664
0.9180000000000007 0.9635219457135267
0.9200000000000007 0.9640626290589517
0.9220000000000007 0.9645805500391972
0.9240000000000007 0.965075733552638
0.9260000000000007 0.9655482057485206
0.9280000000000007 0.9659979940387867
0.9300000000000007 0.9664251270792233
0.9320000000000007 0.9668296347942663
0.9340000000000007 0.967211548311803
0.9360000000000007 0.9675709000028705
0.9380000000000007 0.9679077234814569
0.9400000000000007 0.968222053542241
0.9420000000000007 0.968513926203971
0.9440000000000007 0.9687833787066974
0.9460000000000007 0.9690304494488494
0.9480000000000007 0.9692551780365
0.9500000000000007 0.9694576052480417
0.9520000000000007 0.9696377730573763
0.9540000000000007 0.9697957245590703
0.9560000000000007 0.9699315040206322
0.9580000000000007 0.9700451569054506
0.9600000000000007 0.9701367297362242
0.9620000000000007 0.9702062702104814
0.9640000000000007 0.9702538271869463
0.9660000000000007 0.970279450566748
0.9680000000000007 0.9702831914112845
0.9700000000000008 0.9702651018674389
0.9720000000000008 0.9702252351763577
0.9740000000000008 0.9701636456696353
0.9760000000000008 0.9700803887264974
0.9780000000000008 0.9699755208832832
0.9800000000000008 0.9698490996089218
0.9820000000000008 0.9697011834784532
0.9840000000000008 0.9695318322074458
0.9860000000000008 0.9693411063706574
0.9880000000000008 0.9691290676823282
0.9900000000000008 0.9688957788531739
0.9920000000000008 0.9686413035913802
0.9940000000000008 0.9683657066207664
0.9960000000000008 0.9680690536408745
0.9980000000000008 0.9677514113446906
1.0000000000000007 0.9674128473974213
1.0020000000000007 0.9670534304321071
1.0040000000000007 0.9666732300236239
1.0060000000000007 0.9662723167182534
1.0080000000000007 0.9658507619841318
1.0100000000000007 0.9654086382206928
1.0120000000000007 0.9649460187578529
1.0140000000000007 0.9644629778281404
1.0160000000000007 0.9639595905717859
1.0180000000000007 0.9634359330168826
1.0200000000000007 0.9628920820809608
1.0220000000000007 0.9623281155547322
1.0240000000000007 0.9617441120969045
1.0260000000000007 0.9611401512210925
1.0280000000000007 0.9605163132895501
1.0300000000000007 0.9598726795113157
1.0320000000000007 0.9592093318899504
1.0340000000000007 0.9585263533016356
1.0360000000000007 0.9578238273968078
1.0380000000000007 0.9571018386377086
1.0400000000000007 0.9563604722758297
1.0420000000000007 0.9555998143467024
1.0440000000000007 0.9548199516595862
1.0460000000000007 0.954020971783871
1.0480000000000007 0.9532029630421679
1.0500000000000007 0.9523660145139762
1.0520000000000007 0.9515102159972882
1.0540000000000007 0.950635658022659
1.0560000000000007 0.9497424318372178
1.0580000000000007 0.9488306293934109
1.0600000000000007 0.9479003433415429
1.0620000000000007 0.9469516670193313
1.0640000000000007 0.9459846944437318
1.0660000000000007 0.9449995202938639
1.0680000000000007 0.9439962399266844
1.0700000000000007 0.9429749492933466
1.0720000000000007 0.941935745069235
1.0740000000000007 0.9408787244977028
1.0760000000000007 0.9398039854575121
1.0780000000000007 0.9387116264416767
1.0800000000000007 0.9376017465425153
1.0820000000000007 0.9364744454439489
1.0840000000000007 0.9353298234131554
1.0860000000000007 0.9341679812874804
1.0880000000000007 0.932989020464872
1.0900000000000007 0.9317930429029614
1.0920000000000007 0.9305801510970992
1.0940000000000007 0.929350448080174
1.0960000000000008 0.9281040374040871
1.0980000000000008 0.9268410231264389
1.1000000000000008 0.9255615098594479
1.1020000000000008 0.9242656026423886
1.1040000000000008 0.9229534070419865
1.1060000000000008 0.921625029083709
1.1080000000000008 0.9202805752709968
1.1100000000000008 0.9189201525594346
1.1120000000000008 0.9175438683548429
1.1140000000000008 0.916151830499095
1.1160000000000008 0.914744147261879
1.1180000000000008 0.9133209273351611
1.1200000000000008 0.911882279818111
1.1220000000000008 0.9104283142125438
1.1240000000000008 0.9089591404049371
1.1260000000000008 0.9074748686723721
1.1280000000000008 0.9059756096569769
1.1300000000000008 0.9044614743660472
1.1320000000000008 0.9029325741590818
1.1340000000000008 0.9013890207400874
1.1360000000000008 0.899830926147038
1.1380000000000008 0.8982584027437627
1.1400000000000008 0.896671563208659
1.1420000000000008 0.8950705205295355
1.1440000000000008 0.8934553879876727
1.1460000000000008 0.891826279155371
1.1480000000000008 0.8901833078828209
1.1500000000000008 0.888526588287281
1.1520000000000008 0.8868562347520942
1.1540000000000008 0.8851723619092426
1.1560000000000008 0.8834750846318801
1.1580000000000008 0.8817645180306776
1.1600000000000008 0.8800407774347463
1.1620000000000008 0.8783039783925526
1.1640000000000008 0.8765542366576355
1.1660000000000008 0.8747916681802971
1.1680000000000008 0.8730163891006651
1.1700000000000008 0.8712285157380039
1.1720000000000008 0.869428164580446
1.1740000000000008 0.8676154522838255
1.1760000000000008 0.8657904956487867
1.1780000000000008 0.8639534116288118
1.1800000000000008 0.8621043173024417
1.1820000000000008 0.8602433298855948
1.1840000000000008 0.8583705667048593
1.1860000000000008 0.8564861452049871
1.1880000000000008 0.8545901829256211
1.1900000000000008 0.8526827975011314
1.1920000000000008 0.8507641066507683
1.1940000000000008 0.8488342281653758
1.1960000000000008 0.8468932799082656
1.1980000000000008 0.8449413797966465
1.2000000000000008 0.8429786458019803
1.2020000000000008 0.8410051959425396
1.2040000000000008 0.8390211482557947
1.2060000000000008 0.8370266208272921
1.2080000000000009 0.8350217317412549
1.2100000000000009 0.8330065990974121
1.2120000000000009 0.8309813409988517
1.2140000000000009 0.8289460755423027
1.2160000000000009 0.8269009208067363
1.2180000000000009 0.8248459948531502
1.2200000000000009 0.8227814157075232
1.2220000000000009 0.8207073013661557
1.2240000000000009 0.8186237697699212
1.2260000000000009 0.8165309388148255
1.2280000000000009 0.8144289263257936
1.2300000000000009 0.8123178500673126
1.2320000000000009 0.8101978277156007
1.2340000000000009 0.8080689768675113
1.2360000000000009 0.8059314150593502
1.2380000000000009 0.8037852596629501
1.2400000000000009 0.8016306280230275
1.2420000000000009 0.799467637284895
1.2440000000000009 0.7972964045553478
1.2460000000000009 0.7951170467486015
1.2480000000000009 0.7929296806742664
1.2500000000000009 0.7907344229968336
1.252000000000001 0.7885313902280308
1.254000000000001 0.7863206987183174
1.256000000000001 0.7841024646620052
1.258000000000001 0.7818768040785283
1.260000000000001 0.7796438328085094
1.262000000000001 0.77740366651045
1.264000000000001 0.7751564206532041
1.266000000000001 0.772902210497934
1.268000000000001 0.7706411511147333
1.270000000000001 0.7683733573540148
1.272000000000001 0.766098943844989
1.274000000000001 0.7638180250060732
1.276000000000001 0.7615307150119547
1.278000000000001 0.7592371277620329
1.280000000000001 0.7569373770871617
1.282000000000001 0.7546315763029763
1.284000000000001 0.7523198386454472
1.286000000000001 0.7500022770449644
1.288000000000001 0.7476790041636872
1.290000000000001 0.74535013238995
1.292000000000001 0.7430157738308208
1.294000000000001 0.7406760403070536
1.296000000000001 0.7383310433495566
1.298000000000001 0.7359808940773763
1.300000000000001 0.7336257037480571
1.302000000000001 0.7312655826501975
1.304000000000001 0.7289006411929223
1.306000000000001 0.7265309893662847
1.308000000000001 0.7241567368191557
1.310000000000001 0.7217779928778683
1.312000000000001 0.7193948665295202
1.314000000000001 0.7170074664206179
1.316000000000001 0.7146159008471324
1.318000000000001 0.712220277755035
1.320000000000001 0.7098207047264552
1.322000000000001 0.7074172889872598
1.324000000000001 0.7050101371586006
1.326000000000001 0.7025993564225451
1.328000000000001 0.7001850521849659
1.330000000000001 0.697767330393361
1.332000000000001 0.695346296383605
1.334000000000001 0.6929220550960031
1.336000000000001 0.6904947110734757
1.338000000000001 0.6880643684539675
1.340000000000001 0.6856311309801124
1.342000000000001 0.6831951019591489
1.344000000000001 0.6807563843265287
1.346000000000001 0.678315080545565
1.348000000000001 0.675871292688802
1.350000000000001 0.6734251223921472
1.352000000000001 0.6709766708584884
1.354000000000001 0.6685260388550776
1.356000000000001 0.6660733267067953
1.358000000000001 0.6636186342942785
1.360000000000001 0.6611620610491152
1.362000000000001 0.6587037059523747
1.364000000000001 0.6562436675242129
1.366000000000001 0.653782043828199
1.368000000000001 0.6513189324625313
1.370000000000001 0.648854430555058
1.372000000000001 0.6463886347729861
1.374000000000001 0.643921641292646
1.376000000000001 0.641453545821952
1.378000000000001 0.6389844435857869
1.380000000000001 0.6365144293190984
1.382000000000001 0.6340435972831959
1.384000000000001 0.6315720412255984
1.386000000000001 0.6290998544143055
1.388000000000001 0.6266271296146555
1.390000000000001 0.6241539590881269
1.392000000000001 0.6216804346072292
1.394000000000001 0.619206647413321
1.396000000000001 0.6167326882537949
1.398000000000001 0.6142586473599172
1.400000000000001 0.6117846144466952
1.402000000000001 0.6093106787114587
1.404000000000001 0.6068369288302051
1.406000000000001 0.604363452955426
1.408000000000001 0.601890338714107
1.410000000000001 0.5994176732040157
1.412000000000001 0.5969455429919605
1.414000000000001 0.5944740341115264
1.416000000000001 0.5920032320610178
1.418000000000001 0.5895332218011559
1.420000000000001 0.5870640877516023
1.422000000000001 0.5845959137895069
1.424000000000001 0.5821287832476607
1.426000000000001 0.5796627789144594
1.428000000000001 0.5771979830292959
1.430000000000001 0.5747344772795864
1.432000000000001 0.5722723427681891
1.434000000000001 0.5698116601786843
1.436000000000001 0.5673525094371927
1.438000000000001 0.5648949700467703
1.440000000000001 0.5624391209178107
1.442000000000001 0.5599850404009703
1.444000000000001 0.557532806281997
1.446000000000001 0.555082495787548
1.448000000000001 0.5526341855749062
1.450000000000001 0.550187951739842
1.452000000000001 0.5477438698049638
1.454000000000001 0.5453020147274416
1.456000000000001 0.5428624608926479
1.458000000000001 0.5404252821160717
1.460000000000001 0.5379905516411121
1.462000000000001 0.5355583421353733
1.464000000000001 0.5331287256933727
1.466000000000001 0.5307017738345403
1.468000000000001 0.5282775574993327
1.470000000000001 0.5258561470584256
1.472000000000001 0.5234376122948396
1.474000000000001 0.5210220224216958
1.476000000000001 0.5186094460598882
1.478000000000001 0.516199951269061
1.480000000000001 0.5137936055113224
1.482000000000001 0.5113904756777274
1.484000000000001 0.5089906280761026
1.486000000000001 0.5065941284249245
1.488000000000001 0.5042010418646206
1.490000000000001 0.5018114329582508
1.492000000000001 0.49942536568696155
1.494000000000001 0.49704290342411594
1.496000000000001 0.4946641085119168
1.498000000000001 0.492289044616567
1.500000000000001 0.4899177719371698
1.5020000000000011 0.48755035199404706
1.5040000000000011 0.48518684528027045
1.5060000000000011 0.4828273116803504
1.5080000000000011 0.48047181048794013
1.5100000000000011 0.47812040042379056
1.5120000000000011 0.47577313964150425
1.5140000000000011 0.4734300856722096
1.5160000000000011 0.47109129551041506
1.5180000000000011 0.46875682552355286
1.5200000000000011 0.46642673152377956
1.5220000000000011 0.4641010687319929
1.5240000000000011 0.4617798917858654
1.5260000000000011 0.45946325475515476
1.5280000000000011 0.4571512111072895
1.5300000000000011 0.4548438137435719
1.5320000000000011 0.45254111498176386
1.5340000000000011 0.45024316656125135
1.5360000000000011 0.4479500196423957
1.5380000000000011 0.4456617248057731
1.5400000000000011 0.443378332066156
1.5420000000000011 0.44109989084109413
1.5440000000000011 0.43882644998817205
1.5460000000000012 0.4365580577906405
1.5480000000000012 0.4342947619506263
1.5500000000000012 0.4320366096021787
1.5520000000000012 0.4297836473056555
1.5540000000000012 0.4275359210532745
1.5560000000000012 0.425293476263658
1.5580000000000012 0.4230563577896101
1.5600000000000012 0.42082460991665505
1.5620000000000012 0.4185982763624109
1.5640000000000012 0.4163774002789753
1.5660000000000012 0.4141620242563256
1.5680000000000012 0.41195219032000935
1.5700000000000012 0.4097479399349016
1.5720000000000012 0.4075493140072923
1.5740000000000012 0.4053563528850846
1.5760000000000012 0.4031690963471874
1.5780000000000012 0.4009875836368046
1.5800000000000012 0.3988118534288658
1.5820000000000012 0.3966419438484624
1.5840000000000012 0.39447789247048615
1.5860000000000012 0.39231973631822015
1.5880000000000012 0.39016751186720555
1.5900000000000012 0.3880212550471899
1.5920000000000012 0.38588100124174063
1.5940000000000012 0.3837467852914584
1.5960000000000012 0.3816186414957989
1.5980000000000012 0.3794966036134107
1.6000000000000012 0.3773807048650579
1.6020000000000012 0.37527097793428144
1.6040000000000012 0.3731674549719251
1.6060000000000012 0.37107016759285755
1.6080000000000012 0.3689791468890112
1.6100000000000012 0.36689442341179446
1.6120000000000012 0.36481602719270606
1.6140000000000012 0.36274398773739236
1.6160000000000012 0.3606783340271299
1.6180000000000012 0.35861909452654894
1.6200000000000012 0.3565662971660215
1.6220000000000012 0.354519969379527
1.6240000000000012 0.35248013807532463
1.6260000000000012 0.35044682964922885
1.6280000000000012 0.34842006998595315
1.6300000000000012 0.3463998844678162
1.6320000000000012 0.3443862979527697
1.6340000000000012 0.3423793348191722
1.6360000000000012 0.34037901893367184
1.6380000000000012 0.3383853736416419
1.6400000000000012 0.33639842182818475
1.6420000000000012 0.33441818585879624
1.6440000000000012 0.3324446876116386
1.6460000000000012 0.3304779484742981
1.6480000000000012 0.32851798934601084
1.6500000000000012 0.3265648306391458
1.6520000000000012 0.32461849228351236
1.6540000000000012 0.32267899372723435
1.6560000000000012 0.32074635393937734
1.6580000000000013 0.3188205914124797
1.6600000000000013 0.31690172416625895
1.6620000000000013 0.3149897697459556
1.6640000000000013 0.3130847452293887
1.6660000000000013 0.3111866672290369
1.6680000000000013 0.3092955518918229
1.6700000000000013 0.3074114149030023
1.6720000000000013 0.3055342714893175
1.6740000000000013 0.3036641364209307
1.6760000000000013 0.3018010240135349
1.6780000000000013 0.2999449481322751
1.6800000000000013 0.29809592219286113
1.6820000000000013 0.2962539591651628
1.6840000000000013 0.2944190715755744
1.6860000000000013 0.2925912715097859
1.6880000000000013 0.2907705706137796
1.6900000000000013 0.2889569801003845
1.6920000000000013 0.2871505107470755
1.6940000000000013 0.2853511729057372
1.6960000000000013 0.2835589764908463
1.6980000000000013 0.28177393100488174
1.7000000000000013 0.2799960455190494
1.7020000000000013 0.27822532868770056
1.7040000000000013 0.2764617887491243
1.7060000000000013 0.2747054335284389
1.7080000000000013 0.27295627043734977
1.7100000000000013 0.2712143064801611
1.7120000000000013 0.2694795482581076
1.7140000000000013 0.2677520019643026
1.7160000000000013 0.26603167339609435
1.7180000000000013 0.2643185679533472
1.7200000000000013 0.2626126906402555
1.7220000000000013 0.2609140460656145
1.7240000000000013 0.2592226384604773
1.7260000000000013 0.257538471657823
1.7280000000000013 0.25586154911350917
1.7300000000000013 0.2541918739013952
1.7320000000000013 0.2525294487230553
1.7340000000000013 0.2508742758945996
1.7360000000000013 0.24922635714007738
1.7380000000000013 0.24758569473248823
1.7400000000000013 0.2459522891958054
1.7420000000000013 0.24432614161027272
1.7440000000000013 0.24270725247527525
1.7460000000000013 0.24109562191973535
1.7480000000000013 0.23949124972546482
1.7500000000000013 0.2378941353195272
1.7520000000000013 0.2363042777876042
1.7540000000000013 0.23472167585732756
1.7560000000000013 0.23314632792098325
1.7580000000000013 0.23157823203144734
1.7600000000000013 0.2300173859010718
1.7620000000000013 0.22846378690006985
1.7640000000000013 0.22691743209705492
1.7660000000000013 0.2253783182034446
1.7680000000000013 0.223846441602179
1.7700000000000014 0.22232179837062932
1.7720000000000014 0.22080438426052484
1.7740000000000014 0.2192941947050278
1.7760000000000014 0.21779122483529634
1.7780000000000014 0.21629546942262912
1.7800000000000014 0.2148069230119668
1.7820000000000014 0.21332557977718297
1.7840000000000014 0.21185143361265746
1.7860000000000014 0.2103844781127122
1.7880000000000014 0.20892470657270107
1.7900000000000014 0.2074721119948627
1.7920000000000014 0.20602668706514904
1.7940000000000014 0.20458842428401403
1.7960000000000014 0.20315731571132076
1.7980000000000014 0.20173335322917485
1.8000000000000014 0.20031652841543077
1.8020000000000014 0.19890683256500732
1.8040000000000014 0.19750425670815394
1.8060000000000014 0.19610879160477737
1.8080000000000014 0.19472042772212927
1.8100000000000014 0.19333915530188162
1.8120000000000014 0.19196496429564056
1.8140000000000014 0.19059784440557062
1.8160000000000014 0.18923778507360706
1.8180000000000014 0.1878847754949724
1.8200000000000014 0.18653880459135525
1.8220000000000014 0.18519986107515227
1.8240000000000014 0.1838679333753257
1.8260000000000014 0.182543009699085
1.8280000000000014 0.1812250780092471
1.8300000000000014 0.17991412602794507
1.8320000000000014 0.17861014125430413
1.8340000000000014 0.17731311094905258
1.8360000000000014 0.17602302213478713
1.8380000000000014 0.1747398616216743
1.8400000000000014 0.17346361599221935
1.8420000000000014 0.17219427160537332
1.8440000000000014 0.170931814616903
1.8460000000000014 0.1696762309439914
1.8480000000000014 0.1684275063112718
1.8500000000000014 0.16718562622485567
1.8520000000000014 0.1659505759869278
1.8540000000000014 0.1647223406951057
1.8560000000000014 0.16350090524618557
1.8580000000000014 0.16228625433809823
1.8600000000000014 0.1610783724723384
1.8620000000000014 0.1598772439564273
1.8640000000000014 0.15868285291345222
1.8660000000000014 0.15749518326883047
1.8680000000000014 0.156314218769368
1.8700000000000014 0.1551399429761158
1.8720000000000014 0.15397233927233855
1.8740000000000014 0.1528113908627109
1.8760000000000014 0.1516570807775467
1.8780000000000014 0.15050939187440684
1.8800000000000014 0.14936830684160252
1.8820000000000014 0.14823380820037851
1.8840000000000015 0.14710587830697588
1.8860000000000015 0.14598449935629768
1.8880000000000015 0.14486965338350352
1.8900000000000015 0.14376132226679855
1.8920000000000015 0.14265948773043813
1.8940000000000015 0.1415641313460484
1.8960000000000015 0.14047523453675825
1.8980000000000015 0.139392778577991
1.9000000000000015 0.13831674460130017
1.9020000000000015 0.13724711359597733
1.9040000000000015 0.1361838664118599
1.9060000000000015 0.13512698376173546
1.9080000000000015 0.13407644622383424
1.9100000000000015 0.13303223424382782
1.9120000000000015 0.13199432813792952
1.9140000000000015 0.13096270809437574
1.9160000000000015 0.12993735417715332
1.9180000000000015 0.12891824632642387
1.9200000000000015 0.12790536436279942
1.9220000000000015 0.12689868798848503
1.9240000000000015 0.1258981967896684
1.9260000000000015 0.12490387024011375
1.9280000000000015 0.12391568770121766
1.9300000000000015 0.12293362842846338
1.9320000000000015 0.12195767156405371
1.9340000000000015 0.12098779615424773
1.9360000000000015 0.120023981137621
1.9380000000000015 0.11906620535715022
1.9400000000000015 0.11811444755035197
1.9420000000000015 0.11716868637139032
1.9440000000000015 0.11622890036856871
1.9460000000000015 0.1152950680106242
1.9480000000000015 0.11436716766722817
1.9500000000000015 0.11344517762770677
1.9520000000000015 0.11252907609726925
1.9540000000000015 0.11161884119484483
1.9560000000000015 0.11071445096040089
1.9580000000000015 0.10981588335685268
1.9600000000000015 0.10892311627003873
1.9620000000000015 0.10803612751197411
1.9640000000000015 0.1071548864716645
1.9660000000000015 0.10627939587122964
1.9680000000000015 0.10540960826013888
1.9700000000000015 0.10454550952563857
1.9720000000000015 0.10368707713943125
1.9740000000000015 0.10283428851148742
1.9760000000000015 0.10198712099200312
1.9780000000000015 0.10114555187299952
1.9800000000000015 0.10030955839027457
1.9820000000000015 0.09947911772553486
1.9840000000000015 0.0986542070081519
1.9860000000000015 0.097834803317346
1.9880000000000015 0.09702088368365737
1.9900000000000015 0.09621242509114902
1.9920000000000015 0.09540940447881398
1.9940000000000015 0.09461179874268547
1.9960000000000016 0.09381958473849726
1.9980000000000016 0.09303273928191404
2.0000000000000013 0.09225123915123817
2.002000000000001 0.09147506108927958
2.004000000000001 0.09070418180467014
2.0060000000000007 0.08993857797418438
2.0080000000000005 0.08917822624324981
2.0100000000000002 0.08842310322993645
2.012 0.08767318552425181
2.014 0.0869284496913408
2.0159999999999996 0.08618887227231985
2.0179999999999993 0.08545442978682694
2.019999999999999 0.08472509873362884
2.021999999999999 0.08400085559324544
2.0239999999999987 0.08328167682881898
2.0259999999999985 0.08256753888809697
2.0279999999999982 0.0818584182047898
2.029999999999998 0.08115429120141043
2.031999999999998 0.08045513429124797
2.0339999999999976 0.07976092386882036
2.0359999999999974 0.07907163632524056
2.037999999999997 0.07838724806607313
2.039999999999997 0.07770773545958959
2.0419999999999967 0.07703307489000213
2.0439999999999965 0.07636324273763727
2.0459999999999963 0.07569821537612208
2.047999999999996 0.07503796918513747
2.049999999999996 0.07438248055112699
2.0519999999999956 0.07373172585903173
2.0539999999999954 0.07308568149599606
2.055999999999995 0.0724443238653683
2.057999999999995 0.07180762937350182
2.0599999999999947 0.07117557443376712
2.0619999999999945 0.07054813547393847
2.0639999999999943 0.06992528893679952
2.065999999999994 0.06930701127107454
2.067999999999994 0.06869327894888756
2.0699999999999936 0.06808406845131101
2.0719999999999934 0.06747935628121521
2.073999999999993 0.06687911895450094
2.075999999999993 0.0662833330242569
2.0779999999999927 0.06569197503913143
2.0799999999999925 0.0651050215874127
2.0819999999999923 0.06452244927605633
2.083999999999992 0.06394423473898903
2.085999999999992 0.06337035463288089
2.0879999999999916 0.06280078564362483
2.0899999999999914 0.06223550448511487
2.091999999999991 0.06167448790056453
2.093999999999991 0.0611177126633341
2.0959999999999908 0.06056515557891417
2.0979999999999905 0.06001679348546988
2.0999999999999903 0.05947260325460515
2.10199999999999 0.05893256179332349
2.10399999999999 0.05839664604428393
2.1059999999999897 0.05786483298693868
2.1079999999999894 0.05733709963916199
2.109999999999989 0.056813423057706605
2.111999999999989 0.05629378033898069
2.1139999999999888 0.05577814862120806
2.1159999999999886 0.05526650508299681
2.1179999999999883 0.05475882694875044
2.119999999999988 0.054255091483506546
2.121999999999988 0.05375527509378268
2.1239999999999877 0.05325935785081665
2.1259999999999875 0.052767314444354195
2.1279999999999872 0.052279123230143144
2.129999999999987 0.051794761706928955
2.131999999999987 0.05131420742374767
2.1339999999999866 0.05083743798302028
2.1359999999999864 0.05036443102977953
2.137999999999986 0.04989516426440316
2.139999999999986 0.049429615449681025
2.1419999999999857 0.04896776238489584
2.1439999999999855 0.048509582937888755
2.1459999999999853 0.04805505502083766
2.147999999999985 0.04760415660685533
2.149999999999985 0.04715686572311427
2.1519999999999846 0.046713160469262466
2.1539999999999844 0.046273018975210294
2.155999999999984 0.04583641944908819
2.157999999999984 0.045403340153301754
2.1599999999999837 0.04497375941344719
2.1619999999999835 0.04454765560446814
2.1639999999999833 0.044125007179838416
2.165999999999983 0.04370579264374006
2.167999999999983 0.04328999056624422
2.1699999999999826 0.04287757958032199
2.1719999999999824 0.042468538383702285
2.173999999999982 0.04206284573792609
2.175999999999982 0.04166048047045772
2.1779999999999817 0.04126142147427135
2.1799999999999815 0.04086564770894689
2.1819999999999813 0.040473138200718885
2.183999999999981 0.04008387204391751
2.185999999999981 0.03969782840053313
2.1879999999999806 0.039314986501505104
2.1899999999999804 0.03893532564668976
2.19199999999998 0.038558825205536704
2.19399999999998 0.038185464617940756
2.1959999999999797 0.03781522339443386
2.1979999999999795 0.0374480811166116
2.1999999999999793 0.03708401743768936
2.201999999999979 0.03672301208283732
2.203999999999979 0.036365044850460354
2.2059999999999786 0.03601009561070086
2.2079999999999784 0.035658144308653765
2.209999999999978 0.03530917096089347
2.211999999999978 0.034963155661193825
2.2139999999999778 0.034620078576653536
2.2159999999999775 0.03427991994763108
2.2179999999999773 0.0339426600928939
2.219999999999977 0.03360827940533963
2.221999999999977 0.03327675835308477
2.2239999999999767 0.03294807748438186
2.2259999999999764 0.03262221742013291
2.227999999999976 0.032299158860643135
2.229999999999976 0.03197888258311505
2.231999999999976 0.03166136944267692
2.2339999999999756 0.0313466003294409
2.2359999999999753 0.03103455638452117
2.237999999999975 0.03072521856857421
2.239999999999975 0.03041856809427848
2.2419999999999747 0.030114586210172004
2.2439999999999745 0.02981325424391352
2.2459999999999742 0.02951455360352359
2.247999999999974 0.029218465776849143
2.249999999999974 0.028924972331779458
2.2519999999999736 0.028634054916598588
2.2539999999999734 0.028345695260654225
2.255999999999973 0.0280598751737614
2.257999999999973 0.027776576546657824
2.2599999999999727 0.02749578135248642
2.2619999999999725 0.027217471643700874
2.2639999999999723 0.02694162955702606
2.265999999999972 0.026668237308925754
2.267999999999972 0.02639727719837998
2.2699999999999716 0.026128731607116137
2.2719999999999714 0.025862582997860484
2.273999999999971 0.02559881391746986
2.275999999999971 0.025337406993081797
2.2779999999999707 0.02507834493694069
2.2799999999999705 0.024821610541793698
2.2819999999999703 0.024567186684596332
2.28399999999997 0.024315056324798544
2.28599999999997 0.024065202503366467
2.2879999999999696 0.023817608350307024
2.2899999999999694 0.02357225707037047
2.291999999999969 0.023329131957172185
2.293999999999969 0.023088216386156244
2.2959999999999687 0.02284949381603427
2.2979999999999685 0.02261294778935403
2.2999999999999683 0.02237856193187164
2.301999999999968 0.022146319952634136
2.303999999999968 0.02191620564481484
2.3059999999999676 0.02168820288469817
2.3079999999999674 0.021462295632453814
2.309999999999967 0.021238467931588643
2.311999999999967 0.02101670390936236
2.3139999999999668 0.02079698777664007
2.3159999999999665 0.020579303827798188
2.3179999999999663 0.020363636440883497
2.319999999999966 0.02014997007742913
2.321999999999966 0.019938289282556716
2.3239999999999656 0.01972857868481079
2.3259999999999654 0.01952082299623712
2.327999999999965 0.01931500701247192
2.329999999999965 0.019111115612004497
2.3319999999999648 0.018909133757418088
2.3339999999999645 0.01870904649385903
2.3359999999999643 0.018510838949906905
2.337999999999964 0.018314496337664746
2.339999999999964 0.01812000395111418
2.3419999999999637 0.017927347168515198
2.3439999999999634 0.017736511450205966
2.3459999999999632 0.01754748233998974
2.347999999999963 0.017360245463493847
2.349999999999963 0.01717478652942268
2.3519999999999626 0.016991091328930733
2.3539999999999623 0.01680914573572092
2.355999999999962 0.01662893570472719
2.357999999999962 0.016450447274547336
2.3599999999999617 0.01627366656509788
2.3619999999999615 0.016098579777356844
2.3639999999999612 0.015925173195211913
2.365999999999961 0.015753433183750595
2.367999999999961 0.015583346189129219
2.3699999999999606 0.015414898739516555
2.3719999999999604 0.015248077443738323
2.37399999999996 0.015082868991798226
2.37599999999996 0.014919260154449662
2.3779999999999597 0.014757237783098067
2.3799999999999595 0.01459678880974893
2.3819999999999593 0.014437900246797468
2.383999999999959 0.01428055918657194
2.385999999999959 0.01412475280156727
2.3879999999999586 0.01397046834405642
2.3899999999999584 0.013817693145803491
2.391999999999958 0.013666414618152498
2.393999999999958 0.013516620252136268
2.3959999999999577 0.013368297615598951
2.3979999999999575 0.013221434358884954
2.3999999999999573 0.013076018207575315
2.401999999999957 0.012932036967507447
2.403999999999957 0.012789478522462159
2.4059999999999566 0.012648330833764057
2.4079999999999564 0.012508581940847141
2.409999999999956 0.012370219960633295
2.411999999999956 0.01223323308724556
2.4139999999999557 0.012097609592088726
2.4159999999999555 0.01196333782336902
2.4179999999999553 0.01183040620535164
2.419999999999955 0.01169880324038307
2.421999999999955 0.01156851750602428
2.4239999999999546 0.011439537654260135
2.4259999999999544 0.011311852414835115
2.427999999999954 0.011185450591134197
2.429999999999954 0.011060321064430056
2.4319999999999538 0.010936452790792441
2.4339999999999535 0.010813834796116858
2.4359999999999533 0.010692456185569127
2.437999999999953 0.010572306137065805
2.439999999999953 0.01045337390248941
2.4419999999999527 0.010335648807303087
2.4439999999999524 0.010219120246650164
2.445999999999952 0.010103777705049747
2.447999999999952 0.009989610712553833
2.4499999999999518 0.009876608893856647
2.4519999999999516 0.009764761937625582
2.4539999999999513 0.009654059605655883
2.455999999999951 0.009544491732194054
2.457999999999951 0.009436048220306067
2.4599999999999507 0.009328719049222152
2.4619999999999505 0.009222494263914154
2.4639999999999502 0.00911736398305883
2.46599999999995 0.00901331839465423
2.46799999999995 0.008910347757364486
2.4699999999999496 0.008808442399093768
2.4719999999999493 0.00870759271745671
2.473999999999949 0.008607789179307655
2.475999999999949 0.00850902232023655
2.4779999999999487 0.00841128274495028
2.4799999999999485 0.008314561125578438
2.4819999999999482 0.008218848203573473
2.483999999999948 0.008124134786815092
2.485999999999948 0.008030411751318613
2.4879999999999476 0.00793767004014884
2.4899999999999474 0.007845900663149167
2.491999999999947 0.0077550946968074535
2.493999999999947 0.007665243283786126
2.4959999999999467 0.007576337632416653
2.4979999999999465 0.007488369017120404
2.4999999999999463 0.00740132877736731
2.501999999999946 0.0073152083176724145
2.503999999999946 0.007229999107267433
2.5059999999999456 0.007145692679823097
2.5079999999999454 0.007062280633084768
2.509999999999945 0.006979754628372728
2.511999999999945 0.006898106390811262
2.5139999999999447 0.006817327708535529
2.5159999999999445 0.006737410432446655
2.5179999999999443 0.006658346476224405
2.519999999999944 0.006580127815424779
2.521999999999944 0.006502746487687641
2.5239999999999436 0.006426194592479093
2.5259999999999434 0.006350464290284939
2.527999999999943 0.006275547802096739
2.529999999999943 0.006201437410722053
2.5319999999999427 0.006128125458235326
2.5339999999999425 0.006055604347274787
2.5359999999999423 0.005983866540016526
2.537999999999942 0.005912904558094836
2.539999999999942 0.005842710982146934
2.5419999999999416 0.00577327845150458
2.5439999999999414 0.005704599664163533
2.545999999999941 0.0056366673760443325
2.547999999999941 0.005569474400949981
2.5499999999999408 0.005503013610167702
2.5519999999999405 0.00543727793216029
2.5539999999999403 0.005372260352149512
2.55599999999994 0.0053079539119897596
2.55799999999994 0.00524435170978331
2.5599999999999397 0.00518144689949346
2.5619999999999394 0.005119232690638669
2.563999999999939 0.005057702348044084
2.565999999999939 0.0049968491914624946
2.5679999999999388 0.00493666659530598
2.5699999999999386 0.004877147988285715
2.5719999999999383 0.0048182868531308955
2.573999999999938 0.004760076726249161
2.575999999999938 0.004702511197403419
2.5779999999999377 0.0046455839094657
2.5799999999999375 0.004589288557984982
2.5819999999999372 0.004533618890958587
2.583999999999937 0.004478568708527862
2.585999999999937 0.0044241318625879884
2.5879999999999366 0.004370302256117197
2.5899999999999364 0.004317073844422137
2.591999999999936 0.004264440633124962
2.593999999999936 0.0042123966767498265
2.5959999999999357 0.004160936082631043
2.5979999999999355 0.004110053006711679
2.5999999999999353 0.004059741654693327
2.601999999999935 0.0040099962816052045
2.603999999999935 0.003960811191398118
2.6059999999999346 0.003912180736855253
2.6079999999999344 0.003864099319020996
2.609999999999934 0.00381656138704748
2.611999999999934 0.003769561437825202
2.6139999999999337 0.0037230940157248703
2.6159999999999335 0.0036771537122040478
2.6179999999999333 0.003631735165646043
2.619999999999933 0.0035868330609273038
2.621999999999933 0.003542442128961669
2.6239999999999326 0.003498557147065515
2.6259999999999324 0.0034551729378213994
2.627999999999932 0.003412284369136728
2.629999999999932 0.0033698863540585267
2.6319999999999317 0.003327973850385808
2.6339999999999315 0.0032865418601050744
2.6359999999999313 0.003245585429645614
2.637999999999931 0.0032050996490456366
2.639999999999931 0.003165079652045355
2.6419999999999306 0.003125520615320558
2.6439999999999304 0.003086417758878096
2.64599999999993 0.003047766345124952
2.64799999999993 0.003009561678876856
2.6499999999999297 0.0029717991070132123
2.6519999999999295 0.0029344740181568418
2.6539999999999293 0.00289758184246864
2.655999999999929 0.0028611180512721017
2.657999999999929 0.002825078156794669
2.6599999999999286 0.0027894577118029833
2.6619999999999284 0.0027542523095893745
2.663999999999928 0.00271945758320068
2.665999999999928 0.00268506920571976
2.6679999999999278 0.0026510828895650877
2.6699999999999275 0.0026174943863592334
2.6719999999999273 0.0025842994866297434
2.673999999999927 0.002551494019585458
2.675999999999927 0.0025190738527285997
2.6779999999999267 0.002487034891645253
2.6799999999999264 0.0024553730778097732
2.681999999999926 0.002424084398003596
2.683999999999926 0.0023931648644668216
2.685999999999926 0.002362610534349843
2.6879999999999256 0.0023324174994609473
2.6899999999999253 0.0023025818880642195
2.691999999999925 0.002273099864620379
2.693999999999925 0.0022439676293268
2.6959999999999247 0.0022151814181833327
2.6979999999999245 0.002186737502460588
2.6999999999999242 0.0021586321885273814
2.701999999999924 0.002130861817574813
2.703999999999924 0.002103422765270894
2.7059999999999236 0.0020763114417720685
2.7079999999999234 0.002049524291114495
2.709999999999923 0.002023057791176865
2.711999999999923 0.0019969084531940304
2.7139999999999227 0.001971072821910599
2.7159999999999225 0.0019455474749395538
2.7179999999999223 0.0019203290226554048
2.719999999999922 0.0018954141079422712
2.721999999999922 0.0018707994056234394
2.7239999999999216 0.0018464816235897157
2.7259999999999214 0.0018224574999085475
2.727999999999921 0.0017987238051603866
2.729999999999921 0.0017752773409594352
2.7319999999999207 0.0017521149397711358
2.7339999999999205 0.0017292334649914127
2.7359999999999203 0.0017066298104289686
2.73799999999992 0.001684300900159195
2.73999999999992 0.0016622436882994607
2.7419999999999196 0.001640455158743601
2.7439999999999194 0.0016189323249355043
2.745999999999919 0.001597672229507957
2.747999999999919 0.0015766719443407419
2.7499999999999187 0.0015559285700735823
2.7519999999999185 0.0015354392359129582
2.7539999999999183 0.0015152010994869689
2.755999999999918 0.001495211346430589
2.757999999999918 0.0014754671904886195
2.7599999999999176 0.001455965872945434
2.7619999999999174 0.0014367046624838538
2.763999999999917 0.0014176808551459412
2.765999999999917 0.0013988917738775814
2.7679999999999167 0.0013803347684128897
2.7699999999999165 0.0013620072150476782
2.7719999999999163 0.001343906516766424
2.773999999999916 0.0013260301011227959
2.775999999999916 0.0013083754239150483
2.7779999999999156 0.0012909399649924864
2.7799999999999154 0.0012737212301132416
2.781999999999915 0.001256716750254055
2.783999999999915 0.0012399240813655925
2.7859999999999148 0.0012233408043053158
2.7879999999999145 0.0012069645244295814
2.7899999999999143 0.001190792871657618
2.791999999999914 0.001174823499763799
2.793999999999914 0.001159054086846852
2.7959999999999137 0.001143482334617837
2.7979999999999134 0.0011281059683764256
2.7999999999999132 0.0011129227367219928
2.801999999999913 0.0010979304115266769
2.803999999999913 0.0010831267875142721
2.8059999999999126 0.001068509682236099
2.8079999999999123 0.001054076935739638
2.809999999999912 0.0010398264105070168
2.811999999999912 0.0010257559911440377
2.8139999999999117 0.0010118635842081987
2.8159999999999115 0.0009981471180898064
2.8179999999999112 0.0009846045427086537
2.819999999999911 0.0009712338294081837
2.821999999999911 0.0009580329707431879
2.8239999999999106 0.0009449999802639906
2.8259999999999104 0.0009321328923620504
2.82799999999991 0.0009194297610728533
2.82999999999991 0.0009068886648632848
2.8319999999999097 0.0008945076954529341
2.8339999999999095 0.000882284971826631
2.8359999999999093 0.0008702186286317231
2.837999999999909 0.0008583068224486648
2.839999999999909 0.0008465477262691212
2.8419999999999086 0.0008349395344473963
2.8439999999999084 0.000823480463816574
2.845999999999908 0.0008121687427514448
2.847999999999908 0.0008010026270583217
2.8499999999999077 0.0007899803836636185
2.8519999999999075 0.0007791003011821612
2.8539999999999073 0.0007683606900152154
2.855999999999907 0.0007577598719888389
2.857999999999907 0.0007472961913915499
2.8599999999999066 0.000736968009243905
2.8619999999999064 0.0007267737030390425
2.863999999999906 0.0007167116724984384
2.865999999999906 0.0007067803264222236
2.8679999999999057 0.0006969781002676633
2.8699999999999055 0.0006873034369594389
2.8719999999999053 0.0006777548046872365
2.873999999999905 0.0006683306847669733
2.875999999999905 0.0006590295725354513
2.8779999999999046 0.0006498499834446691
2.8799999999999044 0.0006407904479210229
2.881999999999904 0.0006318495112157977
2.883999999999904 0.0006230257382660277
2.8859999999999038 0.0006143177060730544
2.8879999999999035 0.0006057240084722253
2.8899999999999033 0.0005972432547277833
2.891999999999903 0.0005888740695167074
2.893999999999903 0.00058061509263969
2.8959999999999027 0.0005724649790029921
2.8979999999999024 0.0005644223982256947
2.899999999999902 0.0005564860348595925
2.901999999999902 0.0005486545879993558
2.9039999999999018 0.0005409267711812753
2.9059999999999016 0.000533301312271186
2.9079999999999013 0.0005257769534547562
2.909999999999901 0.0005183524505121091
2.911999999999901 0.0005110265735709298
2.9139999999999007 0.0005037981065332856
2.9159999999999004 0.000496665846738826
2.9179999999999002 0.0004896286050509983
2.9199999999999 0.0004826852057399483
2.9219999999999 0.00047583448636000014
2.9239999999998996 0.00046907529750721115
2.9259999999998993 0.0004624065027799416
2.927999999999899 0.00045582697861115223
2.929999999999899 0.0004493356139912609
2.9319999999998987 0.0004429313112196583
2.9339999999998985 0.000436612983972142
2.9359999999998982 0.0004303795590007332
2.937999999999898 0.000424229975098751
2.939999999999898 0.0004181631831121355
2.9419999999998976 0.0004121781459694617
2.9439999999998974 0.0004062738381182432
2.945999999999897 0.0004004492466997751
2.947999999999897 0.0003947033691026983
2.9499999999998967 0.00038903521513497833
2.9519999999998965 0.0003834438054604497
2.9539999999998963 0.00037792817314724955
2.955999999999896 0.00037248736074591574
2.957999999999896 0.0003671204229164417
2.9599999999998956 0.0003618264250302337
2.9619999999998954 0.00035660444324708265
2.963999999999895 0.0003514535640537506
2.965999999999895 0.0003463728860187179
2.9679999999998947 0.00034136151552071795
2.9699999999998945 0.0003364185725385058
2.9719999999998943 0.00033154318398947763
2.973999999999894 0.0003267344903150126
2.975999999999894 0.0003219916385898744
2.9779999999998936 0.00031731378890165874
2.9799999999998934 0.0003127001094390004
2.981999999999893 0.00030814977865184425
2.983999999999893 0.00030366198429874515
2.9859999999998927 0.00029923592477213904
2.9879999999998925 0.00029487080526923956
2.9899999999998923 0.0002905658438721533
2.991999999999892 0.0002863202656072043
2.993999999999892 0.0002821333052370233
2.9959999999998916 0.0002780042065611309
2.9979999999998914 0.00027393222235266016
2.999999999999891 0.0002699166142587578
3.001999999999891 0.0002659566526827999
3.0039999999998908 0.00026205161671221744
3.0059999999998905 0.00025820079400012063
