0.021526705308 0.000225390146913
0.0226381159239 0.0
0.0237495265398 0.000225390146913
0.0248609371557 0.0
0.0259723477717 0.0
0.0270837583876 0.0
0.0281951690035 0.0
0.0293065796194 0.000450780293826
0.0304179902354 0.000225390146913
0.0315294008513 0.0
0.0326408114672 0.000225390146913
0.0337522220831 0.000225390146913
0.034863632699 0.0
0.035975043315 0.0
0.0370864539309 0.000225390146913
0.0381978645468 0.0
0.0393092751627 0.000225390146913
0.0404206857787 0.000225390146913
0.0415320963946 0.0
0.0426435070105 0.000450780293826
0.0437549176264 0.000225390146913
0.0448663282424 0.000225390146913
0.0459777388583 0.0
0.0470891494742 0.000225390146913
0.0482005600901 0.0
0.0493119707061 0.00067617044074
0.050423381322 0.0
0.0515347919379 0.0
0.0526462025538 0.000901560587653
0.0537576131698 0.0
0.0548690237857 0.000225390146913
0.0559804344016 0.00112695073457
0.0570918450175 0.000225390146913
0.0582032556335 0.00067617044074
0.0593146662494 0.00067617044074
0.0604260768653 0.00067617044074
0.0615374874812 0.00067617044074
0.0626488980971 0.00112695073457
0.0637603087131 0.00067617044074
0.064871719329 0.00067617044074
0.0659831299449 0.00112695073457
0.0670945405608 0.000901560587653
0.0682059511768 0.000450780293826
0.0693173617927 0.000450780293826
0.0704287724086 0.000901560587653
0.0715401830245 0.00157773102839
0.0726515936405 0.00135234088148
0.0737630042564 0.00202851132222
0.0748744148723 0.00157773102839
0.0759858254882 0.00135234088148
0.0770972361042 0.000901560587653
0.0782086467201 0.00293007190987
0.079320057336 0.00315546205679
0.0804314679519 0.00225390146913
0.0815428785679 0.00247929161605
0.0826542891838 0.00315546205679
0.0837656997997 0.00293007190987
0.0848771104156 0.00293007190987
0.0859885210315 0.00135234088148
0.0870999316475 0.00225390146913
0.0882113422634 0.00293007190987
0.0893227528793 0.00360624235061
0.0904341634952 0.00202851132222
0.0915455741112 0.00405702264444
0.0926569847271 0.005183973379
0.093768395343 0.00473319308518
0.0948798059589 0.0033808522037
0.0959912165749 0.00608553396666
0.0971026271908 0.00495858323209
0.0982140378067 0.0067617044074
0.0993254484226 0.00653631426048
0.100436859039 0.00811404528888
0.101548269654 0.00811404528888
0.10265968027 0.00766326499505
0.103771090886 0.00924099602344
0.104882501502 0.0121710679333
0.105993912118 0.0119456777864
0.107105322734 0.00991716646418
0.10821673335 0.0144249694024
0.109328143966 0.0114948974926
0.110439554582 0.0148757496963
0.111550965198 0.0157773102839
0.112662375814 0.0171296511654
0.11377378643 0.0153265299901
0.114885197046 0.0153265299901
0.115996607661 0.0216374541037
0.117108018277 0.0200597230753
0.118219428893 0.0182566019
0.119330839509 0.0247929161605
0.120442250125 0.0193835526345
0.121553660741 0.0232151851321
0.122665071357 0.023440575279
0.123776481973 0.0241167457197
0.124887892589 0.0243421358666
0.125999303205 0.0281737683642
0.127110713821 0.0220882343975
0.128222124437 0.0256944767481
0.129333535053 0.0304276698333
0.130444945669 0.0277229880703
0.131556356284 0.0297514993925
0.1326677669 0.0313292304209
0.133779177516 0.0315546205679
0.134890588132 0.0308784501271
0.136001998748 0.0297514993925
0.137113409364 0.0326815713024
0.13822481998 0.0333577417432
0.139336230596 0.0342593023308
0.140447641212 0.0335831318901
0.141559051828 0.0347100826246
0.142670462444 0.0374147643876
0.14378187306 0.0331323515962
0.144893283676 0.0374147643876
0.146004694291 0.0374147643876
0.147116104907 0.0385417151222
0.148227515523 0.0329069614493
0.149338926139 0.0374147643876
0.150450336755 0.041471787032
0.151561747371 0.0369639840938
0.152673157987 0.0410210067382
0.153784568603 0.0430495180604
0.154895979219 0.038992495416
0.156007389835 0.0401194461506
0.157118800451 0.0437256885012
0.158230211067 0.046655760411
0.159341621683 0.0421479574728
0.160453032298 0.0421479574728
0.161564442914 0.0423733476197
0.16267585353 0.0471065407049
0.163787264146 0.0430495180604
0.164898674762 0.0392178855629
0.166010085378 0.0398940560036
0.167121495994 0.0498112224678
0.16823290661 0.0473319308518
0.169344317226 0.0446272490888
0.170455727842 0.0482334914394
0.171567138458 0.0471065407049
0.172678549074 0.046655760411
0.17378995969 0.0425987377666
0.174901370305 0.0547698056999
0.176012780921 0.0473319308518
0.177124191537 0.0444018589419
0.178235602153 0.052065123937
0.179347012769 0.0480081012925
0.180458423385 0.0486842717333
0.181569834001 0.0435002983543
0.182681244617 0.0561221465814
0.183792655233 0.0529666845246
0.184904065849 0.0462049801172
0.186015476465 0.0529666845246
0.187126887081 0.05183973379
0.188238297697 0.0543190254061
0.189349708312 0.0516143436431
0.190461118928 0.0554459761407
0.191572529544 0.0552205859937
0.19268394016 0.0549951958468
0.193795350776 0.052065123937
0.194906761392 0.0525159042308
0.196018172008 0.0495858323209
0.197129582624 0.0561221465814
0.19824099324 0.057023707169
0.199352403856 0.0547698056999
0.200463814472 0.0581506579036
0.201575225088 0.0567983170221
0.202686635704 0.0543190254061
0.203798046319 0.0590522184913
0.204909456935 0.0540936352592
0.206020867551 0.0538682451123
0.207132278167 0.0540936352592
0.208243688783 0.0617569002542
0.209355099399 0.0592776086382
0.210466510015 0.0590522184913
0.211577920631 0.057249097316
0.212689331247 0.0581506579036
0.213800741863 0.0619822904011
0.214912152479 0.0574744874629
0.216023563095 0.0583760480505
0.217134973711 0.0606299495197
0.218246384326 0.0635600214295
0.219357794942 0.0586014381974
0.220469205558 0.0595029987851
0.221580616174 0.064912362311
0.22269202679 0.0637854115764
0.223803437406 0.0576998776098
0.224914848022 0.0662647031925
0.226026258638 0.059728388932
0.227137669254 0.0669408736332
0.22824907987 0.0631092411357
0.229360490486 0.0644615820172
0.230471901102 0.0613061199604
0.231583311718 0.0628838509888
0.232694722334 0.0640108017234
0.233806132949 0.0617569002542
0.234917543565 0.064912362311
0.236028954181 0.0601791692258
0.237140364797 0.0691947751024
0.238251775413 0.0646869721641
0.239363186029 0.0653631426048
0.240474596645 0.0640108017234
0.241586007261 0.0626584608419
0.242697417877 0.0658139228987
0.243808828493 0.0694201652493
0.244920239109 0.0667154834863
0.246031649725 0.0667154834863
0.247143060341 0.0660393130456
0.248254470956 0.0653631426048
0.249365881572 0.0642361918703
0.250477292188 0.0687439948085
0.251588702804 0.0651377524579
0.25270011342 0.0725756273061
0.253811524036 0.0606299495197
0.254922934652 0.0671662637801
0.256034345268 0.0698709455431
0.257145755884 0.0705471159838
0.2582571665 0.0682932145147
0.259368577116 0.0680678243678
0.260479987732 0.067617044074
0.261591398348 0.0737025780406
0.262702808963 0.0723502371591
0.263814219579 0.0698709455431
0.264925630195 0.0689693849554
0.266037040811 0.0730264075999
0.267148451427 0.07009633569
0.268259862043 0.0691947751024
0.269371272659 0.0662647031925
0.270482683275 0.0698709455431
0.271594093891 0.0721248470122
0.272705504507 0.0741533583345
0.273816915123 0.0698709455431
0.274928325739 0.0718994568653
0.276039736355 0.072801017453
0.27715114697 0.0691947751024
0.278262557586 0.0685186046616
0.279373968202 0.0705471159838
0.280485378818 0.0806896725949
0.281596789434 0.0698709455431
0.28270820005 0.0739279681875
0.283819610666 0.0739279681875
0.284931021282 0.0712232864246
0.286042431898 0.0687439948085
0.287153842514 0.0775342105382
0.28826525313 0.0757310893628
0.289376663746 0.0730264075999
0.290488074362 0.0766326499505
0.291599484977 0.0770834302443
0.292710895593 0.0709978962777
0.293822306209 0.0694201652493
0.294933716825 0.0775342105382
0.296045127441 0.0755056992159
0.297156538057 0.0773088203912
0.298267948673 0.0784357711258
0.299379359289 0.0743787484814
0.300490769905 0.072801017453
0.301602180521 0.0759564795098
0.302713591137 0.0721248470122
0.303825001753 0.0694201652493
0.304936412369 0.0784357711258
0.306047822984 0.0734771878937
0.3071592336 0.0813658430357
0.308270644216 0.0766326499505
0.309382054832 0.0768580400974
0.310493465448 0.0768580400974
0.311604876064 0.0791119415665
0.31271628668 0.075280309069
0.313827697296 0.0737025780406
0.314939107912 0.0759564795098
0.316050518528 0.0755056992159
0.317161929144 0.0759564795098
0.31827333976 0.0773088203912
0.319384750376 0.0775342105382
0.320496160991 0.0786611612727
0.321607571607 0.0782103809789
0.322718982223 0.0709978962777
0.323830392839 0.0773088203912
0.324941803455 0.0791119415665
0.326053214071 0.0775342105382
0.327164624687 0.0854228656801
0.328276035303 0.0802388923011
0.329387445919 0.0775342105382
0.330498856535 0.0766326499505
0.331610267151 0.0768580400974
0.332721677767 0.0813658430357
0.333833088383 0.0773088203912
0.334944498998 0.0721248470122
0.336055909614 0.0797881120073
0.33716732023 0.0761818696567
0.338278730846 0.0759564795098
0.339390141462 0.0773088203912
0.340501552078 0.0822674036233
0.341612962694 0.0791119415665
0.34272437331 0.0775342105382
0.343835783926 0.0748295287752
0.344947194542 0.0759564795098
0.346058605158 0.0768580400974
0.347170015774 0.0782103809789
0.34828142639 0.0788865514196
0.349392837006 0.0748295287752
0.350504247621 0.0899306686184
0.351615658237 0.075280309069
0.352727068853 0.0764072598036
0.353838479469 0.0777596006851
0.354949890085 0.0806896725949
0.356061300701 0.0811404528888
0.357172711317 0.0797881120073
0.358284121933 0.0775342105382
0.359395532549 0.0766326499505
0.360506943165 0.0786611612727
0.361618353781 0.0712232864246
0.362729764397 0.0813658430357
0.363841175013 0.0795627218604
0.364952585628 0.0755056992159
0.366063996244 0.0788865514196
0.36717540686 0.0795627218604
0.368286817476 0.0743787484814
0.369398228092 0.0797881120073
0.370509638708 0.0811404528888
0.371621049324 0.0784357711258
0.37273245994 0.0806896725949
0.373843870556 0.0766326499505
0.374955281172 0.0788865514196
0.376066691788 0.0770834302443
0.377178102404 0.0757310893628
0.37828951302 0.0764072598036
0.379400923635 0.0784357711258
0.380512334251 0.0764072598036
0.381623744867 0.080464282448
0.382735155483 0.0757310893628
0.383846566099 0.0755056992159
0.384957976715 0.0840705247986
0.386069387331 0.0730264075999
0.387180797947 0.0757310893628
0.388292208563 0.0725756273061
0.389403619179 0.0743787484814
0.390515029795 0.0791119415665
0.391626440411 0.0761818696567
0.392737851027 0.0737025780406
0.393849261642 0.0809150627418
0.394960672258 0.0741533583345
0.396072082874 0.0737025780406
0.39718349349 0.0709978962777
0.398294904106 0.0768580400974
0.399406314722 0.0698709455431
0.400517725338 0.0748295287752
0.401629135954 0.0746041386283
0.40274054657 0.0721248470122
0.403851957186 0.0741533583345
0.404963367802 0.0761818696567
0.406074778418 0.0714486765715
0.407186189034 0.07009633569
0.408297599649 0.0768580400974
0.409409010265 0.0682932145147
0.410520420881 0.0689693849554
0.411631831497 0.0730264075999
0.412743242113 0.0723502371591
0.413854652729 0.0748295287752
0.414966063345 0.067617044074
0.416077473961 0.0705471159838
0.417188884577 0.0678424342209
0.418300295193 0.0721248470122
0.419411705809 0.0680678243678
0.420523116425 0.0671662637801
0.421634527041 0.0714486765715
0.422745937656 0.0680678243678
0.423857348272 0.0687439948085
0.424968758888 0.064912362311
0.426080169504 0.0637854115764
0.42719158012 0.0680678243678
0.428302990736 0.0664900933394
0.429414401352 0.067617044074
0.430525811968 0.0640108017234
0.431637222584 0.0628838509888
0.4327486332 0.0694201652493
0.433860043816 0.0610807298135
0.434971454432 0.0599537790789
0.436082865048 0.0644615820172
0.437194275663 0.0658139228987
0.438305686279 0.0595029987851
0.439417096895 0.0658139228987
0.440528507511 0.0588268283444
0.441639918127 0.0574744874629
0.442751328743 0.0644615820172
0.443862739359 0.0576998776098
0.444974149975 0.0579252677567
0.446085560591 0.0581506579036
0.447196971207 0.0626584608419
0.448308381823 0.0617569002542
0.449419792439 0.0549951958468
0.450531203055 0.0595029987851
0.451642613671 0.0540936352592
0.452754024286 0.0543190254061
0.453865434902 0.062433070695
0.454976845518 0.0563475367283
0.456088256134 0.0538682451123
0.45719966675 0.0554459761407
0.458311077366 0.0563475367283
0.459422487982 0.0588268283444
0.460533898598 0.0527412943777
0.461645309214 0.0592776086382
0.46275671983 0.057023707169
0.463868130446 0.0599537790789
0.464979541062 0.0579252677567
0.466090951678 0.0554459761407
0.467202362293 0.0613061199604
0.468313772909 0.0576998776098
0.469425183525 0.0606299495197
0.470536594141 0.057023707169
0.471648004757 0.059728388932
0.472759415373 0.0631092411357
0.473870825989 0.0595029987851
0.474982236605 0.0678424342209
0.476093647221 0.0604045593727
0.477205057837 0.0628838509888
0.478316468453 0.0619822904011
0.479427879069 0.0673916539271
0.480539289685 0.0615315101073
0.4816507003 0.0622076805481
0.482762110916 0.0633346312826
0.483873521532 0.0664900933394
0.484984932148 0.0694201652493
0.486096342764 0.0678424342209
0.48720775338 0.0764072598036
0.488319163996 0.0606299495197
0.489430574612 0.0718994568653
0.490541985228 0.0734771878937
0.491653395844 0.075280309069
0.49276480646 0.072801017453
0.493876217076 0.0689693849554
0.494987627692 0.0797881120073
0.496099038307 0.0775342105382
0.497210448923 0.083168964211
0.498321859539 0.0757310893628
0.499433270155 0.0730264075999
0.500544680771 0.0822674036233
0.501656091387 0.0791119415665
0.502767502003 0.0849720853863
0.503878912619 0.0824927937702
0.504990323235 0.077984990832
0.506101733851 0.0885783277369
0.507213144467 0.0824927937702
0.508324555083 0.0858736459739
0.509435965699 0.0921845700875
0.510547376314 0.0885783277369
0.51165878693 0.0957908124381
0.512770197546 0.093536910969
0.513881608162 0.0926353503813
0.514993018778 0.093536910969
0.516104429394 0.0955654222912
0.51721584001 0.0973685434665
0.518327250626 0.0996224449356
0.519438661242 0.10074939567
0.520550071858 0.0993970547887
0.521661482474 0.105707978902
0.52277289309 0.104355638021
0.523884303706 0.110215781841
0.524995714321 0.106384149343
0.526107124937 0.11314585375
0.527218535553 0.105707978902
0.528329946169 0.113596634044
0.529441356785 0.11246968331
0.530552767401 0.114047414338
0.531664178017 0.117202876395
0.532775588633 0.120132948305
0.533886999249 0.11900599757
0.534998409865 0.126669262565
0.536109820481 0.120358338452
0.537221231097 0.116752096101
0.538332641713 0.128021603447
0.539444052328 0.123964580802
0.540555462944 0.123288410362
0.54166687356 0.128923164034
0.542778284176 0.135684868442
0.543889694792 0.135008698001
0.545001105408 0.134107137413
0.546112516024 0.139967281233
0.54722392664 0.134557917707
0.548335337256 0.138840330499
0.549446747872 0.140868841821
0.550558158488 0.13726259947
0.551669569104 0.148757496963
0.55278097972 0.143348133437
0.553892390336 0.147179765934
0.555003800951 0.144925864465
0.556115211567 0.149208277257
0.557226622183 0.153039909754
0.558338032799 0.156646152105
0.559449443415 0.150560618138
0.560560854031 0.156871542252
0.561672264647 0.165887148128
0.562783675263 0.162055515631
0.563895085879 0.154843030929
0.565006496495 0.167014098863
0.566117907111 0.166112538275
0.567229317727 0.165661757981
0.568340728343 0.171296511654
0.569452138958 0.171747291948
0.570563549574 0.171296511654
0.57167496019 0.169493390479
0.572786370806 0.186623041644
0.573897781422 0.177382045621
0.575009192038 0.188426162819
0.576120602654 0.180537507677
0.57723201327 0.191581624876
0.578343423886 0.181889848559
0.579454834502 0.190229283995
0.580566245118 0.183467579587
0.581677655734 0.192257795317
0.58278906635 0.192933965758
0.583900476965 0.199470280018
0.585011887581 0.201273401194
0.586123298197 0.201724181487
0.587234708813 0.202174961781
0.588346119429 0.211641347952
0.589457530045 0.206231984426
0.590568940661 0.21028900707
0.591680351277 0.215923760743
0.592791761893 0.214120639568
0.593903172509 0.216825321331
0.595014583125 0.21975539324
0.596125993741 0.229447169558
0.597237404357 0.223136245444
0.598348814972 0.226967877942
0.599460225588 0.229221779411
0.600571636204 0.234180362643
0.60168304682 0.233954972496
0.602794457436 0.235532703524
0.603905868052 0.227418658235
0.605017278668 0.24680221087
0.606128689284 0.239364336022
0.6072400999 0.244773699548
0.608351510516 0.25333852513
0.609462921132 0.247703771458
0.610574331748 0.252211574396
0.611685742364 0.254465475865
0.612797152979 0.258071718216
0.613908563595 0.258973278803
0.615019974211 0.258747888656
0.616131384827 0.272947467912
0.617242795443 0.267763494533
0.618354206059 0.2738490285
0.619465616675 0.26798888468
0.620577027291 0.275201369381
0.621688437907 0.280610732907
0.622799848523 0.279709172319
0.623911259139 0.284667755551
0.625022669755 0.291429459959
0.626134080371 0.288950168343
0.627245490986 0.290978679665
0.628356901602 0.30450208848
0.629468312218 0.297740384072
0.630579722834 0.298867334807
0.63169113345 0.303600527892
0.632802544066 0.3103622323
0.633913954682 0.309009891418
0.635025365298 0.321180959351
0.636136775914 0.315546205679
0.63724818653 0.321857129792
0.638359597146 0.324561811555
0.639471007762 0.333577417432
0.640582418378 0.327717273612
0.641693828993 0.335380538607
0.642805239609 0.332675856844
0.643916650225 0.345523095218
0.645028060841 0.345297705071
0.646139471457 0.351383239038
0.647250882073 0.356567212417
0.648362292689 0.354538701095
0.649473703305 0.357694163151
0.650585113921 0.356116432123
0.651696524537 0.36580820844
0.652807935153 0.370316011378
0.653919345769 0.363103526677
0.655030756385 0.378430056667
0.656142167001 0.377077715786
0.657253577616 0.384290200487
0.658364988232 0.382487079312
0.659476398848 0.390375734454
0.660587809464 0.387445662544
0.66169922008 0.396912048714
0.662810630696 0.400518291065
0.663922041312 0.400292900918
0.665033451928 0.406603825031
0.666144862544 0.405927654591
0.66725627316 0.412689358998
0.668367683776 0.425536597372
0.669479094392 0.417197161936
0.670590505008 0.423733476197
0.671701915623 0.416520991496
0.672813326239 0.439060006187
0.673924736855 0.429819010164
0.675036147471 0.440186956922
0.676147558087 0.435002983543
0.677258968703 0.44830100221
0.678370379319 0.445596320447
0.679481789935 0.452583415002
0.680593200551 0.453034195296
0.681704611167 0.46588143367
0.682816021783 0.465205263229
0.683927432399 0.46588143367
0.685038843015 0.46948767602
0.68615025363 0.476249380428
0.687261664246 0.477827111456
0.688373074862 0.474897039546
0.689484485478 0.492252080858
0.690595896094 0.488871228655
0.69170730671 0.501493076882
0.692818717326 0.50600087982
0.693930127942 0.509607122171
0.695041538558 0.513889534962
0.696152949174 0.516143436431
0.69726435979 0.524933652161
0.698375770406 0.525384432455
0.699487181022 0.529892235393
0.700598591637 0.526962163483
0.701710002253 0.539809401857
0.702821412869 0.538231670829
0.703932823485 0.545894935824
0.705044234101 0.543866424502
0.706155644717 0.556262882582
0.707267055333 0.565053098311
0.708378465949 0.557389833316
0.709489876565 0.567081609634
0.710601287181 0.574068704188
0.711712697797 0.583309700211
0.712824108413 0.580605018448
0.713935519029 0.582182749477
0.715046929644 0.589846014472
0.71615834026 0.596382328732
0.717269750876 0.593452256823
0.718381161492 0.597509279467
0.719492572108 0.604721764168
0.720603982724 0.61554049122
0.72171539334 0.619597513864
0.722826803956 0.624556097097
0.723938214572 0.61847056313
0.725049625188 0.630641631063
0.726161035804 0.628838509888
0.72727244642 0.645291990613
0.728383857036 0.641460358115
0.729495267651 0.650250573845
0.730606678267 0.654307596489
0.731718088883 0.662647031925
0.732829499499 0.661970861484
0.733940910115 0.675268880152
0.735052320731 0.666478664422
0.736163731347 0.687214557938
0.737275141963 0.67324036883
0.738386552579 0.684960656469
0.739497963195 0.694652432787
0.740609373811 0.696230163815
0.741720784427 0.703668038663
0.742832195043 0.706598110573
0.743943605658 0.709077402189
0.745055016274 0.714937546009
0.74616642689 0.714035985421
0.747277837506 0.720346909535
0.748389248122 0.736575000112
0.749500658738 0.727334004089
0.750612069354 0.738828901582
0.75172347997 0.750999969515
0.752834890586 0.752126920249
0.753946301202 0.744238265107
0.755057711818 0.760691745832
0.756169122434 0.763396427595
0.75728053305 0.766101109358
0.758391943665 0.773764374353
0.759503354281 0.778497567438
0.760614764897 0.781878419642
0.761726175513 0.799458851101
0.762837586129 0.794049487575
0.763948996745 0.805544385068
0.765060407361 0.797881120073
0.766171817977 0.823800986968
0.767283228593 0.811629919035
0.768394639209 0.820420134764
0.769506049825 0.828308789906
0.770617460441 0.828534180053
0.771728871057 0.844536880484
0.772840281673 0.835972054901
0.773951692288 0.854454046948
0.775063102904 0.846114611512
0.77617451352 0.85355248636
0.777285924136 0.872485258701
0.778397334752 0.868879016351
0.779508745368 0.881500864578
0.780620155984 0.888487959132
0.7817315666 0.887811788691
0.782842977216 0.891868811336
0.783954387832 0.902011367947
0.785065798448 0.902687538387
0.786177209064 0.918690238818
0.78728861968 0.920493359994
0.788400030295 0.927931234842
0.789511440911 0.920493359994
0.790622851527 0.929283575723
0.791734262143 0.941003863363
0.792845672759 0.94776556777
0.793957083375 0.952273370708
0.795068493991 0.953851101737
0.796179904607 0.966923730258
0.797291315223 0.967825290845
0.798402725839 0.972783874078
0.799514136455 0.978869408044
0.800625547071 0.987434233627
0.801736957687 0.992167426712
0.802848368302 0.997802180385
0.803959778918 1.00095764244
0.805071189534 1.00343693406
0.80618260015 1.01019863847
0.807294010766 1.00614161582
0.808405421382 1.02642672904
0.809516831998 1.01448105126
0.810628242614 1.02372204728
0.81173965323 1.0223697064
0.812851063846 1.03611850536
0.813962474462 1.04152786889
0.815073885078 1.05144503535
0.816185295694 1.05189581564
0.817296706309 1.05978447079
0.818408116925 1.06023525108
0.819519527541 1.0660953949
0.820630938157 1.07804107269
0.821742348773 1.07759029239
0.822853759389 1.08006958401
0.823965170005 1.09832618591
0.825076580621 1.08908518988
0.826187991237 1.09945313664
0.827299401853 1.11500505678
0.828410812469 1.11432888634
0.829522223085 1.12740151486
0.830633633701 1.13236009809
0.831745044316 1.12604917398
0.832856454932 1.13641712074
0.833967865548 1.15805457484
0.835079276164 1.14881357882
0.83619068678 1.15985769602
0.837302097396 1.15512450293
0.838413508012 1.16774635116
0.839524918628 1.17608578659
0.840636329244 1.16977486248
0.84174773986 1.18825685453
0.842859150476 1.18690451365
0.843970561092 1.19659628996
0.845081971708 1.19479316879
0.846193382323 1.20718962687
0.847304792939 1.20899274804
0.848416203555 1.21710679333
0.849527614171 1.23175715288
0.850639024787 1.23130637259
0.851750435403 1.24077275876
0.852861846019 1.24415361096
0.853973256635 1.25497233801
0.855084667251 1.25519772816
0.856196077867 1.25609928875
0.857307488483 1.26421333404
0.858418899099 1.27165120888
0.859530309715 1.27503206109
0.86064172033 1.26984808771
0.861753130946 1.28810468961
0.862864541562 1.28742851917
0.863975952178 1.29373944328
0.865087362794 1.30230426886
0.86619877341 1.30974214371
0.867310184026 1.32281477223
0.868421594642 1.31154526489
0.869533005258 1.32349094267
0.870644415874 1.33047803723
0.87175582649 1.34467761648
0.872867237106 1.33723974164
0.873978647722 1.34783307854
0.875090058338 1.3437760559
0.876201468953 1.3543693928
0.877312879569 1.35504556324
0.878424290185 1.37014670309
0.879535700801 1.36180726765
0.880647111417 1.37285138485
0.881758522033 1.37487989617
0.882869932649 1.36608968044
0.883981343265 1.39200954734
0.885092753881 1.38817791484
0.886204164497 1.39403805866
0.887315575113 1.40147593351
0.888426985729 1.39696813057
0.889538396345 1.41792941423
0.89064980696 1.4201833157
0.891761217576 1.41928175511
0.892872628192 1.43889069789
0.893984038808 1.42626884967
0.895095449424 1.4346082851
0.89620686004 1.45421722788
0.897318270656 1.4461031826
0.898429681272 1.45061098553
0.899541091888 1.46120432244
0.900652502504 1.46368361405
0.90176391312 1.4677406367
0.902875323736 1.46571212538
0.903986734352 1.4783339736
0.905098144967 1.49343511345
0.906209555583 1.48464489772
0.907320966199 1.48284177654
0.908432376815 1.4932097233
0.909543787431 1.51124093505
0.910655198047 1.50583157153
0.911766608663 1.50177454888
0.912878019279 1.51980576064
0.913989429895 1.51710107887
0.915100840511 1.52115810152
0.916212251127 1.52927214681
0.917323661743 1.53558307092
0.918435072359 1.52904675666
0.919546482974 1.53558307092
0.92065789359 1.54099243445
0.921769304206 1.54189399503
0.922880714822 1.53671002165
0.923992125438 1.53918931327
0.925103536054 1.5513603812
0.92621494667 1.55226194179
0.927326357286 1.5513603812
0.928437767902 1.56601074075
0.929549178518 1.55969981664
0.930660589134 1.57119471413
0.93177199975 1.58021032001
0.932883410366 1.57547712692
0.933994820981 1.59328294853
0.935106231597 1.59621302044
0.936217642213 1.59012748647
0.937329052829 1.60027004308
0.938440463445 1.60725713764
0.939551874061 1.60477784602
0.940663284677 1.6099618194
0.941774695293 1.62731686071
0.942886105909 1.60928564896
0.943997516525 1.63092310306
0.945108927141 1.62641530013
0.946220337757 1.63836097791
0.947331748373 1.62506295924
0.948443158988 1.6392625385
0.949554569604 1.643094171
0.95066598022 1.64241800056
0.951777390836 1.65639218967
0.952888801452 1.64872892467
0.954000212068 1.6608999926
0.955111622684 1.65954765172
0.9562230333 1.66563318569
0.957334443916 1.66698552657
0.958445854532 1.66969020833
0.959557265148 1.66946481819
0.960668675764 1.68095971568
0.96178008638 1.66766169701
0.962891496995 1.69583546538
0.964002907611 1.68253744671
0.965114318227 1.69313078361
0.966225728843 1.69222922302
0.967337139459 1.69921631758
0.968448550075 1.70304795008
0.969559960691 1.70440029096
0.970671371307 1.7089080939
0.971782781923 1.70755575301
0.972894192539 1.70597802199
0.974005603155 1.72243150271
0.975117013771 1.71476823772
0.976228424387 1.72265689286
0.977339835003 1.71927604065
0.978451245618 1.7233330633
0.979562656234 1.7339264002
0.98067406685 1.72378384359
0.981785477466 1.73212327903
0.982896888082 1.72491079433
0.984008298698 1.73122171844
0.985119709314 1.73708186226
0.98623111993 1.72513618447
0.987342530546 1.73460257064
0.988453941162 1.72829164653
0.989565351778 1.73888498344
0.990676762394 1.73032015785
0.99178817301 1.74136427505
0.992899583625 1.75128144152
0.994010994241 1.73347561991
0.995122404857 1.76052243754
0.996233815473 1.75330995284
0.997345226089 1.7593954868
0.998456636705 1.7521830021
0.999568047321 1.76728414195
1.00067945794 1.77494740694
1.00179086855 1.76593180107
1.00290227917 1.77877903944
1.00401368978 1.77945520988
1.0051251004 1.77224272518
1.00623651102 1.77697591826
1.00734792163 1.7819345015
1.00845933225 1.78847081576
1.00957074286 1.77877903944
1.01068215348 1.78080755076
1.0117935641 1.78080755076
1.01290497471 1.78261067194
1.01401638533 1.78734386502
1.01512779594 1.77539818724
1.01623920656 1.78644230443
1.01735061718 1.78351223252
1.01846202779 1.778102869
1.01957343841 1.78080755076
1.02068484902 1.79117549752
1.02179625964 1.78035677047
1.02290767026 1.79523252016
1.02401908087 1.78554074385
1.02513049149 1.78441379311
1.0262419021 1.78689308473
1.02735331272 1.7891469862
1.02846472334 1.78802003546
1.02957613395 1.79162627781
1.03068754457 1.79433095958
1.03179895518 1.7886962059
1.0329103658 1.79275322855
1.03402177641 1.79275322855
1.03513318703 1.80379734575
1.03624459765 1.7886962059
1.03735600826 1.79140088767
1.03846741888 1.78463918326
1.03957882949 1.78486457341
1.04069024011 1.79545791031
1.04180165073 1.77945520988
1.04291306134 1.78847081576
1.04402447196 1.778102869
1.04513588257 1.78035677047
1.04624729319 1.78373762267
1.04735870381 1.78486457341
1.04847011442 1.78779464532
1.04958152504 1.79771181178
1.05069293565 1.778102869
1.05180434627 1.79095010737
1.05291575689 1.78486457341
1.0540271675 1.79207705811
1.05513857812 1.78847081576
1.05624998873 1.78215989164
1.05736139935 1.78599152414
1.05847280996 1.78035677047
1.05958422058 1.78238528179
1.0606956312 1.77720130841
1.06180704181 1.78035677047
1.06291845243 1.77562357738
1.06402986304 1.78779464532
1.06514127366 1.7776520887
1.06625268428 1.77900442959
1.06736409489 1.77922981973
1.06847550551 1.77562357738
1.06958691612 1.77855364929
1.07069832674 1.76841109268
1.07180973736 1.76480485033
1.07292114797 1.7776520887
1.07403255859 1.77224272518
1.0751439692 1.77134116459
1.07625537982 1.76931265327
1.07736679044 1.76908726312
1.07847820105 1.76886187298
1.07958961167 1.76480485033
1.08070102228 1.75826853607
1.0818124329 1.76300172916
1.08292384352 1.74722441887
1.08403525413 1.75353534298
1.08514666475 1.74947832034
1.08625807536 1.75105605137
1.08736948598 1.74519590755
1.08848089659 1.74609746814
1.08959230721 1.7411388849
1.09070371783 1.73370101006
1.09181512844 1.730545548
1.09292653906 1.73257405932
1.09403794967 1.73595491153
1.09514936029 1.72806625638
1.09626077091 1.72220611256
1.09737218152 1.7271646958
1.09848359214 1.70935887419
1.09959500275 1.71927604065
1.10070641337 1.71499362786
1.10181782399 1.70394951066
1.1029292346 1.71386667713
1.10404064522 1.71026043478
1.10515205583 1.70778114316
1.10626346645 1.70642880228
1.10737487707 1.70823192346
1.10848628768 1.69718780626
1.1095976983 1.7046256811
1.11070910891 1.69087688214
1.11182051953 1.69854014714
1.11293193015 1.69651163582
1.11404334076 1.68794681023
1.11515475138 1.69245461317
1.11626616199 1.68524212847
1.11737757261 1.68095971568
1.11848898322 1.67126793936
1.11960039384 1.67464879157
1.12071180446 1.66901403789
1.12182321507 1.67081715907
1.12293462569 1.66540779554
1.1240460363 1.65684296996
1.12515744692 1.66608396598
1.12626885754 1.65999843202
1.12738026815 1.66044921231
1.12849167877 1.65819531084
1.12960308938 1.643094171
1.1307145 1.6392625385
1.13182591062 1.6426433907
1.13293732123 1.62596451983
1.13404873185 1.6248375691
1.13516014246 1.62461217895
1.13627155308 1.6171743041
1.1373829637 1.62754225086
1.13849437431 1.62618990998
1.13960578493 1.61221572087
1.14071719554 1.61672352381
1.14182860616 1.62844381145
1.14294001678 1.60139699382
1.14405142739 1.60500323617
1.14516283801 1.6027493347
1.14627424862 1.59531145985
1.14738565924 1.58426734265
1.14849706985 1.58471812295
1.14960848047 1.59463528941
1.15071989109 1.57908336927
1.1518313017 1.57435017619
1.15294271232 1.58314039192
1.15405412293 1.5513603812
1.15516553355 1.5585728659
1.15627694417 1.54234477533
1.15738835478 1.54595101768
1.1584997654 1.52791980592
1.15961117601 1.54166860489
1.16072258663 1.53761158224
1.16183399725 1.52837058622
1.16294540786 1.52453895372
1.16405681848 1.51777724931
1.16516822909 1.50312688976
1.16627963971 1.5076346927
1.16739105033 1.51259327593
1.16850246094 1.48396872728
1.16961387156 1.49027965139
1.17072528217 1.48892731051
1.17183669279 1.48464489772
1.17294810341 1.46345822391
1.17405951402 1.47292461008
1.17517092464 1.46954375787
1.17628233525 1.45782347023
1.17739374587 1.4494840348
1.17850515648 1.45872503082
1.1796165671 1.46075354214
1.18072797772 1.45151254612
1.18183938833 1.44768091362
1.18295079895 1.44384928113
1.18406220956 1.44249694024
1.18517362018 1.44632857274
1.1862850308 1.44272233039
1.18739644141 1.41905636497
1.18850785203 1.42514189893
1.18961926264 1.40801224777
1.19073067326 1.41026614924
1.19184208388 1.4057583463
1.19295349449 1.40057437292
1.19406490511 1.39539039954
1.19517631572 1.39606656998
1.19628772634 1.39200954734
1.19739913696 1.37487989617
1.19851054757 1.37059748338
1.19962195819 1.37442911588
1.2007333688 1.35707407456
1.20184477942 1.35391861251
1.20295619004 1.3399444234
1.20406760065 1.34760768839
1.20517901127 1.33453505987
1.20629042188 1.3327319387
1.2074018325 1.32642101458
1.20851324311 1.32101165106
1.20962465373 1.32123704121
1.21073606435 1.317856189
1.21184747496 1.30591051122
1.21295888558 1.31222143533
1.21407029619 1.29666951519
1.21518170681 1.29644412504
1.21629311743 1.29283788269
1.21740452804 1.28585078814
1.21851593866 1.27480667094
1.21962734927 1.27953986403
1.22073875989 1.26579106506
1.22185017051 1.2592547508
1.22296158112 1.25632467889
1.22407299174 1.24888680405
1.22518440235 1.25114070552
1.22629581297 1.24077275876
1.22740722359 1.23874424744
1.2285186342 1.2409981489
1.22963004482 1.22882708097
1.23074145543 1.2231923273
1.23185286605 1.21395133127
1.23296427666 1.21304977069
1.23407568728 1.20583728599
1.2351870979 1.19479316879
1.23629850851 1.19344082791
1.23740991913 1.19299004761
1.23852132974 1.17653656689
1.23963274036 1.1790158585
1.24074415098 1.16504166939
1.24185556159 1.17000025263
1.24296697221 1.16233698763
1.24407838282 1.15084209014
1.24518979344 1.14385499558
1.24630120406 1.13281087839
1.24741261467 1.14047414338
1.24852402529 1.13055697692
1.2496354359 1.11387810605
1.25074684652 1.12334449222
1.25185825714 1.11094803414
1.25296966775 1.11297654546
1.25408107837 1.0992277465
1.25519248898 1.1059894509
1.2563038996 1.10553867061
1.25741531022 1.08683128842
1.25852672083 1.09404377312
1.25963813145 1.06902546681
1.26074954206 1.07353326975
1.26186095268 1.06677156534
1.26297236329 1.0694762471
1.26408377391 1.05212120579
1.26519518453 1.06068603137
1.26630659514 1.04671184227
1.26741800576 1.04716262256
1.26852941637 1.02732828963
1.26964082699 1.04738801271
1.27075223761 1.02710289948
1.27186364822 1.03702006595
1.27297505884 1.01245253993
1.27408646945 1.02056658522
1.27519788007 1.01042402861
1.27630929069 0.990815085831
1.2774207013 1.00208459318
1.27853211192 0.990364305537
1.27964352253 0.984954942011
1.28075493315 0.980447139073
1.28186634377 0.964444438642
1.28297775438 0.973234654371
1.284089165 0.964895218936
1.28520057561 0.9565557835
1.28631198623 0.959035075116
1.28742339685 0.946187836742
1.28853480746 0.936946840718
1.28964621808 0.938749961894
1.29075762869 0.927931234842
1.29186903931 0.92364882205
1.29298044992 0.917337897937
1.29409186054 0.918239458524
1.29520327116 0.908773072354
1.29631468177 0.906068390591
1.29742609239 0.903589098975
1.298537503 0.882853205459
1.29964891362 0.881500864578
1.30076032424 0.873161429142
1.30187173485 0.866625114881
1.30298314547 0.877894622227
1.30409455608 0.861441141502
1.3052059667 0.85941263018
1.30631737732 0.852200145479
1.30742878793 0.842282979015
1.30854019855 0.838902126811
1.30965160916 0.831464251963
1.31076301978 0.831464251963
1.3118744304 0.828308789906
1.31298584101 0.822448646086
1.31409725163 0.8105029683
1.31520866224 0.810953748594
1.31632007286 0.795401828457
1.31743148348 0.791570195959
1.31854289409 0.794725658016
1.31965430471 0.787963953609
1.32076571532 0.802388923011
1.32187712594 0.778722957585
1.32298853655 0.776243665969
1.32409994717 0.781653029495
1.32521135779 0.763396427595
1.3263227684 0.768805791121
1.32743417902 0.761367916273
1.32854558963 0.743111314373
1.32965700025 0.750999969515
1.33076841087 0.737927340994
1.33187982148 0.748069897605
1.3329912321 0.735222659231
1.33410264271 0.734321098643
1.33521405333 0.723051591298
1.33632546395 0.72508010262
1.33743687456 0.720121519388
1.33854828518 0.715388326303
1.33965969579 0.704794989398
1.34077110641 0.698258675137
1.34188251703 0.68856689882
1.34299392764 0.689243069261
1.34410533826 0.689919239701
1.34521674887 0.686087607204
1.34632815949 0.681805194413
1.34743957011 0.665802493982
1.34855098072 0.66738022501
1.34966239134 0.661745471337
1.35077380195 0.652955255608
1.35188521257 0.659040789574
1.35299662318 0.658364619134
1.3541080338 0.65859000928
1.35521944442 0.63379709312
1.35633085503 0.637177945324
1.35744226565 0.6279369493
1.35855367626 0.628387729594
1.35966508688 0.623203756215
1.3607764975 0.615991271514
1.36188790811 0.616892832102
1.36299931873 0.613962760192
1.36411072934 0.603820203581
1.36522213996 0.602242472552
1.36633355058 0.592325306088
1.36744496119 0.584436650946
1.36855637181 0.588268283444
1.36966778242 0.579252677567
1.37077919304 0.565954658899
1.37189060366 0.573617923894
1.37300201427 0.560996075667
1.37411342489 0.576547995804
1.3752248355 0.559643734786
1.37633624612 0.561446855961
1.37744765674 0.547247276705
1.37855906735 0.544317204795
1.37967047797 0.540260182151
1.38078188858 0.542739473767
1.3818932992 0.533273087597
1.38300470981 0.522003580251
1.38411612043 0.524032091573
1.38522753105 0.520200459076
1.38633894166 0.522454360545
1.38745035228 0.513213364521
1.38856176289 0.505099319233
1.38967317351 0.506451660114
1.39078458413 0.487293497626
1.39189599474 0.488195058214
1.39300740536 0.485039596157
1.39411881597 0.485490376451
1.39523022659 0.479855622778
1.39634163721 0.469938456314
1.39745304782 0.476474770575
1.39856445844 0.468135335139
1.39967586905 0.468586115433
1.40078727967 0.456865827793
1.40189869029 0.45709121794
1.4030101009 0.453484975589
1.40412151152 0.442891638684
1.40523292213 0.455738877059
1.40634433275 0.439736176628
1.40745574337 0.442891638684
1.40856715398 0.439285396334
1.4096785646 0.437031494865
1.41078997521 0.428015888988
1.41190138583 0.441313907656
1.41301279644 0.427339718547
1.41412420706 0.434777593396
1.41523561768 0.434552203249
1.41634702829 0.422831915609
1.41745843891 0.428917449576
1.41856984952 0.413140139292
1.41968126014 0.409308506794
1.42079267076 0.408857726501
1.42190408137 0.393981976804
1.42301549199 0.388121832985
1.4241269026 0.38699488225
1.42523831322 0.384290200487
1.42634972384 0.38113473843
1.42746113445 0.370541401525
1.42857254507 0.371217571966
1.42968395568 0.361976575943
1.4307953663 0.365357428146
1.43190677692 0.364005087265
1.43301818753 0.354087920801
1.43412959815 0.356567212417
1.43524100876 0.363328916824
1.43635241938 0.357468773004
1.43746382999 0.360849625208
1.43857524061 0.349129337569
1.43968665123 0.340789902133
1.44079806184 0.342142243014
1.44190947246 0.332450466697
1.44302088307 0.333577417432
1.44413229369 0.323885641114
1.44524370431 0.319152448029
1.44635511492 0.318025497295
1.44746652554 0.314644645091
1.44857793615 0.314870035238
1.44968934677 0.30743216039
1.45080075739 0.315996985972
1.451912168 0.310136842153
1.45302357862 0.310587622446
1.45413498923 0.297740384072
1.45524639985 0.296388043191
1.45635781047 0.298416554513
1.45746922108 0.287372437314
1.4585806317 0.291429459959
1.45969204231 0.293683361428
1.46080345293 0.284216975258
1.46191486355 0.273623638353
1.46302627416 0.283090024523
1.46413768478 0.28624548658
1.46524909539 0.284893145698
1.46636050601 0.27745527085
1.46747191662 0.281512293495
1.46858332724 0.272722077765
1.46969473786 0.274074418646
1.47080614847 0.262354131007
1.47191755909 0.259424059097
1.4730289697 0.260100229538
1.47414038032 0.266411153651
1.47525179094 0.255367036453
1.47636320155 0.25919866895
1.47747461217 0.251986184249
1.47858602278 0.253113134984
1.4796974334 0.246126040429
1.48080884402 0.249281502486
1.48192025463 0.235307313377
1.48303166525 0.239364336022
1.48414307586 0.24026589661
1.48525448648 0.23147568088
1.4863658971 0.2373358247
1.48747730771 0.228996389264
1.48858871833 0.233053411908
1.48970012894 0.21975539324
1.49081153956 0.225164756766
1.49192295018 0.215247590302
1.49303436079 0.215923760743
1.49414577141 0.214120639568
1.49525718202 0.200597230753
1.49636859264 0.216374541037
1.49748000325 0.211641347952
1.49859141387 0.212993688833
1.49970282449 0.212317518392
1.5008142351 0.207584325307
1.50192564572 0.212993688833
1.50303705633 0.20149879134
1.50414846695 0.190680064289
1.50525987757 0.191581624876
1.50637128818 0.18910233326
1.5074826988 0.197441768696
1.50859410941 0.193159355905
1.50970552003 0.189327723407
1.51081693065 0.18549609091
1.51192834126 0.183467579587
1.51303975188 0.18549609091
1.51415116249 0.174451973711
1.51526257311 0.184143750028
1.51637398373 0.17963594709
1.51748539434 0.18324218944
1.51859680496 0.170620341213
1.51970821557 0.173550413123
1.52081962619 0.166788708716
1.52193103681 0.161153955043
1.52304244742 0.157096932399
1.52415385804 0.151011398432
1.52526526865 0.155744591517
1.52637667927 0.147179765934
1.52748808988 0.155969981664
1.5285995005 0.157096932399
1.52971091112 0.148081326522
1.53082232173 0.151236788579
1.53193373235 0.149208277257
1.53304514296 0.151236788579
1.53415655358 0.146503595494
1.5352679642 0.146278205347
1.53637937481 0.143573523584
1.53749078543 0.143348133437
1.53860219604 0.136586429029
1.53971360666 0.141995792555
1.54082501728 0.136135648736
1.54193642789 0.136586429029
1.54304783851 0.133430966973
1.54415924912 0.137938769911
1.54527065974 0.131177065503
1.54638207036 0.131177065503
1.54749348097 0.123739190655
1.54860489159 0.128021603447
1.5497163022 0.124640751243
1.55082771282 0.128021603447
1.55193912344 0.107961880371
1.55305053405 0.119231387717
1.55416194467 0.112920463604
1.55527335528 0.119456777864
1.5563847659 0.118780607423
1.55749617651 0.105933369049
1.55860758713 0.100974785817
1.55971899775 0.10660953949
1.56083040836 0.114498194632
1.56194181898 0.112244293163
1.56305322959 0.111568122722
1.56416464021 0.105933369049
1.56527605083 0.103228687286
1.56638746144 0.108412660665
1.56749887206 0.106158759196
1.56861028267 0.105933369049
1.56972169329 0.104581028168
1.57083310391 0.102777906992
1.57194451452 0.0944384715566
1.57305592514 0.0984954942011
1.57416733575 0.096016202585
1.57527874637 0.0881275474431
1.57639015699 0.0971431533196
1.5775015676 0.093536910969
1.57861297822 0.0955654222912
1.57972438883 0.0955654222912
1.58083579945 0.0966923730258
1.58194721007 0.085648255827
1.58305862068 0.0933115208221
1.5841700313 0.0829435740641
1.58528144191 0.0863244262678
1.58639285253 0.0860990361209
1.58750426314 0.0820420134764
1.58861567376 0.0910576193529
1.58972708438 0.090832229206
1.59083849499 0.0800135021542
1.59194990561 0.0865498164147
1.59306131622 0.0824927937702
1.59417272684 0.0770834302443
1.59528413746 0.0815912331826
1.59639554807 0.0800135021542
1.59750695869 0.0797881120073
1.5986183693 0.0782103809789
1.59972977992 0.0732517977468
1.60084119054 0.07009633569
1.60195260115 0.0748295287752
1.60306401177 0.0732517977468
1.60417542238 0.0716740667184
1.605286833 0.0768580400974
1.60639824362 0.0617569002542
1.60750965423 0.0732517977468
1.60862106485 0.0622076805481
1.60973247546 0.0703217258369
1.61084388608 0.0680678243678
1.6119552967 0.0687439948085
1.61306670731 0.0642361918703
1.61417811793 0.0651377524579
1.61528952854 0.0595029987851
1.61640093916 0.0705471159838
1.61751234977 0.0664900933394
1.61862376039 0.0642361918703
1.61973517101 0.0604045593727
1.62084658162 0.0604045593727
1.62195799224 0.0576998776098
1.62306940285 0.0529666845246
1.62418081347 0.0610807298135
1.62529222409 0.0574744874629
1.6264036347 0.0576998776098
1.62751504532 0.0534174648184
1.62862645593 0.0563475367283
1.62973786655 0.0579252677567
1.63084927717 0.0540936352592
1.63196068778 0.0511635633493
1.6330720984 0.0540936352592
1.63418350901 0.0432749082073
1.63529491963 0.0453034195296
1.63640633025 0.0486842717333
1.63751774086 0.0471065407049
1.63862915148 0.0437256885012
1.63974056209 0.0437256885012
1.64085197271 0.0455288096765
1.64196338332 0.0462049801172
1.64307479394 0.0484588815863
1.64418620456 0.0432749082073
1.64529761517 0.0432749082073
1.64640902579 0.0444018589419
1.6475204364 0.0435002983543
1.64863184702 0.0455288096765
1.64974325764 0.0482334914394
1.65085466825 0.0416971771789
1.65196607887 0.0419225673259
1.65307748948 0.0419225673259
1.6541889001 0.0421479574728
1.65530031072 0.0410210067382
1.65641172133 0.0430495180604
1.65752313195 0.041471787032
1.65863454256 0.0378655446814
1.65974595318 0.0297514993925
1.6608573638 0.0371893742407
1.66196877441 0.0358370333592
1.66308018503 0.0353862530654
1.66419159564 0.0344846924777
1.66530300626 0.0306530599802
1.66641441688 0.0340339121839
1.66752582749 0.0383163249752
1.66863723811 0.0349354727716
1.66974864872 0.0331323515962
1.67086005934 0.0272722077765
1.67197146995 0.0261452570419
1.67308288057 0.0351608629185
1.67419429119 0.0274975979234
1.6753057018 0.0299768895395
1.67641711242 0.0308784501271
1.67752852303 0.0333577417432
1.67863993365 0.0297514993925
1.67975134427 0.0295261092456
1.68086275488 0.0290753289518
1.6819741655 0.0293007190987
1.68308557611 0.0277229880703
1.68419698673 0.0238913555728
1.68530839735 0.0238913555728
1.68641980796 0.0293007190987
1.68753121858 0.0288499388049
1.68864262919 0.0268214274827
1.68975403981 0.0247929161605
1.69086545043 0.0272722077765
1.69197686104 0.0227644048382
1.69308827166 0.0254690866012
1.69419968227 0.0247929161605
1.69531109289 0.0220882343975
1.69642250351 0.0189327723407
1.69753391412 0.0243421358666
1.69864532474 0.0256944767481
1.69975673535 0.0247929161605
1.70086814597 0.0236659654259
1.70197955658 0.0236659654259
1.7030909672 0.0241167457197
1.70420237782 0.0247929161605
1.70531378843 0.0209612836629
1.70642519905 0.0202851132222
1.70753660966 0.0220882343975
1.70864802028 0.0214120639568
1.7097594309 0.0180312117531
1.71087084151 0.0182566019
1.71198225213 0.0184819920469
1.71309366274 0.0214120639568
1.71420507336 0.0214120639568
1.71531648398 0.0196089427815
1.71642789459 0.0200597230753
1.71753930521 0.0211866738098
1.71865071582 0.0209612836629
1.71976212644 0.0169042610185
1.72087353706 0.0162280905778
1.72198494767 0.0144249694024
1.72309635829 0.0178058216061
1.7242077689 0.0160027004308
1.72531917952 0.0162280905778
1.72643059014 0.0162280905778
1.72754200075 0.0162280905778
1.72865341137 0.013072628521
1.72976482198 0.0153265299901
1.7308762326 0.0166788708716
1.73198764321 0.0141995792555
1.73309905383 0.015551920137
1.73421046445 0.0164534807247
1.73532187506 0.0123964580802
1.73643328568 0.0180312117531
1.73754469629 0.0137487989617
1.73865610691 0.0144249694024
1.73976751753 0.0178058216061
1.74087892814 0.0139741891086
1.74199033876 0.015551920137
1.74310174937 0.0114948974926
1.74421315999 0.0121710679333
1.74532457061 0.0144249694024
1.74643598122 0.0126218482271
1.74754739184 0.0114948974926
1.74865880245 0.0117202876395
1.74977021307 0.0112695073457
1.75088162369 0.0119456777864
1.7519930343 0.0110441171987
1.75310444492 0.0119456777864
1.75421585553 0.0117202876395
1.75532726615 0.00946638617036
1.75643867677 0.0101425566111
1.75755008738 0.010367946758
1.758661498 0.00901560587653
1.75977290861 0.0117202876395
1.76088431923 0.0101425566111
1.76199572984 0.00743787484814
1.76310714046 0.00946638617036
1.76421855108 0.00924099602344
1.76532996169 0.00924099602344
1.76644137231 0.00766326499505
1.76755278292 0.00833943543579
1.76866419354 0.0110441171987
1.76977560416 0.00969177631727
1.77088701477 0.0112695073457
1.77199842539 0.0119456777864
1.773109836 0.00833943543579
1.77422124662 0.00901560587653
1.77533265724 0.00833943543579
1.77644406785 0.00743787484814
1.77755547847 0.0067617044074
1.77866688908 0.00743787484814
1.7797782997 0.005183973379
1.78088971032 0.00743787484814
1.78200112093 0.00743787484814
1.78311253155 0.00721248470122
1.78422394216 0.00788865514196
1.78533535278 0.00721248470122
1.7864467634 0.00540936352592
1.78755817401 0.00608553396666
1.78866958463 0.0067617044074
1.78978099524 0.00698709455431
1.79089240586 0.00631092411357
1.79200381647 0.00653631426048
1.79311522709 0.00811404528888
1.79422663771 0.00879021572962
1.79533804832 0.00811404528888
1.79644945894 0.00766326499505
1.79756086955 0.00495858323209
1.79867228017 0.005183973379
1.79978369079 0.00653631426048
1.8008951014 0.005183973379
1.80200651202 0.00473319308518
1.80311792263 0.00428241279135
1.80422933325 0.00631092411357
1.80534074387 0.00631092411357
1.80645215448 0.00180312117531
1.8075635651 0.00247929161605
1.80867497571 0.005183973379
1.80978638633 0.00540936352592
1.81089779695 0.00563475367283
1.81200920756 0.00743787484814
1.81312061818 0.00743787484814
1.81423202879 0.00563475367283
1.81534343941 0.00428241279135
1.81645485003 0.00450780293826
1.81756626064 0.00540936352592
1.81867767126 0.00653631426048
1.81978908187 0.00450780293826
1.82090049249 0.00563475367283
1.8220119031 0.00608553396666
1.82312331372 0.00698709455431
1.82423472434 0.00631092411357
1.82534613495 0.00360624235061
1.82645754557 0.00383163249752
1.82756895618 0.00450780293826
1.8286803668 0.00473319308518
1.82979177742 0.00270468176296
1.83090318803 0.00450780293826
1.83201459865 0.0033808522037
1.83312600926 0.00473319308518
1.83423741988 0.00563475367283
1.8353488305 0.00383163249752
1.83646024111 0.00586014381974
1.83757165173 0.00495858323209
1.83868306234 0.00383163249752
1.83979447296 0.00360624235061
1.84090588358 0.00428241279135
1.84201729419 0.00360624235061
1.84312870481 0.00428241279135
1.84424011542 0.00202851132222
1.84535152604 0.00428241279135
1.84646293665 0.00383163249752
1.84757434727 0.0033808522037
1.84868575789 0.00270468176296
1.8497971685 0.00315546205679
1.85090857912 0.00270468176296
1.85201998973 0.00315546205679
1.85313140035 0.00383163249752
1.85424281097 0.00247929161605
1.85535422158 0.00270468176296
1.8564656322 0.00180312117531
1.85757704281 0.00360624235061
1.85868845343 0.00247929161605
1.85979986405 0.00315546205679
1.86091127466 0.00202851132222
1.86202268528 0.00135234088148
1.86313409589 0.00293007190987
1.86424550651 0.00225390146913
1.86535691713 0.00360624235061
1.86646832774 0.00360624235061
1.86757973836 0.00315546205679
1.86869114897 0.00270468176296
1.86980255959 0.0033808522037
1.87091397021 0.00315546205679
1.87202538082 0.00180312117531
1.87313679144 0.00135234088148
1.87424820205 0.00202851132222
1.87535961267 0.00225390146913
1.87647102328 0.00428241279135
1.8775824339 0.0033808522037
1.87869384452 0.000901560587653
1.87980525513 0.000901560587653
1.88091666575 0.00112695073457
1.88202807636 0.00225390146913
1.88313948698 0.00270468176296
1.8842508976 0.00157773102839
1.88536230821 0.00270468176296
1.88647371883 0.00135234088148
1.88758512944 0.00202851132222
1.88869654006 0.00202851132222
1.88980795068 0.00247929161605
1.89091936129 0.00112695073457
1.89203077191 0.00067617044074
1.89314218252 0.00157773102839
1.89425359314 0.00293007190987
1.89536500376 0.000450780293826
1.89647641437 0.000901560587653
1.89758782499 0.00112695073457
1.8986992356 0.00112695073457
1.89981064622 0.00157773102839
1.90092205684 0.00180312117531
1.90203346745 0.00135234088148
1.90314487807 0.00225390146913
1.90425628868 0.00112695073457
1.9053676993 0.00067617044074
1.90647910991 0.00135234088148
1.90759052053 0.00135234088148
1.90870193115 0.000901560587653
1.90981334176 0.00157773102839
1.91092475238 0.000225390146913
1.91203616299 0.00135234088148
1.91314757361 0.00112695073457
1.91425898423 0.00157773102839
1.91537039484 0.00112695073457
1.91648180546 0.000225390146913
1.91759321607 0.000901560587653
1.91870462669 0.00135234088148
1.91981603731 0.00067617044074
1.92092744792 0.00180312117531
1.92203885854 0.00135234088148
1.92315026915 0.00067617044074
1.92426167977 0.00067617044074
1.92537309039 0.000901560587653
1.926484501 0.00247929161605
1.92759591162 0.00157773102839
1.92870732223 0.00135234088148
1.92981873285 0.00202851132222
1.93093014347 0.00157773102839
1.93204155408 0.00112695073457
1.9331529647 0.000450780293826
1.93426437531 0.000450780293826
1.93537578593 0.000450780293826
1.93648719654 0.0
1.93759860716 0.000450780293826
1.93871001778 0.0
1.93982142839 0.00067617044074
1.94093283901 0.000225390146913
1.94204424962 0.0
1.94315566024 0.0
1.94426707086 0.000225390146913
1.94537848147 0.000450780293826
1.94648989209 0.00067617044074
1.9476013027 0.000450780293826
1.94871271332 0.0
1.94982412394 0.0
1.95093553455 0.0
1.95204694517 0.0
1.95315835578 0.000225390146913
1.9542697664 0.000225390146913
1.95538117702 0.000901560587653
1.95649258763 0.000450780293826
1.95760399825 0.0
1.95871540886 0.000450780293826
1.95982681948 0.00112695073457
1.9609382301 0.00157773102839
1.96204964071 0.000901560587653
1.96316105133 0.0
1.96427246194 0.000450780293826
1.96538387256 0.000450780293826
1.96649528317 0.00157773102839
1.96760669379 0.00067617044074
1.96871810441 0.00135234088148
1.96982951502 0.00067617044074
1.97094092564 0.000225390146913
1.97205233625 0.000450780293826
1.97316374687 0.000901560587653
1.97427515749 0.0
1.9753865681 0.00067617044074
1.97649797872 0.000225390146913
1.97760938933 0.0
1.97872079995 0.0
1.97983221057 0.0
1.98094362118 0.000450780293826
1.9820550318 0.0
1.98316644241 0.0
1.98427785303 0.0
1.98538926365 0.000450780293826
1.98650067426 0.000450780293826
1.98761208488 0.0
1.98872349549 0.0
1.98983490611 0.0
1.99094631673 0.0
1.99205772734 0.0
1.99316913796 0.0
1.99428054857 0.00067617044074
1.99539195919 0.000225390146913
1.9965033698 0.00067617044074
1.99761478042 0.000225390146913
1.99872619104 0.00067617044074
1.99983760165 0.000225390146913
2.00094901227 0.0
2.00206042288 0.000450780293826
2.0031718335 0.000225390146913
2.00428324412 0.000225390146913
2.00539465473 0.000225390146913
2.00650606535 0.000225390146913
2.00761747596 0.000225390146913
2.00872888658 0.000225390146913
2.0098402972 0.0
2.01095170781 0.0
2.01206311843 0.000225390146913
2.01317452904 0.000225390146913
2.01428593966 0.0
2.01539735028 0.0
2.01650876089 0.0
2.01762017151 0.000225390146913
2.01873158212 0.000225390146913
2.01984299274 0.0
2.02095440336 0.0
2.02206581397 0.0
2.02317722459 0.0
2.0242886352 0.000450780293826
2.02540004582 0.00067617044074
2.02651145643 0.000225390146913
2.02762286705 0.000225390146913
2.02873427767 0.000225390146913
2.02984568828 0.000225390146913
2.0309570989 0.0
2.03206850951 0.000225390146913
2.03317992013 0.0
2.03429133075 0.000225390146913
2.03540274136 0.000225390146913
2.03651415198 0.0
2.03762556259 0.0
2.03873697321 0.0
2.03984838383 0.0
2.04095979444 0.0
2.04207120506 0.000225390146913
2.04318261567 0.000225390146913
2.04429402629 0.0
2.04540543691 0.0
2.04651684752 0.0
2.04762825814 0.0
2.04873966875 0.0
2.04985107937 0.000225390146913
2.05096248998 0.000225390146913
2.0520739006 0.0
2.05318531122 0.0
2.05429672183 0.0
2.05540813245 0.000450780293826
2.05651954306 0.000225390146913
2.05763095368 0.0
2.0587423643 0.000225390146913
2.05985377491 0.0
2.06096518553 0.000225390146913
2.06207659614 0.0
2.06318800676 0.000225390146913
2.06429941738 0.0
2.06541082799 0.0
2.06652223861 0.0
2.06763364922 0.0
2.06874505984 0.0
2.06985647046 0.0
2.07096788107 0.0
2.07207929169 0.0
2.0731907023 0.0
2.07430211292 0.0
2.07541352354 0.0
2.07652493415 0.0
2.07763634477 0.0
2.07874775538 0.0
2.079859166 0.0
2.08097057661 0.00067617044074
2.08208198723 0.000225390146913
2.08319339785 0.0
2.08430480846 0.000225390146913
2.08541621908 0.000225390146913
2.08652762969 0.0
2.08763904031 0.0
2.08875045093 0.0
2.08986186154 0.000450780293826
2.09097327216 0.0
2.09208468277 0.0
2.09319609339 0.0
2.09430750401 0.0
2.09541891462 0.000901560587653
2.09653032524 0.000450780293826
2.09764173585 0.0
2.09875314647 0.0
2.09986455709 0.0
2.1009759677 0.000225390146913
2.10208737832 0.0
2.10319878893 0.000225390146913
2.10431019955 0.0
2.10542161017 0.0
2.10653302078 0.0
2.1076444314 0.0
2.10875584201 0.0
2.10986725263 0.0
2.11097866324 0.0
2.11209007386 0.0
2.11320148448 0.0
2.11431289509 0.0
2.11542430571 0.00067617044074
2.11653571632 0.000225390146913
2.11764712694 0.0
2.11875853756 0.0
2.11986994817 0.0
2.12098135879 0.0
2.1220927694 0.0
2.12320418002 0.000225390146913
2.12431559064 0.000225390146913
2.12542700125 0.0
2.12653841187 0.000450780293826
2.12764982248 0.000225390146913
2.1287612331 0.000225390146913
2.12987264372 0.0
2.13098405433 0.0
2.13209546495 0.0
2.13320687556 0.0
2.13431828618 0.0
2.1354296968 0.0
2.13654110741 0.0
2.13765251803 0.0
2.13876392864 0.0
2.13987533926 0.0
2.14098674987 0.0
2.14209816049 0.0
2.14320957111 0.0
2.14432098172 0.0
2.14543239234 0.0
2.14654380295 0.0
2.14765521357 0.0
2.14876662419 0.0
2.1498780348 0.0
2.15098944542 0.000225390146913
2.15210085603 0.000225390146913
2.15321226665 0.0
2.15432367727 0.0
2.15543508788 0.0
2.1565464985 0.0
2.15765790911 0.0
2.15876931973 0.0
2.15988073035 0.0
2.16099214096 0.0
2.16210355158 0.0
2.16321496219 0.0
2.16432637281 0.0
2.16543778343 0.0
2.16654919404 0.0
2.16766060466 0.0
2.16877201527 0.000450780293826
2.16988342589 0.0
2.1709948365 0.0
2.17210624712 0.0
2.17321765774 0.0
2.17432906835 0.0
2.17544047897 0.0
2.17655188958 0.0
2.1776633002 0.0
2.17877471082 0.0
2.17988612143 0.0
2.18099753205 0.0
2.18210894266 0.0
2.18322035328 0.0
2.1843317639 0.0
2.18544317451 0.0
2.18655458513 0.0
2.18766599574 0.0
2.18877740636 0.0
2.18988881698 0.0
2.19100022759 0.0
2.19211163821 0.0
2.19322304882 0.0
2.19433445944 0.0
2.19544587006 0.0
2.19655728067 0.000225390146913
2.19766869129 0.000225390146913
2.1987801019 0.0
2.19989151252 0.0
2.20100292313 0.0
2.20211433375 0.0
2.20322574437 0.0
2.20433715498 0.0
2.2054485656 0.0
2.20655997621 0.0
2.20767138683 0.0
2.20878279745 0.0
2.20989420806 0.0
2.21100561868 0.0
2.21211702929 0.0
2.21322843991 0.0
2.21433985053 0.0
2.21545126114 0.0
2.21656267176 0.0
2.21767408237 0.0
2.21878549299 0.0
2.21989690361 0.0
2.22100831422 0.0
2.22211972484 0.0
2.22323113545 0.0
2.22434254607 0.0
2.22545395669 0.0
2.2265653673 0.0
2.22767677792 0.0
2.22878818853 0.0
2.22989959915 0.0
2.23101100976 0.0
2.23212242038 0.0
2.233233831 0.0
2.23434524161 0.0
2.23545665223 0.0
2.23656806284 0.0
2.23767947346 0.0
2.23879088408 0.0
2.23990229469 0.000225390146913
