0.00141309454727 0.00278976281765
0.00293728364182 0.00361028129343
0.00446147273637 0.0111590512706
0.00598566183092 0.0123077771367
0.00750985092546 0.0124718808318
0.00903404002001 0.0175590953817
0.0105582291146 0.0172308879914
0.0120824182091 0.0256001764443
0.0136066073037 0.0198565471138
0.0151307963982 0.0247796579685
0.0166549854927 0.0251078653588
0.0181791745873 0.0288822503474
0.0197033636818 0.0236309321024
0.0212275527764 0.029538665128
0.0227517418709 0.032656635336
0.0242759309655 0.0254360727491
0.02580012006 0.0292104577377
0.0273243091546 0.0308514946893
0.0288484982491 0.027405317091
0.0303726873437 0.0344617759827
0.0318968764382 0.0362669166294
0.0334210655328 0.0374156424955
0.0349452546273 0.0339694648972
0.0364694437219 0.0341335685924
0.0379936328164 0.0324925316408
0.039517821911 0.0387284720568
0.0410420110055 0.0364310203246
0.0425662001001 0.0367592277149
0.0440903891946 0.0388925757519
0.0456145782891 0.0398771979228
0.0471387673837 0.0364310203246
0.0486629564782 0.0406977163986
0.0501871455728 0.03692333141
0.0517113346673 0.0425028570453
0.0532355237619 0.0415182348744
0.0547597128564 0.0444721013872
0.056283901951 0.0420105459599
0.0578080910455 0.0426669607405
0.0593322801401 0.0425028570453
0.0608564692346 0.0428310644356
0.0623806583292 0.0416823385696
0.0639048474237 0.0461131383388
0.0654290365183 0.0487387974613
0.0669532256128 0.0489029011564
0.0684774147074 0.045292619863
0.0700016038019 0.0485746937661
0.0715257928964 0.0461131383388
0.073049981991 0.0492311085467
0.0745741710855 0.049559315937
0.0760983601801 0.0512003528886
0.0776225492746 0.0551388415723
0.0791467383692 0.0470977605097
0.0806709274637 0.0533337009256
0.0821951165583 0.0493952122419
0.0837193056528 0.0490670048516
0.0852434947474 0.0515285602789
0.0867676838419 0.0551388415723
0.0882918729365 0.0584209154754
0.089816062031 0.0534978046208
0.0913402511256 0.0533337009256
0.0928644402201 0.0475900715952
0.0943886293147 0.0582568117803
0.0959128184092 0.0587491228657
0.0974370075038 0.0559593600481
0.0989611965983 0.0572721896093
0.100485385693 0.0556311526578
0.102009574787 0.0613747819882
0.103533763882 0.0576003969997
0.105057952976 0.0554670489626
0.106582142071 0.0595696413415
0.108106331166 0.0628517152446
0.10963052026 0.0592414339512
0.111154709355 0.0613747819882
0.112678898449 0.0618670930737
0.114203087544 0.0615388856834
0.115727276638 0.0658055817574
0.117251465733 0.0649850632817
0.118775654827 0.064328648501
0.120299843922 0.0595696413415
0.121824033017 0.0658055817574
0.123348222111 0.0644927521962
0.124872411206 0.0677748260993
0.1263966003 0.0623594041592
0.127920789395 0.0672825150138
0.129444978489 0.0689235519654
0.130969167584 0.067446618709
0.132493356678 0.0704004852218
0.134017545773 0.065313270672
0.135541734867 0.070564588917
0.137065923962 0.064328648501
0.138590113057 0.069579966746
0.140114302151 0.0782774625893
0.141638491246 0.0722056258685
0.14316268034 0.072697936954
0.144686869435 0.0715492110879
0.146211058529 0.0751594923813
0.147735247624 0.0710569000024
0.149259436718 0.0685953445751
0.150783625813 0.0756518034668
0.152307814907 0.0787697736747
0.153832004002 0.0725338332588
0.155356193097 0.0787697736747
0.156880382191 0.069579966746
0.158404571286 0.0766364256377
0.15992876038 0.076964633028
0.161452949475 0.074831284991
0.162977138569 0.0815595364924
0.164501327664 0.076964633028
0.166025516758 0.0772928404183
0.167549705853 0.0792620847602
0.169073894947 0.0869749584325
0.170598084042 0.0786056699796
0.172122273137 0.0850057140907
0.173646462231 0.0792620847602
0.175170651326 0.0802467069311
0.17669484042 0.0825441586633
0.178219029515 0.0799184995408
0.179743218609 0.0835287808343
0.181267407704 0.083200573444
0.182791596798 0.0813954327972
0.184315785893 0.0813954327972
0.185839974987 0.0856621288713
0.187364164082 0.0841851956149
0.188888353177 0.0815595364924
0.190412542271 0.0925544840678
0.191936731366 0.0840210919197
0.19346092046 0.0828723660536
0.194985109555 0.0871390621277
0.196509298649 0.0876313732132
0.198033487744 0.0813954327972
0.199557676838 0.0899288249453
0.201081865933 0.0881236842986
0.202606055028 0.0859903362616
0.204130244122 0.0923903803727
0.205654433217 0.0948519358
0.207178622311 0.0868108547374
0.208702811406 0.0900929286405
0.2102270005 0.087467269518
0.211751189595 0.087467269518
0.213275378689 0.0861544399568
0.214799567784 0.092718587763
0.216323756878 0.0928826914581
0.217847945973 0.0869749584325
0.219372135068 0.0914057582017
0.220896324162 0.092718587763
0.222420513257 0.092718587763
0.223944702351 0.0882877879938
0.225468891446 0.0966570764467
0.22699308054 0.0918980692872
0.228517269635 0.0945237284097
0.230041458729 0.0943596247145
0.231565647824 0.0950160394952
0.233089836918 0.0933750025436
0.234614026013 0.0935391062388
0.236138215108 0.0951801431903
0.237662404202 0.0963288690564
0.239186593297 0.0984622170934
0.240710782391 0.0984622170934
0.242234971486 0.0971493875322
0.24375916058 0.0994468392644
0.245283349675 0.0928826914581
0.246807538769 0.0938673136291
0.248331727864 0.0974775949225
0.249855916958 0.104041742729
0.251380106053 0.096985283837
0.252904295148 0.1050263649
0.254428484242 0.0953442468855
0.255952673337 0.0955083505806
0.257476862431 0.101087876216
0.259001051526 0.104534053814
0.26052524062 0.102893016863
0.262049429715 0.103549431643
0.263573618809 0.101087876216
0.265097807904 0.097969906008
0.266621996998 0.106831505546
0.268146186093 0.10059556513
0.269670375188 0.107816127717
0.271194564282 0.106175090766
0.272718753377 0.107323816632
0.274242942471 0.107816127717
0.275767131566 0.108144335108
0.27729132066 0.102400705777
0.278815509755 0.106339194461
0.280339698849 0.114380275524
0.281863887944 0.109457164669
0.283388077039 0.111262305316
0.284912266133 0.112246927487
0.286436455228 0.111754616401
0.287960644322 0.118975178988
0.289484833417 0.114380275524
0.291009022511 0.111918720096
0.292533211606 0.11552900139
0.2940574007 0.12094442333
0.295581589795 0.114544379219
0.297105778889 0.123570082452
0.298629967984 0.119959801159
0.300154157079 0.125539326794
0.301678346173 0.125047015709
0.303202535268 0.117662349427
0.304726724362 0.126523948965
0.306250913457 0.127180363746
0.307775102551 0.129641919173
0.309299291646 0.119959801159
0.31082348074 0.134565030028
0.312347669835 0.129477815478
0.313871858929 0.130298333954
0.315396048024 0.128821400697
0.316920237119 0.13751889654
0.318444426213 0.136206066979
0.319968615308 0.131611163515
0.321492804402 0.139980451968
0.323016993497 0.137026585455
0.324541182591 0.14194969631
0.326065371686 0.143426629566
0.32758956078 0.148677947811
0.329113749875 0.14260611109
0.330637938969 0.141621488919
0.332162128064 0.149662569982
0.333686317159 0.146708703469
0.335210506253 0.154093369751
0.336734695348 0.156226717788
0.338258884442 0.153436954971
0.339783073537 0.149990777372
0.341307262631 0.155898510398
0.342831451726 0.160493413862
0.34435564082 0.154093369751
0.345879829915 0.157539547349
0.34740401901 0.166237043193
0.348928208104 0.16295496929
0.350452397199 0.176247368597
0.351976586293 0.161478036033
0.353500775388 0.166893457973
0.355024964482 0.176083264902
0.356549153577 0.171488361438
0.358073342671 0.171816568828
0.359597531766 0.172144776218
0.36112172086 0.185108968136
0.362645909955 0.177231990768
0.36417009905 0.180185857281
0.365694288144 0.182155101623
0.367218477239 0.186914108782
0.368742666333 0.18428844966
0.370266855428 0.19446287876
0.371791044522 0.186421797697
0.373315233617 0.185108968136
0.374839422711 0.197744952663
0.376363611806 0.196103915711
0.3778878009 0.199385989614
0.379411989995 0.191509012247
0.38093617909 0.201027026566
0.382460368184 0.203652685688
0.383984557279 0.204309100469
0.385508746373 0.202832167212
0.387032935468 0.207262966982
0.388557124562 0.206934759591
0.390081313657 0.209068107628
0.391605502751 0.21579635913
0.393129691846 0.221704092155
0.39465388094 0.205129618945
0.396178070035 0.223673336497
0.39770225913 0.217273292386
0.399226448224 0.221047677375
0.400750637319 0.230401587999
0.402274826413 0.224329751278
0.403799015508 0.223181025412
0.405323204602 0.231058002779
0.406847393697 0.238606772756
0.408371582791 0.230729795389
0.409895771886 0.237786254281
0.41141996098 0.238278565366
0.412944150075 0.240247809708
0.41446833917 0.245006816867
0.415992528264 0.242052950355
0.417516717359 0.253540209016
0.419040906453 0.241396535574
0.420565095548 0.251570964674
0.422089284642 0.255017142272
0.423613473737 0.249601720332
0.425137662831 0.256165868138
0.426661851926 0.252555586845
0.428186041021 0.26355053442
0.429710230115 0.267160815714
0.43123441921 0.259940253127
0.432758608304 0.268473645275
0.434282797399 0.264206949201
0.435806986493 0.274709585691
0.437331175588 0.276350622642
0.438855364682 0.277335244813
0.440379553777 0.266340297238
0.441903742871 0.281766044582
0.443427931966 0.28422760001
0.444952121061 0.280453215021
0.446476310155 0.28997122934
0.44800049925 0.287837881303
0.449524688344 0.299161036269
0.451048877439 0.290463540426
0.452573066533 0.296863584537
0.454097255628 0.298340517793
0.455621444722 0.301622591696
0.457145633817 0.299653347354
0.458669822911 0.298996932574
0.460194012006 0.306381598856
0.461718201101 0.311961124491
0.463242390195 0.308679050588
0.46476657929 0.31097650232
0.466290768384 0.324268901628
0.467814957479 0.319673998163
0.469339146573 0.308843154283
0.470863335668 0.326074042274
0.472387524762 0.315571405784
0.473911713857 0.330012530958
0.475435902951 0.32623814597
0.476960092046 0.333951019642
0.478484281141 0.324104797933
0.480008470235 0.33772540463
0.48153265933 0.332638190081
0.483056848424 0.340843374838
0.484581037519 0.333622812252
0.486105226613 0.346915211559
0.487629415708 0.351017803938
0.489153604802 0.350033181767
0.490677793897 0.35331525567
0.492201982991 0.353807566756
0.493726172086 0.353971670451
0.495250361181 0.349704974377
0.496774550275 0.374484632345
0.49829873937 0.360699921952
0.499822928464 0.364474306941
0.501347117559 0.374484632345
0.502871306653 0.373500010174
0.504395495748 0.373828217565
0.505919684842 0.381376987542
0.507443873937 0.380720572761
0.508968063032 0.387284720568
0.510492252126 0.390074483385
0.512016441221 0.385807787311
0.513540630315 0.394833490545
0.51506481941 0.396146320106
0.516589008504 0.399756601399
0.518113197599 0.405992541815
0.519637386693 0.39466938685
0.521161575788 0.414690037659
0.522685764882 0.414690037659
0.524209953977 0.407141267681
0.525734143072 0.420925978074
0.527258332166 0.411736171146
0.528782521261 0.418136215257
0.530306710355 0.421910600245
0.53183089945 0.431428614564
0.533355088544 0.430772199784
0.534879277639 0.427654229576
0.536403466733 0.436844036505
0.537927655828 0.425356777844
0.539451844922 0.446362050824
0.540976034017 0.43766455498
0.542500223112 0.436187621724
0.544024412206 0.454239028191
0.545548601301 0.44242356214
0.547072790395 0.456372376228
0.54859697949 0.447018465604
0.550121168584 0.453910820801
0.551645357679 0.465562183157
0.553169546773 0.454239028191
0.554693735868 0.464741664681
0.556217924962 0.466218597937
0.557742114057 0.471469916182
0.559266303152 0.474916093781
0.560790492246 0.482628967453
0.562314681341 0.480331515721
0.563838870435 0.485254626575
0.56536305953 0.477049441818
0.566887248624 0.487387974613
0.568411437719 0.493131603943
0.569935626813 0.492967500248
0.571459815908 0.491654670687
0.572984005003 0.499695751749
0.574508194097 0.498711129578
0.576032383192 0.50543938108
0.577556572286 0.507736832812
0.579080761381 0.507080418031
0.580604950475 0.509213766068
0.58212913957 0.515777913874
0.583653328664 0.519224091473
0.585177517759 0.513972773228
0.586701706853 0.52644465406
0.588225895948 0.519880506253
0.589750085043 0.531039557524
0.591274274137 0.531695972305
0.592798463232 0.52644465406
0.594322652326 0.542855023575
0.595846841421 0.540557571843
0.597371030515 0.531203661219
0.59889521961 0.544988371612
0.600419408704 0.547449927039
0.601943597799 0.550732000943
0.603467786893 0.552701245284
0.604991975988 0.55860897831
0.606516165083 0.569275718495
0.608040354177 0.559921807871
0.609564543272 0.570096236971
0.611088732366 0.563039778079
0.612612921461 0.563203881774
0.614137110555 0.577973214338
0.61566129965 0.57452703674
0.617185488744 0.582239910413
0.618709677839 0.573378310874
0.620233866933 0.580598873461
0.621758056028 0.576496281082
0.623282245123 0.596516931891
0.624806434217 0.593234857988
0.626330623312 0.584865569535
0.627854812406 0.589624576695
0.629379001501 0.602096457526
0.630903190595 0.597993865147
0.63242737969 0.609481123808
0.633951568784 0.60029131688
0.635475757879 0.608004190552
0.636999946973 0.60094773166
0.638524136068 0.622773523116
0.640048325163 0.618506827042
0.641572514257 0.609152916418
0.643096703352 0.627696633971
0.644620892446 0.622281212031
0.646145081541 0.620311967689
0.647669270635 0.635409507643
0.64919345973 0.628517152446
0.650717648824 0.641317240669
0.652241837919 0.636722337204
0.653766027014 0.643778796096
0.655290216108 0.640004411107
0.656814405203 0.649358321731
0.658338594297 0.644599314572
0.659862783392 0.653296810415
0.661386972486 0.66363534321
0.662911161581 0.658712232355
0.664435350675 0.651819877159
0.66595953977 0.666753313418
0.667483728864 0.65821992127
0.669007917959 0.668886661455
0.670532107054 0.675943120346
0.672056296148 0.675614912956
0.673580485243 0.678568779469
0.675104674337 0.669707179931
0.676628863432 0.67955340164
0.678153052526 0.685132927275
0.679677241621 0.684312408799
0.681201430715 0.691697075081
0.68272561981 0.70055867462
0.684249808904 0.694158630509
0.685773997999 0.710076688939
0.687298187094 0.709584377853
0.688822376188 0.702363815267
0.690346565283 0.714179281318
0.691870754377 0.720907532819
0.693394943472 0.706138200255
0.694919132566 0.718445977392
0.696443321661 0.712045933281
0.697967510755 0.736825591249
0.69949169985 0.714835696098
0.701015888944 0.735184554298
0.702540078039 0.729276821272
0.704064267134 0.735020450602
0.705588456228 0.739615354067
0.707112645323 0.744374361226
0.708636834417 0.745358983397
0.710161023512 0.751759027508
0.711685212606 0.748476953605
0.713209401701 0.747820538825
0.714733590795 0.759636004876
0.71625777989 0.757502656839
0.717781968984 0.766200152682
0.719306158079 0.756025723582
0.720830347174 0.765543737901
0.722354536268 0.768497604414
0.723878725363 0.772764300488
0.725402914457 0.777030996562
0.726927103552 0.776046374391
0.728451292646 0.771451470927
0.729975481741 0.792784951297
0.731499670835 0.77982075938
0.73302385993 0.78556438871
0.734548049025 0.785072077625
0.736072238119 0.797872165847
0.737596427214 0.777687411343
0.739120616308 0.796559336286
0.740644805403 0.796231128896
0.742168994497 0.802959380397
0.743693183592 0.803451691482
0.745217372686 0.800005513884
0.746741561781 0.814282535363
0.748265750875 0.820846683169
0.74978993997 0.809195320813
0.751314129065 0.818221024046
0.752838318159 0.82215951273
0.754362507254 0.818221024046
0.755886696348 0.816251779705
0.757410885443 0.83299035661
0.758935074537 0.82691851989
0.760459263632 0.830364697488
0.761983452726 0.827082623585
0.763507641821 0.836600637904
0.765031830915 0.841851956149
0.76655602001 0.841195541368
0.768080209105 0.833154460306
0.769604398199 0.850221244602
0.771128587294 0.843821200491
0.772652776388 0.857441807189
0.774176965483 0.845790444833
0.775701154577 0.850221244602
0.777225343672 0.86892906585
0.778749532766 0.851862281553
0.780273721861 0.855800770237
0.781797910955 0.872375243448
0.78332210005 0.876149628436
0.784846289145 0.865482888251
0.786370478239 0.885831746451
0.787894667334 0.88517533167
0.789418856428 0.884354813194
0.790943045523 0.886159953841
0.792467234617 0.891411272086
0.793991423712 0.896334382941
0.795515612806 0.894693345989
0.797039801901 0.894529242294
0.798563990995 0.894529242294
0.80008818009 0.894529242294
0.801612369185 0.885667642755
0.803136558279 0.917339655921
0.804660747374 0.898631834673
0.806184936468 0.910939611809
0.807709125563 0.907165226821
0.809233314657 0.910283197029
0.810757503752 0.915042204188
0.812281692846 0.923083285251
0.813805881941 0.914057582017
0.815330071036 0.92242687047
0.81685426013 0.929155121972
0.818378449225 0.919801211348
0.819902638319 0.929319225667
0.821426827414 0.918816589177
0.822951016508 0.936047477168
0.824475205603 0.940970588023
0.825999394697 0.917831967006
0.827523583792 0.937852617815
0.829047772886 0.936211580863
0.830571961981 0.937524410425
0.832096151076 0.934898751302
0.83362034017 0.943760350841
0.835144529265 0.948519358
0.836668718359 0.942447521279
0.838192907454 0.953114261464
0.839717096548 0.938673136291
0.841241285643 0.971001564236
0.842765474737 0.954919402111
0.844289663832 0.961975861003
0.845813852926 0.953770676245
0.847338042021 0.978550334214
0.848862231116 0.962960483174
0.85038642021 0.970837460541
0.851910609305 0.967391282943
0.853434798399 0.983637548763
0.854958987494 0.976745193567
0.856483176588 0.973955430749
0.858007365683 0.978058023128
0.859531554777 0.981340097031
0.861055743872 0.987740141142
0.862579932966 0.992663251997
0.864104122061 0.987247830057
0.865628311156 0.997586362852
0.86715250025 0.999227399803
0.868676689345 0.990037592874
0.870200878439 0.991186318741
0.871725067534 1.00447871805
0.873249256628 0.993976081558
0.874773445723 1.00579154761
0.876297634817 0.998899192413
0.877821823912 1.01186338433
0.879346013007 1.01235569542
0.880870202101 1.01399673237
0.882394391196 1.00004791828
0.88391858029 1.01744290997
0.885442769385 1.01219159172
0.886966958479 1.01924805061
0.888491147574 1.01875573953
0.890015336668 1.01334031759
0.891539525763 1.02335064299
0.893063714857 1.00973003629
0.894587903952 1.03221224253
0.896112093047 1.01678649518
0.897636282141 1.03549431643
0.899160471236 1.01350442128
0.90068466033 1.03729945708
0.902208849425 1.03073530927
0.903733038519 1.01219159172
0.905257227614 1.03976101251
0.906781416708 1.03877639034
0.908305605803 1.02679682059
0.909829794897 1.02909427232
0.911353983992 1.03270455361
0.912878173087 1.04648926401
0.914402362181 1.04189436054
0.915926551276 1.03631483491
0.91745074037 1.03615073121
0.918974929465 1.03418148687
0.920499118559 1.04386360489
0.922023307654 1.04583284923
0.923547496748 1.03401738318
0.925071685843 1.05157647856
0.926595874937 1.03943280512
0.928120064032 1.05288930812
0.929644253127 1.03877639034
0.931168442221 1.04862261205
0.932692631316 1.063720152
0.93421682041 1.05633548572
0.935741009505 1.04747388618
0.937265198599 1.05764831528
0.938789387694 1.05814062636
0.940313576788 1.05288930812
0.941837765883 1.04993544161
0.943361954977 1.06815095177
0.944886144072 1.06470477417
0.946410333167 1.06257142613
0.947934522261 1.06322784091
0.949458711356 1.06749453699
0.95098290045 1.05781241897
0.952507089545 1.0737304774
0.954031278639 1.0738945811
0.955555467734 1.06109449288
0.957079656828 1.06847915916
0.958603845923 1.0706125072
0.960128035018 1.0671663296
0.961652224112 1.07176123306
0.963176413207 1.06207911505
0.964700602301 1.07323816632
0.966224791396 1.06847915916
0.96774898049 1.07208944045
0.969273169585 1.07947410673
0.970797358679 1.0706125072
0.972321547774 1.08127924738
0.973845736868 1.08127924738
0.975369925963 1.08571004715
0.976894115058 1.08636646193
0.978418304152 1.07028429981
0.979942493247 1.09145367648
0.981466682341 1.0840690102
0.982990871436 1.0873510841
0.98451506053 1.08045872891
0.986039249625 1.0873510841
0.987563438719 1.09178188387
0.989087627814 1.08784339519
0.990611816908 1.07520741066
0.992136006003 1.09243829865
0.993660195098 1.09342292082
0.995184384192 1.077176655
0.996708573287 1.09145367648
0.998232762381 1.09145367648
0.999756951476 1.09112546909
1.00128114057 1.08357669911
1.00280532966 1.06913557394
1.00432951876 1.08456132128
1.00585370785 1.08669466932
1.00737789695 1.07323816632
1.00890208604 1.08472542498
1.01042627514 1.08013052151
1.01195046423 1.08144335108
1.01347465333 1.07438689218
1.01499884242 1.07192533676
1.01652303152 1.08111514369
1.01804722061 1.08226386955
1.0195714097 1.07980231412
1.0210955988 1.07586382544
1.02261978789 1.07799717348
1.02414397699 1.07619203283
1.02566816608 1.09473575038
1.02719235518 1.08423311389
1.02871654427 1.09572037255
1.03024073337 1.09260240235
1.03176492246 1.08095103999
1.03328911156 1.08932032844
1.03481330065 1.08554594346
1.03633748974 1.0940793356
1.03786167884 1.09178188387
1.03938586793 1.10228452036
1.04091005703 1.09572037255
1.04243424612 1.09325881713
1.04395843522 1.08620235824
1.04548262431 1.08702287671
1.04700681341 1.09375112821
1.0485310025 1.0909613654
1.0500551916 1.09703320212
1.05157938069 1.07569972175
1.05310356978 1.08029462521
1.05462775888 1.08029462521
1.05615194797 1.08341259542
1.05767613707 1.08554594346
1.05920032616 1.077176655
1.06072451526 1.08456132128
1.06224870435 1.08505363237
1.06377289345 1.08177155847
1.06529708254 1.07701255131
1.06682127164 1.0875151878
1.06834546073 1.07783306978
1.06986964982 1.09243829865
1.07139383892 1.08423311389
1.07291802801 1.0806228326
1.07444221711 1.07520741066
1.0759664062 1.07635613653
1.0774905953 1.07094071459
1.07901478439 1.07865358826
1.08053897349 1.07422278849
1.08206316258 1.07159712937
1.08358735168 1.06519708526
1.08511154077 1.07208944045
1.08663572986 1.06946378133
1.08815991896 1.07208944045
1.08968410805 1.06142270027
1.09120829715 1.07077661089
1.09273248624 1.06273552983
1.09425667534 1.05288930812
1.09578086443 1.07126892198
1.09730505353 1.07684844761
1.09882924262 1.07274585523
1.10035343172 1.06388425569
1.10187762081 1.06880736655
1.1034018099 1.06076628549
1.104925999 1.06470477417
1.10645018809 1.06158680396
1.10797437719 1.05764831528
1.10949856628 1.05584317463
1.11102275538 1.05206878964
1.11254694447 1.06125859657
1.11407113357 1.04140204946
1.11559532266 1.04862261205
1.11711951176 1.05732010789
1.11864370085 1.04140204946
1.12016788994 1.03959690881
1.12169207904 1.0433712938
1.12321626813 1.04123794576
1.12474045723 1.03434559057
1.12626464632 1.04402770858
1.12778883542 1.03221224253
1.12931302451 1.0399251162
1.13083721361 1.04025332359
1.1323614027 1.02942247971
1.1338855918 1.03533021274
1.13540978089 1.03385327948
1.13693396998 1.02449936886
1.13845815908 1.03598662752
1.13998234817 1.02417116147
1.14150653727 1.02088908756
1.14303072636 1.0095659326
1.14455491546 1.03007889449
1.14607910455 1.03171993144
1.14760329365 1.01645828779
1.14912748274 1.02023267278
1.15065167184 1.01990446539
1.15217586093 1.01727880627
1.15370005003 1.00136074784
1.15522423912 1.01678649518
1.15674842821 1.0128480065
1.15827261731 0.999227399803
1.1597968064 1.01596597671
1.1613209955 0.989052970704
1.16284518459 0.996437636986
1.16436937369 1.00447871805
1.16589356278 1.00054022936
1.16741775188 0.980191371165
1.16894194097 0.993647874168
1.17046613007 0.99020169657
1.17199031916 0.980519578555
1.17351450825 0.988396555923
1.17503869735 0.981832408117
1.17656288644 0.981011889641
1.17808707554 0.995781222205
1.17961126463 0.982652926592
1.18113545373 0.983145237678
1.18265964282 0.982652926592
1.18418383192 0.979534956385
1.18570802101 0.974119534444
1.18723221011 0.974447741835
1.1887563992 0.972806704883
1.19028058829 0.965914349687
1.19180477739 0.96919642359
1.19332896648 0.971493875322
1.19485315558 0.954262987331
1.19637734467 0.961483549917
1.19790153377 0.954427091026
1.19942572286 0.964273312735
1.20094991196 0.961647653613
1.20247410105 0.948355254305
1.20399829015 0.960006616661
1.20552247924 0.948355254305
1.20704666833 0.94819115061
1.20857085743 0.944416765621
1.21009504652 0.928334603496
1.21161923562 0.945073180402
1.21314342471 0.936211580863
1.21466761381 0.927349981325
1.2161918029 0.938509032596
1.217715992 0.937032099339
1.21924018109 0.920621729824
1.22076437019 0.931124366314
1.22228855928 0.912416545066
1.22381274837 0.92209866308
1.22533693747 0.92784229241
1.22686112656 0.922590974165
1.22838531566 0.908806263772
1.22990950475 0.905688293564
1.23143369385 0.906672915735
1.23295788294 0.908806263772
1.23448207204 0.900601079015
1.23600626113 0.901749804881
1.23753045023 0.898795938368
1.23905463932 0.892067686867
1.24057882841 0.895842071855
1.24210301751 0.895185657074
1.2436272066 0.888457405573
1.2451513957 0.881236842986
1.24667558479 0.870898310191
1.24819977389 0.881072739291
1.24972396298 0.873852176704
1.25124815208 0.870405999106
1.25277234117 0.86958548063
1.25429653027 0.870405999106
1.25582071936 0.859739258921
1.25734490845 0.866959821508
1.25886909755 0.85875463675
1.26039328664 0.852354592639
1.26191747574 0.861872606958
1.26344166483 0.851369970468
1.26496585393 0.858098221969
1.26649004302 0.851862281553
1.26801423212 0.859903362616
1.26953842121 0.841195541368
1.27106261031 0.842344267234
1.2725867994 0.83266214922
1.27411098849 0.839554504417
1.27563517759 0.822815927511
1.27715936668 0.839554504417
1.27868355578 0.833154460306
1.28020774487 0.823472342291
1.28173193397 0.832169838135
1.28325612306 0.828395453146
1.28478031216 0.828559556841
1.28630450125 0.821995409035
1.28782869035 0.816579987095
1.28935287944 0.811820979935
1.29087706853 0.802138861921
1.29240125763 0.81165687624
1.29392544672 0.804436313653
1.29544963582 0.803615795178
1.29697382491 0.797215751067
1.29849801401 0.808046594947
1.3000222031 0.799841410189
1.3015463922 0.788190047833
1.30307058129 0.781461796332
1.30459477039 0.796395232591
1.30611895948 0.780969485246
1.30764314857 0.789174670004
1.30916733767 0.776046374391
1.31069152676 0.773748922659
1.31221571586 0.764723219426
1.31373990495 0.776866892867
1.31526409405 0.763410389864
1.31678828314 0.776046374391
1.31831247224 0.770138641366
1.31983666133 0.760620627047
1.32136085043 0.773913026354
1.32288503952 0.771615574622
1.32440922861 0.75307185707
1.32593341771 0.755205205107
1.3274576068 0.7588154864
1.3289817959 0.754712894021
1.33050598499 0.744866672312
1.33203017409 0.741420494714
1.33355436318 0.747492331434
1.33507855228 0.740599976238
1.33660274137 0.747492331434
1.33812693047 0.73781021342
1.33965111956 0.729605028662
1.34117530865 0.720907532819
1.34269949775 0.719758806953
1.34422368684 0.72665116215
1.34574787594 0.713851073927
1.34727206503 0.717953666306
1.34879625413 0.716312629355
1.35032044322 0.707779237207
1.35184463232 0.704661266999
1.35336882141 0.705317681779
1.35489301051 0.702527918962
1.3564171996 0.701379193096
1.35794138869 0.705153578084
1.35946557779 0.694650941594
1.36098976688 0.696456082241
1.36251395598 0.691040660301
1.36403814507 0.694650941594
1.36556233417 0.686609860532
1.36708652326 0.678240572079
1.36861071236 0.681686749677
1.37013490145 0.670855905797
1.37165909055 0.667245624503
1.37318327964 0.677584157298
1.37470746873 0.666589209723
1.37623165783 0.662158409953
1.37775584692 0.655758365842
1.37928003602 0.659860958221
1.38080422511 0.66937897254
1.38232841421 0.652804499329
1.3838526033 0.652148084549
1.3853767924 0.650671151292
1.38690098149 0.643778796096
1.38842517059 0.648209595865
1.38994935968 0.64263007023
1.39147354877 0.629829982008
1.39299773787 0.640332618498
1.39452192696 0.622773523116
1.39604611606 0.63754285568
1.39757030515 0.632291537435
1.39909449425 0.639183892632
1.40061868334 0.622445315726
1.40214287244 0.616373479005
1.40366706153 0.622937626811
1.40519125063 0.613419612492
1.40671543972 0.619655552908
1.40823962881 0.606691360991
1.40976381791 0.617850412261
1.411288007 0.626383804409
1.4128121961 0.599470798404
1.41433638519 0.618342723347
1.41586057429 0.609317020113
1.41738476338 0.596516931891
1.41890895248 0.611942679236
1.42043314157 0.591593821036
1.42195733067 0.58470146584
1.42348151976 0.586998917572
1.42500570885 0.572885999789
1.42652989795 0.580927080851
1.42805408704 0.591429717341
1.42957827614 0.575675762606
1.43110246523 0.587819436048
1.43262665433 0.580762977156
1.43415084342 0.577152695863
1.43567503252 0.575183451521
1.43719922161 0.565009022421
1.43872341071 0.568947511105
1.4402475998 0.560742326347
1.44177178889 0.567470577848
1.44329597799 0.549911482467
1.44482016708 0.557460252444
1.44634435618 0.552537141589
1.44786854527 0.551388415723
1.44939273437 0.543183230965
1.45091692346 0.545972993783
1.45244111256 0.532352387085
1.45396530165 0.550239689857
1.45548949075 0.528249794706
1.45701367984 0.537111394245
1.45853786893 0.537111394245
1.46006205803 0.539244742282
1.46158624712 0.51594201757
1.46311043622 0.534813942513
1.46463462531 0.522177957986
1.46615881441 0.518239469302
1.4676830035 0.517090743436
1.4692071926 0.509870180849
1.47073138169 0.510198388239
1.47225557079 0.515777913874
1.47377975988 0.495100848285
1.47530394897 0.48984953004
1.47682813807 0.503306033043
1.47835232716 0.486239248746
1.47987651626 0.502977825652
1.48140070535 0.491490566991
1.48292489445 0.492803396553
1.48444908354 0.48509052288
1.48597327264 0.4844341081
1.48749746173 0.476064819647
1.48902165083 0.478526375074
1.49054583992 0.474259679
1.49207002901 0.469336568145
1.49359421811 0.478362271379
1.4951184072 0.46851604967
1.4966425963 0.46851604967
1.49816678539 0.465726286852
1.49969097449 0.452597991239
1.50121516358 0.458177516875
1.50273935268 0.458833931655
1.50426354177 0.447346672995
1.50578773087 0.448659502556
1.50731191996 0.460146761217
1.50883610905 0.446854361909
1.51036029815 0.449644124727
1.51188448724 0.443736391701
1.51340867634 0.44209535475
1.51493286543 0.448003087775
1.51645705453 0.44307997692
1.51798124362 0.447018465604
1.51950543272 0.44751077669
1.52102962181 0.434874792163
1.52255381091 0.429295266527
1.524078 0.43224913304
1.52560218909 0.431100407174
1.52712637819 0.436187621724
1.52865056728 0.422731118721
1.53017475638 0.421910600245
1.53169894547 0.419777252208
1.53322313457 0.415346452439
1.53474732366 0.408125889852
1.53627151276 0.412228482231
1.53779570185 0.398115564448
1.53931989095 0.417808007866
1.54084408004 0.402874571607
1.54236826913 0.399756601399
1.54389245823 0.394833490545
1.54541664732 0.397951460753
1.54694083642 0.396474527496
1.54846502551 0.397623253362
1.54998921461 0.397951460753
1.5515134037 0.410259237889
1.5530375928 0.39466938685
1.55456178189 0.395161697935
1.55608597099 0.386300098397
1.55761016008 0.388597550129
1.55913434917 0.381048780152
1.56065853827 0.377274395163
1.56218272736 0.385643683616
1.56370691646 0.366115343892
1.56523110555 0.371694869528
1.56675529465 0.374484632345
1.56827948374 0.36348968477
1.56980367284 0.357089640659
1.57132786193 0.364638410636
1.57285205103 0.35873067761
1.57437624012 0.364474306941
1.57590042921 0.35298704828
1.57742461831 0.353807566756
1.5789488074 0.359222988696
1.5804729965 0.351017803938
1.58199718559 0.355448603707
1.58352137469 0.34789983373
1.58504556378 0.356925536964
1.58656975288 0.346422900474
1.58809394197 0.341827997009
1.58961813107 0.354956292622
1.59114232016 0.341335685924
1.59266650925 0.334771538118
1.59419069835 0.3319817753
1.59571488744 0.332966397471
1.59723907654 0.323612486847
1.59876326563 0.329684323568
1.60028745473 0.323448383152
1.60181164382 0.327715079226
1.60333583292 0.330833049434
1.60486002201 0.32656635336
1.60638421111 0.320166309249
1.6079084002 0.324268901628
1.60943258929 0.315571405784
1.61095677839 0.330997153129
1.61248096748 0.325417627494
1.61400515658 0.316720131651
1.61552934567 0.314914991004
1.61705353477 0.314094472528
1.61857772386 0.318361168602
1.62010191296 0.309171361673
1.62162610205 0.311468813406
1.62315029115 0.306545702551
1.62467448024 0.298012310403
1.62619866933 0.306053391465
1.62772285843 0.305068769294
1.62924704752 0.298668725183
1.63077123662 0.292268681072
1.63229542571 0.293581510634
1.63381961481 0.282586563058
1.6353438039 0.290627644121
1.636867993 0.292432784768
1.63839218209 0.28964302195
1.63991637119 0.284719911095
1.64144056028 0.289150710864
1.64296474937 0.280125007631
1.64448893847 0.28964302195
1.64601312756 0.276350622642
1.64753731666 0.27946859285
1.64906150575 0.276186518947
1.65058569485 0.270442889617
1.65210988394 0.263714638115
1.65363407304 0.279304489155
1.65515826213 0.265027467676
1.65668245123 0.277007037423
1.65820664032 0.271099304397
1.65973082941 0.261417186383
1.66125501851 0.26355053442
1.6627792076 0.25846331987
1.6643033967 0.262401808554
1.66582758579 0.252883794235
1.66735177489 0.265191571372
1.66887596398 0.257478697699
1.67040015308 0.256986386614
1.67192434217 0.249601720332
1.67344853127 0.260268460517
1.67497272036 0.250586342503
1.67649690945 0.248288890771
1.67802109855 0.246976061209
1.67954528764 0.244350402087
1.68106947674 0.250586342503
1.68259366583 0.244514505782
1.68411785493 0.247796579685
1.68564204402 0.236965735805
1.68716623312 0.241232431879
1.68869042221 0.238770876452
1.69021461131 0.239427291232
1.6917388004 0.240411913403
1.69326298949 0.237786254281
1.69478717859 0.228268239962
1.69631136768 0.236965735805
1.69783555678 0.225970788229
1.69935974587 0.235324698853
1.70088393497 0.231878521255
1.70240812406 0.227611825181
1.70393231316 0.232206728645
1.70545650225 0.231550313865
1.70698069135 0.229088758437
1.70850488044 0.225478477144
1.71002906953 0.211529663056
1.71155325863 0.220555366289
1.71307744772 0.213663011093
1.71460163682 0.215960462825
1.71612582591 0.216288670215
1.71765001501 0.224329751278
1.7191742041 0.209560418714
1.7206983932 0.207427070677
1.72222258229 0.214155322178
1.72374677139 0.207919381762
1.72527096048 0.20020650809
1.72679514957 0.20053471548
1.72831933867 0.202339856127
1.72984352776 0.203980893079
1.73136771686 0.195611604626
1.73289190595 0.209068107628
1.73441609505 0.20020650809
1.73594028414 0.199221885919
1.73746447324 0.196924434187
1.73898866233 0.202339856127
1.74051285143 0.197580848967
1.74203704052 0.198237263748
1.74356122961 0.192657738113
1.74508541871 0.188226938344
1.7466096078 0.18396024227
1.7481337969 0.185765382916
1.74965798599 0.193150049198
1.75118217509 0.185601279221
1.75270636418 0.185765382916
1.75423055328 0.187734627258
1.75575474237 0.181662790537
1.75727893147 0.176903783378
1.75880312056 0.176739679683
1.76032730965 0.17920123511
1.76185149875 0.175919161207
1.76337568784 0.181826894233
1.76489987694 0.175098642731
1.76642406603 0.174770435341
1.76794825513 0.170011428181
1.76947244422 0.169190909706
1.77099663332 0.169519117096
1.77252082241 0.169519117096
1.77404501151 0.171160154047
1.7755692006 0.166237043193
1.77709338969 0.167385769059
1.77861757879 0.163775487765
1.78014176788 0.169190909706
1.78166595698 0.16869859862
1.78319014607 0.164431902546
1.78471433517 0.156719028874
1.78623852426 0.159508791691
1.78776271336 0.15278054019
1.78928690245 0.158031858435
1.79081109155 0.155570303008
1.79233528064 0.157375443654
1.79385946973 0.151303606934
1.79538365883 0.157539547349
1.79690784792 0.150811295848
1.79843203702 0.164103695156
1.79995622611 0.149170258897
1.80148041521 0.155077991922
1.8030046043 0.150975399543
1.8045287934 0.146052288689
1.80605298249 0.149990777372
1.80757717159 0.152288229105
1.80910136068 0.140800970444
1.81062554977 0.143918940652
1.81214973887 0.148349740421
1.81367392796 0.149990777372
1.81519811706 0.144247148042
1.81672230615 0.14194969631
1.81824649525 0.146708703469
1.81977068434 0.13751889654
1.82129487344 0.135549652199
1.82281906253 0.138011207626
1.82434325163 0.137354792845
1.82586744072 0.136698378065
1.82739162981 0.127836778526
1.82891581891 0.133416304162
1.830440008 0.144411251737
1.8319641971 0.135877859589
1.83348838619 0.138011207626
1.83501257529 0.133580407857
1.83653676438 0.129477815478
1.83806095348 0.129970126563
1.83958514257 0.123077771367
1.84110933167 0.129477815478
1.84263352076 0.12160083811
1.84415770985 0.124718808318
1.84568189895 0.117334142036
1.84720608804 0.118154660512
1.84873027714 0.121436734415
1.85025446623 0.12635984527
1.85177865533 0.125867534184
1.85330284442 0.120288008549
1.85482703352 0.124226497233
1.85635122261 0.111426409011
1.85787541171 0.116349519865
1.8593996008 0.12094442333
1.86092378989 0.126523948965
1.86244797899 0.112903342267
1.86397216808 0.117826453122
1.86549635718 0.11618541617
1.86702054627 0.121764941806
1.86854473537 0.117662349427
1.87006892446 0.11076999423
1.87159311356 0.113067445962
1.87311730265 0.111754616401
1.87464149175 0.11109820162
1.87616568084 0.113067445962
1.87768986993 0.107159712937
1.87921405903 0.108472542498
1.88073824812 0.103877639034
1.88226243722 0.103057120558
1.88378662631 0.113231549657
1.88531081541 0.109293060974
1.8868350045 0.103385327948
1.8883591936 0.100103254045
1.88988338269 0.0963288690564
1.89140757179 0.100431461435
1.89293176088 0.102728913167
1.89445594997 0.106667401851
1.89598013907 0.10026735774
1.89750432816 0.0991186318741
1.89902851726 0.0982981133983
1.90055270635 0.0984622170934
1.90207689545 0.0992827355692
1.90360108454 0.0976416986177
1.90512527364 0.0999391503498
1.90664946273 0.0963288690564
1.90817365183 0.0938673136291
1.90969784092 0.0899288249453
1.91122203002 0.0987904244837
1.91274621911 0.0894365138599
1.9142704082 0.0881236842986
1.9157945973 0.0971493875322
1.91731878639 0.0891083064696
1.91884297549 0.0904211360308
1.92036716458 0.089600617555
1.92189135368 0.0909134471163
1.92341554277 0.0869749584325
1.92493973187 0.0851698177858
1.92646392096 0.0840210919197
1.92798811006 0.0886159953841
1.92951229915 0.0845134030052
1.93103648824 0.0873031658228
1.93256067734 0.0812313291021
1.93408486643 0.0809031217118
1.93560905553 0.0879595806035
1.93713324462 0.0797543958457
1.93865743372 0.0840210919197
1.94018162281 0.0833646771391
1.94170581191 0.0777851515038
1.943230001 0.0799184995408
1.9447541901 0.0725338332588
1.94627837919 0.0809031217118
1.94780256828 0.0730261443443
1.94932675738 0.0789338773699
1.95085094647 0.0743389739055
1.95237513557 0.0733543517346
1.95389932466 0.070564588917
1.95542351376 0.0743389739055
1.95694770285 0.0759800108571
1.95847189195 0.0704004852218
1.95999608104 0.0753235960765
1.96152027014 0.0704004852218
1.96304445923 0.0656414780623
1.96456864832 0.064328648501
1.96609283742 0.0723697295637
1.96761702651 0.0679389297945
1.96914121561 0.0710569000024
1.9706654047 0.0699081741363
1.9721895938 0.0666261002332
1.97371378289 0.067446618709
1.97523797199 0.070564588917
1.97676216108 0.0702363815267
1.97828635018 0.0707286926121
1.97981053927 0.067446618709
1.98133472836 0.0646568558914
1.98285891746 0.0699081741363
1.98438310655 0.0651491669768
1.98590729565 0.0640004411107
1.98743148474 0.0574362933045
1.98895567384 0.063179922635
1.99047986293 0.064328648501
1.99200405203 0.0610465745979
1.99352824112 0.0594055376464
1.99505243022 0.0562875674384
1.99657661931 0.062195300464
1.9981008084 0.0603901598173
1.9996249975 0.0638363374156
2.00114918659 0.054810634182
2.00267337569 0.0594055376464
2.00419756478 0.0589132265609
2.00572175388 0.0605542635125
2.00724594297 0.0590773302561
2.00877013207 0.056943982219
2.01029432116 0.0559593600481
2.01181851026 0.0554670489626
2.01334269935 0.060061952427
2.01486688844 0.0515285602789
2.01639107754 0.0516926639741
2.01791526663 0.0538260120111
2.01943945573 0.0536619083159
2.02096364482 0.0567798785239
2.02248783392 0.0576003969997
2.02401202301 0.0549747378772
2.02553621211 0.0518567676692
2.0270604012 0.0584209154754
2.0285845903 0.0498875233273
2.03010877939 0.0546465304869
2.03163296848 0.0518567676692
2.03315715758 0.052677286145
2.03468134667 0.0497234196322
2.03620553577 0.050543938108
2.03772972486 0.0512003528886
2.03925391396 0.0480823826806
2.04077810305 0.0508721454983
2.04230229215 0.0470977605097
2.04382648124 0.0484105900709
2.04535067034 0.050543938108
2.04687485943 0.0454567235581
2.04839904852 0.0485746937661
2.04992323762 0.0416823385696
2.05144742671 0.0439797903017
2.05297161581 0.0454567235581
2.0544958049 0.0470977605097
2.056019994 0.0418464422647
2.05754418309 0.0439797903017
2.05906837219 0.042174649655
2.06059256128 0.0362669166294
2.06211675038 0.0395489905325
2.06364093947 0.043159271826
2.06516512856 0.0416823385696
2.06668931766 0.0433233755211
2.06821350675 0.0415182348744
2.06973769585 0.0429951681308
2.07126188494 0.0403695090083
2.07278607404 0.0408618200938
2.07431026313 0.0446362050824
2.07583445223 0.0429951681308
2.07735864132 0.0374156424955
2.07888283042 0.0374156424955
2.08040701951 0.0377438498858
2.0819312086 0.0372515388003
2.0834553977 0.0374156424955
2.08497958679 0.0388925757519
2.08650377589 0.0357746055439
2.08802796498 0.0390566794471
2.08955215408 0.0398771979228
2.09107634317 0.0339694648972
2.09260053227 0.0370874351052
2.09412472136 0.0323284279457
2.09564891046 0.0303591836038
2.09717309955 0.0354463981536
2.09869728864 0.0349540870682
2.10022147774 0.032656635336
2.10174566683 0.0321643242505
2.10326985593 0.0324925316408
2.10479404502 0.0334771538118
2.10631823412 0.0308514946893
2.10784242321 0.0311797020796
2.10936661231 0.0318361168602
2.1108908014 0.0320002205554
2.1124149905 0.0341335685924
2.11393917959 0.0277335244813
2.11546336868 0.0293745614329
2.11698755778 0.0288822503474
2.11851174687 0.0285540429571
2.12003593597 0.0280617318716
2.12156012506 0.0318361168602
2.12308431416 0.0311797020796
2.12460850325 0.0306873909941
2.12613269235 0.0333130501166
2.12765688144 0.0287181466523
2.12918107054 0.0287181466523
2.13070525963 0.0301950799087
2.13222944872 0.0269130060055
2.13375363782 0.0265847986152
2.13527782691 0.0264206949201
2.13680201601 0.0269130060055
2.1383262051 0.0265847986152
2.1398503942 0.0283899392619
2.14137458329 0.029538665128
2.14289877239 0.0301950799087
2.14442296148 0.029538665128
2.14594715058 0.0324925316408
2.14747133967 0.0264206949201
2.14899552876 0.0297027688232
2.15051971786 0.0244514505782
2.15204390695 0.0249437616637
2.15356809605 0.0290463540426
2.15509228514 0.024287346883
2.15661647424 0.0269130060055
2.15814066333 0.0283899392619
2.15966485243 0.024287346883
2.16118904152 0.0237950357976
2.16271323062 0.0218257914557
2.16423741971 0.0218257914557
2.1657616088 0.0270771097007
2.1672857979 0.0264206949201
2.16880998699 0.0277335244813
2.17033417609 0.022153998846
2.17185836518 0.0244514505782
2.17338255428 0.0234668284073
2.17490674337 0.0206770655896
2.17643093247 0.0265847986152
2.17795512156 0.0206770655896
2.17947931066 0.0211693766751
2.18100349975 0.0196924434187
2.18252768884 0.0198565471138
2.18405187794 0.0223181025412
2.18557606703 0.0187078212478
2.18710025613 0.0157539547349
2.18862444522 0.0254360727491
2.19014863432 0.020020650809
2.19167282341 0.0236309321024
2.19319701251 0.0218257914557
2.1947212016 0.0182155101623
2.1962453907 0.0180514064671
2.19776957979 0.0210052729799
2.19929376888 0.0213334803702
2.20081795798 0.0152616436495
2.20234214707 0.0172308879914
2.20386633617 0.0175590953817
2.20539052526 0.0170667842962
2.20691471436 0.0180514064671
2.20843890345 0.0193642360284
2.20996309255 0.0180514064671
2.21148728164 0.0170667842962
2.21301147074 0.0139488140882
2.21453565983 0.0185437175526
2.21605984892 0.0196924434187
2.21758403802 0.0185437175526
2.21910822711 0.0183796138574
2.22063241621 0.0190360286381
2.2221566053 0.0154257473446
2.2236807944 0.0139488140882
2.22520498349 0.0152616436495
2.22672917259 0.0164103695156
2.22825336168 0.012635984527
2.22977755078 0.0149334362592
2.23130173987 0.0162462658204
2.23282592896 0.0144411251737
2.23435011806 0.017887302772
2.23587430715 0.0132923993076
2.23739849625 0.0134565030028
2.23892268534 0.0118154660512
2.24044687444 0.0157539547349
2.24197106353 0.0142770214785
2.24349525263 0.0134565030028
2.24501944172 0.0146052288689
2.24654363082 0.0154257473446
2.24806781991 0.0118154660512
2.249592009 0.0152616436495
2.2511161981 0.0139488140882
2.25264038719 0.0131282956125
2.25416457629 0.0142770214785
2.25568876538 0.0124718808318
2.25721295448 0.0131282956125
2.25873714357 0.0108308438803
2.26026133267 0.0131282956125
2.26178552176 0.012635984527
2.26330971086 0.0118154660512
2.26483389995 0.0139488140882
2.26635808904 0.0118154660512
2.26788227814 0.0131282956125
2.26940646723 0.01050263649
2.27093065633 0.0118154660512
2.27245484542 0.0139488140882
2.27397903452 0.00886159953841
2.27550322361 0.0132923993076
2.27702741271 0.0134565030028
2.2785516018 0.0129641919173
2.2800757909 0.0118154660512
2.28159997999 0.0108308438803
2.28312416908 0.0103385327948
2.28464835818 0.0121436734415
2.28617254727 0.0116513623561
2.28769673637 0.0113231549657
2.28922092546 0.0109949475754
2.29074511456 0.0106667401851
2.29226930365 0.0113231549657
2.29379349275 0.0121436734415
2.29531768184 0.0114872586609
2.29684187094 0.0113231549657
2.29836606003 0.00951801431903
2.29989024912 0.0100103254045
2.30141443822 0.0106667401851
2.30293862731 0.0100103254045
2.30446281641 0.0111590512706
2.3059870055 0.00836928845294
2.3075111946 0.00902570323356
2.30903538369 0.00935391062388
2.31055957279 0.0085333921481
2.31208376188 0.00902570323356
2.31360795098 0.00984622170934
2.31513214007 0.00935391062388
2.31665632916 0.00738466628201
2.31818051826 0.00754876997716
2.31970470735 0.00820518475779
2.32122889645 0.00918980692872
2.32275308554 0.00738466628201
2.32427727464 0.00902570323356
2.32580146373 0.00935391062388
2.32732565283 0.0085333921481
2.32884984192 0.00951801431903
2.33037403102 0.00804108106263
2.33189822011 0.00754876997716
2.3334224092 0.00787697736747
2.3349465983 0.00722056258685
2.33647078739 0.0070564588917
2.33799497649 0.00787697736747
2.33951916558 0.0070564588917
2.34104335468 0.00836928845294
2.34256754377 0.00886159953841
2.34409173287 0.01050263649
2.34561592196 0.00886159953841
2.34714011106 0.00787697736747
2.34866430015 0.00672825150138
2.35018848924 0.00787697736747
2.35171267834 0.00640004411107
2.35323686743 0.0070564588917
2.35476105653 0.00541542194014
2.35628524562 0.00574362933045
2.35780943472 0.0070564588917
2.35933362381 0.00525131824498
2.36085781291 0.00689235519654
2.362382002 0.0070564588917
2.3639061911 0.00968211801419
2.36543038019 0.00557952563529
2.36695456928 0.0070564588917
2.36847875838 0.00656414780623
2.37000294747 0.00475900715952
2.37152713657 0.00459490346436
2.37305132566 0.00525131824498
2.37457551476 0.00771287367232
2.37609970385 0.00722056258685
2.37762389295 0.00574362933045
2.37914808204 0.00590773302561
2.38067227114 0.0044307997692
2.38219646023 0.00623594041592
2.38372064932 0.00640004411107
2.38524483842 0.00525131824498
2.38676902751 0.00475900715952
2.38829321661 0.00590773302561
2.3898174057 0.00492311085467
2.3913415948 0.00541542194014
2.39286578389 0.0070564588917
2.39438997299 0.0070564588917
2.39591416208 0.00459490346436
2.39743835118 0.00656414780623
2.39896254027 0.00656414780623
2.40048672936 0.00574362933045
2.40201091846 0.0044307997692
2.40353510755 0.00508721454983
2.40505929665 0.00640004411107
2.40658348574 0.0070564588917
2.40810767484 0.00574362933045
2.40963186393 0.0044307997692
2.41115605303 0.00640004411107
2.41268024212 0.0044307997692
2.41420443122 0.00459490346436
2.41572862031 0.0044307997692
2.4172528094 0.00229745173218
2.4187769985 0.00328207390311
2.42030118759 0.00541542194014
2.42182537669 0.0044307997692
2.42334956578 0.0044307997692
2.42487375488 0.0029538665128
2.42639794397 0.00410259237889
2.42792213307 0.00311797020796
2.42944632216 0.00492311085467
2.43097051126 0.00525131824498
2.43249470035 0.00410259237889
2.43401888944 0.00410259237889
2.43554307854 0.00180514064671
2.43706726763 0.00229745173218
2.43859145673 0.00278976281765
2.44011564582 0.0029538665128
2.44163983492 0.00229745173218
2.44316402401 0.00229745173218
2.44468821311 0.00311797020796
2.4462124022 0.00361028129343
2.4477365913 0.00246155542734
2.44926078039 0.00229745173218
2.45078496948 0.00328207390311
2.45230915858 0.00328207390311
2.45383334767 0.00361028129343
2.45535753677 0.00278976281765
2.45688172586 0.00377438498858
2.45840591496 0.00311797020796
2.45993010405 0.00246155542734
2.46145429315 0.00311797020796
2.46297848224 0.00344617759827
2.46450267134 0.00262565912249
2.46602686043 0.00328207390311
2.46755104952 0.00278976281765
2.46907523862 0.00246155542734
2.47059942771 0.00311797020796
2.47212361681 0.00278976281765
2.4736478059 0.00246155542734
2.475171995 0.00328207390311
2.47669618409 0.00344617759827
2.47822037319 0.00246155542734
2.47974456228 0.00246155542734
2.48126875138 0.0029538665128
2.48279294047 0.00114872586609
2.48431712956 0.0044307997692
2.48584131866 0.00328207390311
2.48736550775 0.00328207390311
2.48888969685 0.00246155542734
2.49041388594 0.00278976281765
2.49193807504 0.00278976281765
2.49346226413 0.00262565912249
2.49498645323 0.00180514064671
2.49651064232 0.00246155542734
2.49803483142 0.00262565912249
2.49955902051 0.00278976281765
2.5010832096 0.00262565912249
2.5026073987 0.00114872586609
2.50413158779 0.00180514064671
2.50565577689 0.00262565912249
2.50717996598 0.00246155542734
2.50870415508 0.00328207390311
2.51022834417 0.00278976281765
2.51175253327 0.0029538665128
2.51327672236 0.00459490346436
2.51480091146 0.00229745173218
2.51632510055 0.00196924434187
2.51784928964 0.00196924434187
2.51937347874 0.00246155542734
2.52089766783 0.00229745173218
2.52242185693 0.00262565912249
2.52394604602 0.00213334803702
2.52547023512 0.00164103695156
2.52699442421 0.000656414780623
2.52851861331 0.0014769332564
2.5300428024 0.00262565912249
2.5315669915 0.00246155542734
2.53309118059 0.00164103695156
2.53461536968 0.00180514064671
2.53613955878 0.00311797020796
2.53766374787 0.00278976281765
2.53918793697 0.00278976281765
2.54071212606 0.00213334803702
2.54223631516 0.000984622170934
2.54376050425 0.00114872586609
2.54528469335 0.000984622170934
2.54680888244 0.00164103695156
2.54833307154 0.00196924434187
2.54985726063 0.00180514064671
2.55138144972 0.0014769332564
2.55290563882 0.00229745173218
2.55442982791 0.00164103695156
2.55595401701 0.00131282956125
2.5574782061 0.00131282956125
2.5590023952 0.00196924434187
2.56052658429 0.00164103695156
2.56205077339 0.00131282956125
2.56357496248 0.00114872586609
2.56509915158 0.00196924434187
2.56662334067 0.00213334803702
2.56814752976 0.00196924434187
2.56967171886 0.00164103695156
2.57119590795 0.00114872586609
2.57272009705 0.000984622170934
2.57424428614 0.000820518475779
2.57576847524 0.0029538665128
2.57729266433 0.00180514064671
2.57881685343 0.00164103695156
2.58034104252 0.000164103695156
2.58186523162 0.000984622170934
2.58338942071 0.00114872586609
2.5849136098 0.0014769332564
2.5864377989 0.0014769332564
2.58796198799 0.00114872586609
2.58948617709 0.000984622170934
2.59101036618 0.00114872586609
2.59253455528 0.000984622170934
2.59405874437 0.000492311085467
2.59558293347 0.000656414780623
2.59710712256 0.00114872586609
2.59863131166 0.00164103695156
2.60015550075 0.00196924434187
2.60167968984 0.00164103695156
2.60320387894 0.00131282956125
2.60472806803 0.00131282956125
2.60625225713 0.00114872586609
2.60777644622 0.000656414780623
2.60930063532 0.000656414780623
2.61082482441 0.000492311085467
2.61234901351 0.0014769332564
2.6138732026 0.00180514064671
2.6153973917 0.00164103695156
2.61692158079 0.00114872586609
2.61844576988 0.000984622170934
2.61996995898 0.000328207390311
2.62149414807 0.000984622170934
2.62301833717 0.000492311085467
2.62454252626 0.000984622170934
2.62606671536 0.00114872586609
2.62759090445 0.000492311085467
2.62911509355 0.000820518475779
2.63063928264 0.000820518475779
2.63216347174 0.000820518475779
2.63368766083 0.000984622170934
2.63521184992 0.000656414780623
2.63673603902 0.000492311085467
2.63826022811 0.00114872586609
2.63978441721 0.000820518475779
2.6413086063 0.000164103695156
2.6428327954 0.000820518475779
2.64435698449 0.000984622170934
2.64588117359 0.000984622170934
2.64740536268 0.00114872586609
2.64892955178 0.0014769332564
2.65045374087 0.000984622170934
2.65197792996 0.000492311085467
2.65350211906 0.0014769332564
2.65502630815 0.00114872586609
2.65655049725 0.000164103695156
2.65807468634 0.000984622170934
2.65959887544 0.000820518475779
2.66112306453 0.000164103695156
2.66264725363 0.000984622170934
2.66417144272 0.000820518475779
2.66569563182 0.000984622170934
2.66721982091 0.000492311085467
2.66874401001 0.000328207390311
2.6702681991 0.0
2.67179238819 0.000492311085467
2.67331657729 0.000328207390311
2.67484076638 0.00114872586609
2.67636495548 0.000820518475779
2.67788914457 0.000164103695156
2.67941333367 0.000328207390311
2.68093752276 0.000164103695156
2.68246171186 0.000492311085467
2.68398590095 0.000656414780623
2.68551009005 0.000656414780623
2.68703427914 0.000492311085467
2.68855846823 0.000328207390311
2.69008265733 0.000492311085467
2.69160684642 0.000820518475779
2.69313103552 0.000820518475779
2.69465522461 0.0
2.69617941371 0.000984622170934
2.6977036028 0.000656414780623
2.6992277919 0.000492311085467
2.70075198099 0.000492311085467
2.70227617009 0.000656414780623
2.70380035918 0.000820518475779
2.70532454827 0.000656414780623
2.70684873737 0.000656414780623
2.70837292646 0.000656414780623
2.70989711556 0.000656414780623
2.71142130465 0.000984622170934
2.71294549375 0.000164103695156
2.71446968284 0.000492311085467
2.71599387194 0.000656414780623
2.71751806103 0.000656414780623
2.71904225013 0.000164103695156
2.72056643922 0.000164103695156
2.72209062831 0.000492311085467
2.72361481741 0.000328207390311
2.7251390065 0.000164103695156
2.7266631956 0.000492311085467
2.72818738469 0.000328207390311
2.72971157379 0.000656414780623
2.73123576288 0.0
2.73275995198 0.000164103695156
2.73428414107 0.000492311085467
2.73580833017 0.0
2.73733251926 0.000164103695156
2.73885670835 0.000164103695156
2.74038089745 0.000164103695156
2.74190508654 0.000164103695156
2.74342927564 0.0
2.74495346473 0.0
2.74647765383 0.000492311085467
2.74800184292 0.000328207390311
2.74952603202 0.000164103695156
2.75105022111 0.000492311085467
2.75257441021 0.000164103695156
2.7540985993 0.000328207390311
2.75562278839 0.0
2.75714697749 0.000164103695156
2.75867116658 0.000328207390311
2.76019535568 0.000164103695156
2.76171954477 0.000164103695156
2.76324373387 0.000164103695156
2.76476792296 0.000164103695156
2.76629211206 0.000328207390311
2.76781630115 0.000492311085467
2.76934049025 0.000328207390311
2.77086467934 0.000328207390311
2.77238886843 0.000328207390311
2.77391305753 0.000164103695156
2.77543724662 0.000164103695156
2.77696143572 0.0
2.77848562481 0.000492311085467
2.78000981391 0.000164103695156
2.781534003 0.0
2.7830581921 0.0
2.78458238119 0.000328207390311
2.78610657029 0.000328207390311
2.78763075938 0.000984622170934
2.78915494847 0.000164103695156
2.79067913757 0.000492311085467
2.79220332666 0.000492311085467
2.79372751576 0.000656414780623
2.79525170485 0.000820518475779
2.79677589395 0.000328207390311
2.79830008304 0.0
2.79982427214 0.0
2.80134846123 0.0
2.80287265033 0.0
2.80439683942 0.000492311085467
2.80592102851 0.000164103695156
2.80744521761 0.000328207390311
2.8089694067 0.0
2.8104935958 0.000492311085467
2.81201778489 0.000164103695156
2.81354197399 0.0
2.81506616308 0.000328207390311
2.81659035218 0.000328207390311
2.81811454127 0.0
2.81963873037 0.0
2.82116291946 0.0
2.82268710855 0.0
2.82421129765 0.0
2.82573548674 0.000328207390311
2.82725967584 0.0
2.82878386493 0.0
2.83030805403 0.000820518475779
2.83183224312 0.000164103695156
2.83335643222 0.000164103695156
2.83488062131 0.000164103695156
2.83640481041 0.0
2.8379289995 0.000328207390311
2.83945318859 0.0
2.84097737769 0.000328207390311
2.84250156678 0.0
2.84402575588 0.000328207390311
2.84554994497 0.0
2.84707413407 0.0
2.84859832316 0.000164103695156
2.85012251226 0.000164103695156
2.85164670135 0.000164103695156
2.85317089045 0.000164103695156
2.85469507954 0.0
2.85621926863 0.000328207390311
2.85774345773 0.0
2.85926764682 0.0
2.86079183592 0.000328207390311
2.86231602501 0.0
2.86384021411 0.0
2.8653644032 0.0
2.8668885923 0.0
2.86841278139 0.000164103695156
2.86993697049 0.000328207390311
2.87146115958 0.000492311085467
2.87298534867 0.0
2.87450953777 0.0
2.87603372686 0.000328207390311
2.87755791596 0.000328207390311
2.87908210505 0.0
2.88060629415 0.000656414780623
2.88213048324 0.000164103695156
2.88365467234 0.000164103695156
2.88517886143 0.0
2.88670305053 0.000164103695156
2.88822723962 0.000492311085467
2.88975142871 0.000328207390311
2.89127561781 0.0
2.8927998069 0.0
2.894323996 0.0
2.89584818509 0.0
2.89737237419 0.0
2.89889656328 0.0
2.90042075238 0.0
2.90194494147 0.0
2.90346913057 0.0
2.90499331966 0.0
2.90651750875 0.0
2.90804169785 0.0
2.90956588694 0.0
2.91109007604 0.0
2.91261426513 0.000164103695156
2.91413845423 0.000164103695156
2.91566264332 0.000328207390311
2.91718683242 0.0
2.91871102151 0.0
2.92023521061 0.0
2.9217593997 0.0
2.92328358879 0.0
2.92480777789 0.0
2.92633196698 0.0
2.92785615608 0.0
2.92938034517 0.0
2.93090453427 0.0
2.93242872336 0.0
2.93395291246 0.0
2.93547710155 0.0
2.93700129065 0.0
2.93852547974 0.0
2.94004966883 0.0
2.94157385793 0.000164103695156
2.94309804702 0.000164103695156
2.94462223612 0.000164103695156
2.94614642521 0.000164103695156
2.94767061431 0.0
2.9491948034 0.0
2.9507189925 0.0
2.95224318159 0.0
2.95376737069 0.000328207390311
2.95529155978 0.0
2.95681574887 0.0
2.95833993797 0.0
2.95986412706 0.0
2.96138831616 0.000164103695156
2.96291250525 0.000164103695156
2.96443669435 0.0
2.96596088344 0.0
2.96748507254 0.0
2.96900926163 0.0
2.97053345073 0.0
2.97205763982 0.0
2.97358182891 0.0
2.97510601801 0.0
2.9766302071 0.0
2.9781543962 0.0
2.97967858529 0.0
2.98120277439 0.0
2.98272696348 0.0
2.98425115258 0.0
2.98577534167 0.0
2.98729953077 0.0
2.98882371986 0.000164103695156
2.99034790895 0.000164103695156
2.99187209805 0.0
2.99339628714 0.0
2.99492047624 0.0
2.99644466533 0.000328207390311
2.99796885443 0.0
2.99949304352 0.0
3.00101723262 0.0
3.00254142171 0.0
3.00406561081 0.0
3.0055897999 0.0
3.00711398899 0.0
3.00863817809 0.0
3.01016236718 0.0
3.01168655628 0.0
3.01321074537 0.000164103695156
3.01473493447 0.000164103695156
3.01625912356 0.0
3.01778331266 0.0
3.01930750175 0.0
3.02083169085 0.0
3.02235587994 0.0
3.02388006903 0.0
3.02540425813 0.0
3.02692844722 0.0
3.02845263632 0.0
3.02997682541 0.0
3.03150101451 0.0
3.0330252036 0.0
3.0345493927 0.0
3.03607358179 0.0
3.03759777089 0.0
3.03912195998 0.000164103695156
3.04064614907 0.000164103695156
3.04217033817 0.0
3.04369452726 0.0
3.04521871636 0.0
3.04674290545 0.000164103695156
