0.000903873373373 0.00288561016075
0.00255162012012 0.00789745938732
0.00419936686687 0.0129093086139
0.00584711361361 0.0167061640886
0.00749486036036 0.0215661390961
0.00914260710711 0.0220217617531
0.0107903538539 0.0264261141037
0.0124381006006 0.0291598500455
0.0140858473473 0.0323492086442
0.0157335940941 0.0303748437974
0.0173813408408 0.0302229695784
0.0190290875876 0.0334123281771
0.0206768343343 0.03447544771
0.0223245810811 0.035082944586
0.0239723278278 0.0370573094328
0.0256200745746 0.0375129320897
0.0272678213213 0.03447544771
0.0289155680681 0.0373610578708
0.0305633148148 0.0407022906885
0.0322110615616 0.0431322781923
0.0338588083083 0.0451066430391
0.0355065550551 0.0419172844404
0.0371543018018 0.0437397750682
0.0388020485485 0.0422210328783
0.0404497952953 0.04647351101
0.042097542042 0.0432841524112
0.0437452887888 0.0475366305429
0.0453930355355 0.0475366305429
0.0470407822823 0.045714139915
0.048688529029 0.0454103914771
0.0503362757758 0.0516372344555
0.0519840225225 0.0510297375796
0.0536317692693 0.0496628696087
0.055279516016 0.0490553727327
0.0569272627628 0.0499666180467
0.0585750095095 0.0539153477403
0.0602227562563 0.0527003539884
0.061870503003 0.0537634735213
0.0635182497497 0.0519409828935
0.0651659964965 0.0569528321201
0.0668137432432 0.0536115993024
0.06846148999 0.057864077434
0.0701092367367 0.057256580558
0.0717569834835 0.0555859641492
0.0734047302302 0.0561934610251
0.075052476977 0.0590790711859
0.0767002237237 0.0657615368213
0.0783479704705 0.058015951653
0.0799957172172 0.0592309454049
0.081643463964 0.0610534360327
0.0832912107107 0.0619646813466
0.0849389574575 0.0555859641492
0.0865867042042 0.0604459391568
0.088234450951 0.0648502915074
0.0898821976977 0.0659134110403
0.0915299444444 0.0609015618137
0.0931776911912 0.0663690336972
0.0948254379379 0.0587753227479
0.0964731846847 0.0713808829238
0.0981209314314 0.0709252602668
0.0997686781782 0.0665209079162
0.101416424925 0.0656096626023
0.103064171672 0.0706215118289
0.104711918418 0.0662171594783
0.106359665165 0.069710266515
0.108007411912 0.069254643858
0.109655158659 0.0710771344858
0.111302905405 0.068799021201
0.112950652152 0.0703177633909
0.114598398899 0.0718365055808
0.116246145646 0.0677359016681
0.117893892392 0.0768483548073
0.119541639139 0.0747221157415
0.121189385886 0.0707733860479
0.122837132633 0.0730514993327
0.124484879379 0.0760889837124
0.126132626126 0.0747221157415
0.127780372873 0.0770002290263
0.12942811962 0.069710266515
0.131075866366 0.0779114743402
0.132723613113 0.081100832939
0.13437135986 0.080797084501
0.136019106607 0.0730514993327
0.137666853353 0.080493336063
0.1393146001 0.0795820907491
0.140962346847 0.0780633485592
0.142610093594 0.0789745938732
0.14425784034 0.0766964805883
0.145905587087 0.080341461844
0.147553333834 0.0856570595086
0.149201080581 0.0853533110706
0.150848827327 0.0773039774643
0.152496574074 0.0814045813769
0.154144320821 0.08094895872
0.155792067568 0.0818602040339
0.157439814314 0.0874795501364
0.159087561061 0.0867201790415
0.160735307808 0.0800377134061
0.162383054555 0.0861126821655
0.164030801301 0.0862645563845
0.165678548048 0.0836826946617
0.167326294795 0.0836826946617
0.168974041542 0.0909726571731
0.170621788288 0.0900614118592
0.172269535035 0.0856570595086
0.173917281782 0.0867201790415
0.175565028529 0.0848976884136
0.177212775275 0.0885426696693
0.178860522022 0.0900614118592
0.180508268769 0.0874795501364
0.182156015516 0.0952251353047
0.183803762262 0.0893020407643
0.185451509009 0.092035776706
0.187099255756 0.0900614118592
0.188747002503 0.0886945438883
0.190394749249 0.0908207829541
0.192042495996 0.0940101415528
0.193690242743 0.0930988962389
0.195337989489 0.0973513743706
0.196985736236 0.0883907954503
0.198633482983 0.0903651602972
0.20028122973 0.0956807579617
0.201928976476 0.0981107454655
0.203576723223 0.0911245313921
0.20522446997 0.0900614118592
0.206872216717 0.0981107454655
0.208519963463 0.0970476259326
0.21016771021 0.0934026446769
0.211815456957 0.0956807579617
0.213463203704 0.101755726721
0.21511095045 0.100996355626
0.216758697197 0.0988701165604
0.218406443944 0.0956807579617
0.220054190691 0.0999332360933
0.221701937437 0.0973513743706
0.223349684184 0.102363223597
0.224997430931 0.100236984531
0.226645177678 0.0991738649984
0.228292924424 0.104489462663
0.229940671171 0.102059475159
0.231588417918 0.0994776134364
0.233236164665 0.0982626196845
0.234883911411 0.104489462663
0.236531658158 0.0970476259326
0.238179404905 0.106311953291
0.239827151652 0.105704456415
0.241474898398 0.10494508532
0.243122645145 0.100844481407
0.244770391892 0.114665035335
0.246418138639 0.105704456415
0.248065885385 0.101148229845
0.249713632132 0.111475676736
0.251361378879 0.102666972035
0.253009125626 0.109805060327
0.254656872372 0.105704456415
0.256304619119 0.107830695481
0.257952365866 0.108134443919
0.259600112613 0.111323802517
0.261247859359 0.109197563452
0.262895606106 0.11238692205
0.264543352853 0.10950131189
0.2661910996 0.120132507219
0.267838846346 0.113146293145
0.269486593093 0.114816909554
0.27113433984 0.109349437671
0.272782086587 0.115728154868
0.274429833333 0.115272532211
0.27607758008 0.117398771277
0.277725326827 0.111323802517
0.279373073574 0.121803123627
0.28102082032 0.124081236912
0.282668567067 0.11846189081
0.284316313814 0.120740004095
0.285964060561 0.116487525963
0.287611807307 0.126663098635
0.289259554054 0.125144356445
0.290907300801 0.119828758781
0.292555047548 0.128637463482
0.294202794294 0.130308079891
0.295850541041 0.129396834577
0.297498287788 0.129700583015
0.299146034535 0.131371199424
0.300793781281 0.136990545526
0.302441528028 0.136686797088
0.304089274775 0.131067450986
0.305737021522 0.138964910373
0.307384768268 0.139876155687
0.309032515015 0.146558621322
0.310680261762 0.142913640067
0.312328008509 0.136990545526
0.313975755255 0.147469866636
0.315623502002 0.140028029906
0.317271248749 0.152633590082
0.318918995495 0.150962973673
0.320566742242 0.151722344768
0.322214488989 0.15886043306
0.323862235736 0.156886068213
0.325509982482 0.157493565089
0.327157729229 0.156430445556
0.328805475976 0.162809162754
0.330453222723 0.159771678374
0.332100969469 0.164176030725
0.333748716216 0.170706622141
0.335396462963 0.168580383075
0.33704420971 0.177540961996
0.338691956456 0.170706622141
0.340339703203 0.174351603397
0.34198744995 0.178755955747
0.343635196697 0.185742169821
0.345282943443 0.179970949499
0.34693069019 0.188172157325
0.348578436937 0.186197792478
0.350226183684 0.190146522172
0.35187393043 0.189235276858
0.353521677177 0.192576509675
0.355169423924 0.196221490931
0.356817170671 0.196525239369
0.358464917417 0.200473969063
0.360112664164 0.20533394407
0.361760410911 0.206548937822
0.363408157658 0.204422698756
0.365055904404 0.210801415954
0.366703651151 0.209130799545
0.368351397898 0.222951353473
0.369999144645 0.215053894085
0.371646891391 0.217635755808
0.373294638138 0.224621969882
0.374942384885 0.229937567546
0.376590131632 0.221280737064
0.378237878378 0.23236755505
0.379885625125 0.237986901152
0.381533371872 0.229026322232
0.383181118619 0.23829064959
0.384828865365 0.239961265999
0.386476612112 0.244821241007
0.388124358859 0.241935630846
0.389772105606 0.249073719138
0.391419852352 0.249529341795
0.393067599099 0.246795605854
0.394715345846 0.25636368165
0.396363092593 0.255604310555
0.398010839339 0.260160537124
0.399658586086 0.257123052745
0.401306332833 0.268209870731
0.40295407958 0.270032361359
0.404601826326 0.266083631665
0.406249573073 0.269121116045
0.40789731982 0.27124735511
0.409545066567 0.275196084804
0.411192813313 0.282941669972
0.41284056006 0.279448562936
0.414488306807 0.285219783257
0.416136053554 0.286434777009
0.4177838003 0.29083912936
0.419431547047 0.299951582499
0.421079293794 0.2967622239
0.422727040541 0.294635984834
0.424374787287 0.308608412981
0.426022534034 0.301622198908
0.427670280781 0.303444689536
0.429318027528 0.312860891113
0.430965774274 0.313164639551
0.432613521021 0.31483525596
0.434261267768 0.312253394237
0.435909014515 0.329415180982
0.437556761261 0.326073948165
0.439204508008 0.324858954413
0.440852254755 0.325922073946
0.442500001502 0.339135130998
0.444147748248 0.335186401304
0.445795494995 0.339742627874
0.447443241742 0.334882652866
0.449090988488 0.348399458356
0.450738735235 0.343387609129
0.452386481982 0.349006955232
0.454034228729 0.354170678677
0.455681975475 0.353866930239
0.457329722222 0.360397521656
0.458977468969 0.357511911495
0.460625215716 0.367383735729
0.462272962462 0.372547459175
0.463920709209 0.363131257598
0.465568455956 0.37922992481
0.467216202703 0.369813723233
0.468863949449 0.374977446678
0.470511696196 0.381508038095
0.472159442943 0.388949874825
0.47380718969 0.385608642008
0.475454936436 0.395480466242
0.477102683183 0.393961724052
0.47875042993 0.394417346709
0.480398176677 0.395632340461
0.482045923423 0.401555435001
0.48369367017 0.408693523294
0.485341416917 0.410516013921
0.486989163664 0.407934152199
0.48863691041 0.414616617834
0.490284657157 0.417805976433
0.491932403904 0.415831611586
0.493580150651 0.417805976433
0.495227897397 0.421906580345
0.496875644144 0.434967763178
0.498523390891 0.431019033485
0.500171137638 0.426918429572
0.501818884384 0.435119637397
0.503466631131 0.442561474128
0.505114377878 0.440283360843
0.506762124625 0.446813952259
0.508409871371 0.440435235062
0.510057618118 0.449851436639
0.511705364865 0.453952040552
0.513353111612 0.452433298362
0.515000858358 0.46017888353
0.516648605105 0.457293273369
0.518296351852 0.467316971822
0.519944098599 0.463064493691
0.521591845345 0.465494481195
0.523239592092 0.477036921838
0.524887338839 0.472480695268
0.526535085586 0.47825191559
0.528182832332 0.477644418714
0.529830579079 0.489186859357
0.531478325826 0.494806205459
0.533126072573 0.49313558905
0.534773819319 0.496021199211
0.536421566066 0.508019262511
0.538069312813 0.501944293751
0.53971705956 0.501944293751
0.541364806306 0.508019262511
0.543012553053 0.510601124234
0.5446602998 0.523054810191
0.546308046547 0.520017325811
0.547955793293 0.514701728146
0.54960354004 0.525181049256
0.551251286787 0.529889150045
0.552899033534 0.526547917227
0.55454678028 0.524877300818
0.556194527027 0.544469075068
0.557842273774 0.538849728965
0.559490020521 0.536875364118
0.561137767267 0.536267867242
0.562785514014 0.54264658444
0.564433260761 0.547050936791
0.566081007508 0.551759037579
0.567728754254 0.553581528207
0.569376501001 0.55616338993
0.571024247748 0.559504622747
0.572671994494 0.558593377434
0.574319741241 0.564364597755
0.575967487988 0.564972094631
0.577615234735 0.573780799332
0.579262981481 0.570439566515
0.580910728228 0.574540170427
0.582558474975 0.576362661055
0.584206221722 0.574995793084
0.585853968468 0.576818283712
0.587501715215 0.587753227479
0.589149461962 0.584108246223
0.590797208709 0.590486963421
0.592444955455 0.602333152502
0.594092702202 0.59367632202
0.595740448949 0.593068825144
0.597388195696 0.603244397816
0.599035942442 0.609623115013
0.600683689189 0.6175205744
0.602331435936 0.603092523597
0.603979182683 0.609319366575
0.605626929429 0.626329279102
0.607274676176 0.613571844707
0.608922422923 0.627999895511
0.61057016967 0.620406184561
0.612217916416 0.631644876766
0.613865663163 0.634530486927
0.61551340991 0.629974260357
0.617161156657 0.63999795881
0.618808903403 0.638782965059
0.62045665015 0.649414160388
0.622104396897 0.642579820533
0.623752143644 0.649262286169
0.62539989039 0.646984172884
0.627047637137 0.657615368213
0.628695383884 0.658526613527
0.630343130631 0.661412223688
0.631990877377 0.664145959629
0.633638624124 0.668398437761
0.635286370871 0.667335318228
0.636934117618 0.672195293236
0.638581864364 0.668246563542
0.640229611111 0.677966513557
0.641877357858 0.684952727631
0.643525104605 0.67902963309
0.645172851351 0.686775218258
0.646820598098 0.682674614346
0.648468344845 0.689964576857
0.650116091592 0.691787067485
0.651763838338 0.686623344039
0.653411585085 0.696343294055
0.655059331832 0.698925155777
0.656707078579 0.696798916712
0.658354825325 0.703785130785
0.660002572072 0.710619470639
0.661650318819 0.700140149529
0.663298065566 0.705455747194
0.664945812312 0.726110640976
0.666593559059 0.706974489384
0.668241305806 0.721098791749
0.669889052553 0.721250665968
0.671536799299 0.725199395662
0.673184546046 0.718365055808
0.674832292793 0.739475572247
0.67648003954 0.729755622232
0.678127786286 0.732489358173
0.679775533033 0.742361182408
0.68142327978 0.740386817561
0.683071026527 0.74053869178
0.684718773273 0.742816805065
0.68636652002 0.746158037882
0.688014266767 0.747221157415
0.689662013514 0.755270491021
0.69130976026 0.750866138671
0.692957507007 0.749347396481
0.694605253754 0.764231069942
0.696253000501 0.759826717591
0.697900747247 0.766509183227
0.699548493994 0.763167950409
0.701196240741 0.769850416044
0.702843987487 0.773647271519
0.704491734234 0.774406642614
0.706139480981 0.771217284015
0.707787227728 0.78093723403
0.709434974474 0.783670969972
0.711082721221 0.782152227782
0.712730467968 0.789745938732
0.714378214715 0.785645334819
0.716025961461 0.792479674673
0.717673708208 0.799617762966
0.719321454955 0.787923448104
0.720969201702 0.796732152805
0.722616948448 0.800832756718
0.724264695195 0.810552706733
0.725912441942 0.805388983287
0.727560188689 0.803718366878
0.729207935435 0.807667096572
0.730855682182 0.815260807521
0.732503428929 0.807059599696
0.734151175676 0.817083298149
0.735798922422 0.810704580952
0.737446669169 0.821183902062
0.739094415916 0.823158266909
0.740742162663 0.823310141128
0.742389909409 0.819057662996
0.744037656156 0.823310141128
0.745685402903 0.826955122383
0.74733314965 0.830903852077
0.748980896396 0.827258870821
0.750628643143 0.837586317712
0.75227638989 0.834700707552
0.753924136637 0.838953185683
0.755571883383 0.843813160691
0.75721963013 0.840471927873
0.758867376877 0.845635651319
0.760515123624 0.839560682559
0.76216287037 0.850647500545
0.763810617117 0.846546896633
0.765458363864 0.853229362268
0.767106110611 0.851862494297
0.768753857357 0.855659349772
0.770401604104 0.858848708371
0.772049350851 0.858393085714
0.773697097598 0.855507475553
0.775344844344 0.858696834152
0.776992591091 0.861278695874
0.778640337838 0.863556809159
0.780288084585 0.86188619275
0.781935831331 0.8694799037
0.783583578078 0.86340493494
0.785231324825 0.877832985744
0.786879071572 0.871758016984
0.788526818318 0.871758016984
0.790174565065 0.881933589657
0.791822311812 0.870391149014
0.793470058559 0.887552935759
0.795117805305 0.882541086532
0.796765552052 0.878896105277
0.798413298799 0.890286671701
0.800061045546 0.885122948255
0.801708792292 0.892716659205
0.803356539039 0.891349791234
0.805004285786 0.895906017803
0.806652032533 0.8934760303
0.808299779279 0.895298520927
0.809947526026 0.892564784986
0.811595272773 0.893020407643
0.81324301952 0.89788038265
0.814890766266 0.903803477191
0.816538513013 0.904410974067
0.81818625976 0.904107225629
0.819834006507 0.903195980315
0.821481753253 0.90243660922
0.8231295 0.909422823293
0.824777246747 0.911852810797
0.826424993493 0.906537213132
0.82807274024 0.913979049863
0.829720486987 0.916105288929
0.831368233734 0.916409037367
0.83301598048 0.920965263936
0.834663727227 0.910941565483
0.836311473974 0.920661515498
0.837959220721 0.922332131907
0.839606967467 0.925673364725
0.841254714214 0.926128987382
0.842902460961 0.929014597542
0.844550207708 0.921724635031
0.846197954454 0.934330195207
0.847845701201 0.929470220199
0.849493447948 0.929166471761
0.851141194695 0.937671428025
0.852788941441 0.946024510069
0.854436688188 0.938278924901
0.856084434935 0.93979766709
0.857732181682 0.942227654594
0.859379928428 0.942683277251
0.861027675175 0.948150749135
0.862675421922 0.948606371792
0.864323168669 0.953466346799
0.865970915415 0.946783881164
0.867618662162 0.948606371792
0.869266408909 0.949973239763
0.870914155656 0.951643856171
0.872561902402 0.963490045252
0.874209649149 0.950125113982
0.875857395896 0.957263202274
0.877505142643 0.96531253588
0.879152889389 0.95787069915
0.880800636136 0.959845063997
0.882448382883 0.95179573039
0.88409612963 0.964249416347
0.885743876376 0.956807579617
0.887391623123 0.954225717894
0.88903936987 0.960148812435
0.890687116617 0.955136963208
0.892334863363 0.968957517136
0.89398261011 0.968046271822
0.895630356857 0.964553164785
0.897278103604 0.971083756202
0.89892585035 0.964856913223
0.900573597097 0.967590649165
0.902221343844 0.961819428844
0.903869090591 0.964553164785
0.905516837337 0.961667554625
0.907164584084 0.961211931968
0.908812330831 0.970172510888
0.910460077578 0.958933818683
0.912107824324 0.970628133545
0.913755571071 0.951643856171
0.915403317818 0.964553164785
0.917051064565 0.970476259326
0.918698811311 0.96531253588
0.920346558058 0.966071906975
0.921994304805 0.975184360114
0.923642051552 0.971539378859
0.925289798298 0.975336234333
0.926937545045 0.97731059918
0.928585291792 0.970476259326
0.930233038539 0.982778071064
0.931880785285 0.96986876245
0.933528532032 0.969716888231
0.935176278779 0.976095605428
0.936824025526 0.977614347618
0.938471772272 0.981107454655
0.940119519019 0.973665617925
0.941767265766 0.975488108552
0.943415012513 0.972450624173
0.945062759259 0.982626196845
0.946710506006 0.979740586684
0.948358252753 0.980499957779
0.950005999499 0.978221844494
0.951653746246 0.98034808356
0.953301492993 0.981714951531
0.95494923974 0.977006850742
0.956596986486 0.981563077312
0.958244733233 0.980955580436
0.95989247998 0.981563077312
0.961540226727 0.975488108552
0.963187973473 0.97882934137
0.96483572022 0.97290624683
0.966483466967 0.983993064816
0.968131213714 0.98034808356
0.96977896046 0.978677467151
0.971426707207 0.985056184349
0.973074453954 0.97138750464
0.974722200701 0.97882934137
0.976369947447 0.976703102304
0.978017694194 0.985967429662
0.979665440941 0.981411203093
0.981313187688 0.979740586684
0.982960934434 0.97579185699
0.984608681181 0.981107454655
0.986256427928 0.985208058568
0.987904174675 0.973513743706
0.989551921421 0.982778071064
0.991199668168 0.974273114801
0.992847414915 0.983841190597
0.994495161662 0.976551228085
0.996142908408 0.98338556794
0.997790655155 0.982474322626
0.999438401902 0.976247479647
1.00108614865 0.980955580436
1.0027338954 0.980499957779
1.00438164214 0.982170574188
1.00602938889 0.976703102304
1.00767713564 0.975184360114
1.00932488238 0.979436838246
1.01097262913 0.969109391355
1.01262037588 0.97731059918
1.01426812262 0.968046271822
1.01591586937 0.970324385107
1.01756361612 0.973665617925
1.01921136286 0.975032485895
1.02085910961 0.97579185699
1.02250685636 0.973665617925
1.0241546031 0.975639982771
1.02580234985 0.979133089808
1.0274500966 0.973665617925
1.02909784334 0.96986876245
1.03074559009 0.970780007764
1.03239333684 0.965616284318
1.03404108358 0.964553164785
1.03568883033 0.962123177282
1.03733657708 0.965008787442
1.03898432382 0.966223781194
1.04063207057 0.965464410099
1.04227981732 0.968653768698
1.04392756406 0.958933818683
1.04557531081 0.964553164785
1.04722305756 0.954377592113
1.0488708043 0.967590649165
1.05051855105 0.968198146041
1.0521662978 0.961211931968
1.05381404454 0.965008787442
1.05546179129 0.959085692902
1.05710953804 0.964249416347
1.05875728478 0.96379379369
1.06040503153 0.961819428844
1.06205277828 0.95787069915
1.06370052503 0.957111328055
1.06534827177 0.956807579617
1.06699601852 0.95635195696
1.06864376527 0.952403227266
1.07029151201 0.953618221018
1.07193925876 0.964856913223
1.07358700551 0.947695126478
1.07523475225 0.951643856171
1.076882499 0.943594522565
1.07853024575 0.955288837427
1.08017799249 0.956048208522
1.08182573924 0.953162598361
1.08347348599 0.945113264755
1.08512123273 0.956959453836
1.08676897948 0.941772031937
1.08841672623 0.957415076493
1.09006447297 0.951340107733
1.09171221972 0.939190170215
1.09335996647 0.956959453836
1.09500771321 0.945265138974
1.09665545996 0.94435389366
1.09830320671 0.947998874916
1.09995095345 0.939645792872
1.1015987002 0.932659578798
1.10324644695 0.936152685835
1.10489419369 0.930229591294
1.10654194044 0.922180257688
1.10818968719 0.93235583036
1.10983743393 0.92643273582
1.11148518068 0.921420886593
1.11313292743 0.93083708817
1.11478067417 0.913827175644
1.11642842092 0.928558974885
1.11807616767 0.928558974885
1.11972391441 0.92187650925
1.12137166116 0.914586546739
1.12301940791 0.925673364725
1.12466715465 0.91883902487
1.1263149014 0.918687150651
1.12796264815 0.917624031118
1.12961039489 0.916560911586
1.13125814164 0.915801540491
1.13290588839 0.902892231877
1.13455363514 0.913371552987
1.13620138188 0.906537213132
1.13784912863 0.916409037367
1.13949687538 0.901069741249
1.14114462212 0.899702873278
1.14279236887 0.908663452198
1.14444011562 0.899247250621
1.14608786236 0.90395535141
1.14773560911 0.89939912484
1.14938335586 0.901677238125
1.1510311026 0.89484289827
1.15267884935 0.896209766241
1.1543265961 0.894235401394
1.15597434284 0.897121011555
1.15762208959 0.888616055292
1.15926983634 0.894691024051
1.16091758308 0.882237338094
1.16256532983 0.894235401394
1.16421307658 0.888616055292
1.16586082332 0.886793564664
1.16750857007 0.883907954503
1.16915631682 0.87844048262
1.17080406356 0.873732381831
1.17245181031 0.886641690445
1.17409955706 0.869328029481
1.1757473038 0.874643627145
1.17739505055 0.871758016984
1.1790427973 0.880870470124
1.18069054404 0.865986796663
1.18233829079 0.87388425605
1.18398603754 0.868416784167
1.18563378428 0.857633714619
1.18728153103 0.870543023233
1.18892927778 0.858241211495
1.19057702452 0.857026217743
1.19222477127 0.851710620078
1.19387251802 0.853684984925
1.19552026476 0.856874343524
1.19716801151 0.854748104458
1.19881575826 0.861582444312
1.20046350501 0.857937463057
1.20211125175 0.852621865392
1.2037589985 0.858696834152
1.20540674525 0.846091273976
1.20705449199 0.840471927873
1.20870223874 0.851862494297
1.21034998549 0.846546896633
1.21199773223 0.840016305216
1.21364547898 0.838041940369
1.21529322573 0.841231298968
1.21694097247 0.821943273157
1.21858871922 0.836219449741
1.22023646597 0.827714493478
1.22188421271 0.837130695055
1.22353195946 0.828625738792
1.22517970621 0.822854518471
1.22682745295 0.830144480982
1.2284751997 0.820120782529
1.23012294645 0.825284505974
1.23177069319 0.810552706733
1.23341843994 0.820272656748
1.23506618669 0.815564555959
1.23671393343 0.813742065331
1.23836168018 0.810400832514
1.24000942693 0.80797084501
1.24165717367 0.816627675492
1.24330492042 0.794757787958
1.24495266717 0.802351498907
1.24660041391 0.802958995783
1.24824816066 0.803870241097
1.24989590741 0.802807121564
1.25154365415 0.798402769214
1.2531914009 0.79597278171
1.25483914765 0.798858391871
1.25648689439 0.800225259842
1.25813464114 0.798858391871
1.25978238789 0.789442190294
1.26143013463 0.790809058264
1.26307788138 0.792327800454
1.26472562813 0.780177862935
1.26637337487 0.782304102001
1.26802112162 0.776988504337
1.26966886837 0.774558516833
1.27131661512 0.771369158234
1.27296436186 0.76893917073
1.27461210861 0.764990441037
1.27625985536 0.771217284015
1.2779076021 0.764686692599
1.27955534885 0.761649208219
1.2812030956 0.767268554321
1.28285084234 0.765142315256
1.28449858909 0.755118616803
1.28614633584 0.758763598058
1.28779408258 0.751473635547
1.28944182933 0.760130466029
1.29108957608 0.755726113678
1.29273732282 0.754814868365
1.29438506957 0.748436151167
1.29603281632 0.746765534758
1.29768056306 0.743728050379
1.29932830981 0.743272427722
1.30097605656 0.734159974582
1.3026238033 0.732641232392
1.30427155005 0.730818741765
1.3059192968 0.719276301122
1.30756704354 0.727477508947
1.30921479029 0.725655018319
1.31086253704 0.723528779253
1.31251028378 0.708948854231
1.31415803053 0.71958004956
1.31580577728 0.713353206581
1.31745352402 0.710923219077
1.31910127077 0.71502382299
1.32074901752 0.702722011252
1.32239676426 0.705607621413
1.32404451101 0.702266388595
1.32569225776 0.706518866727
1.3273400045 0.702266388595
1.32898775125 0.705911369851
1.330635498 0.706518866727
1.33228324474 0.703633256566
1.33393099149 0.708645105793
1.33557873824 0.700443897967
1.33722648498 0.696495168274
1.33887423173 0.691635193266
1.34052197848 0.697710162025
1.34216972523 0.690572073733
1.34381747197 0.69102769639
1.34546521872 0.687686463572
1.34711296547 0.686319595601
1.34876071221 0.682522740127
1.35040845896 0.678422136214
1.35205620571 0.686167721382
1.35370395245 0.680244626842
1.3553516992 0.683737733879
1.35699944595 0.673714035426
1.35864719269 0.669917179951
1.36029493944 0.662323469002
1.36194268619 0.67310653855
1.36359043293 0.65655224868
1.36523817968 0.654881632271
1.36688592643 0.659134110403
1.36853367317 0.651236651016
1.37018141992 0.65807099087
1.37182916667 0.653362890081
1.37347691341 0.650325405702
1.37512466016 0.647136047103
1.37677240691 0.643339191628
1.37842015365 0.649262286169
1.3800679004 0.636960474431
1.38171564715 0.63407486427
1.38336339389 0.636656725993
1.38501114064 0.633163618956
1.38665888739 0.629366763481
1.38830663413 0.635441732241
1.38995438088 0.63407486427
1.39160212763 0.621317429875
1.39324987437 0.622684297846
1.39489762112 0.617064951743
1.39654536787 0.616609329087
1.39819311461 0.62511428535
1.39984086136 0.612964347831
1.40148860811 0.628607392386
1.40313635485 0.614938712678
1.4047841016 0.608863743918
1.40643184835 0.610534360327
1.4080795951 0.609319366575
1.40972734184 0.606585630633
1.41137508859 0.610230611889
1.41302283534 0.596258183742
1.41467058208 0.603548146254
1.41631832883 0.591853831392
1.41796607558 0.589879466545
1.41961382232 0.592765076706
1.42126156907 0.584411994661
1.42290931582 0.584867617318
1.42455706256 0.58167825872
1.42620480931 0.583348875128
1.42785255606 0.579096396997
1.4295003028 0.582589504033
1.43114804955 0.566338962602
1.4327957963 0.571350811828
1.43444354304 0.564212723536
1.43609128979 0.57560328996
1.43773903654 0.564972094631
1.43938678328 0.559656496966
1.44103453003 0.562845855565
1.44268227678 0.561630861813
1.44433002352 0.557378383682
1.44597777027 0.566794585259
1.44762551702 0.550695918046
1.44927326376 0.552822157112
1.45092101051 0.553429653988
1.45256875726 0.545532194601
1.454216504 0.543709703973
1.45586425075 0.544924697725
1.4575119975 0.537027238337
1.45915974424 0.54264658444
1.46080749099 0.535508496148
1.46245523774 0.540064722717
1.46410298448 0.530496646921
1.46575073123 0.537786609432
1.46739847798 0.532774760206
1.46904622472 0.530496646921
1.47069397147 0.523662307067
1.47234171822 0.531104143797
1.47398946496 0.518802332059
1.47563721171 0.518498583621
1.47728495846 0.50817113673
1.47893270521 0.504070532817
1.48058045195 0.515916721898
1.4822281987 0.505437400788
1.48387594545 0.498147438277
1.48552369219 0.504222407036
1.48717143894 0.503463035941
1.48881918569 0.50361491016
1.49046693243 0.505893023445
1.49211467918 0.496476821868
1.49376242593 0.495717450773
1.49541017267 0.486453123415
1.49705791942 0.489946230452
1.49870566617 0.494198708583
1.50035341291 0.490553727327
1.50200115966 0.485238129663
1.50364890641 0.487060620291
1.50529665315 0.486453123415
1.5069443999 0.47961878356
1.50859214665 0.480530028874
1.51023989339 0.471265701516
1.51188764014 0.470961953078
1.51353538689 0.467316971822
1.51518313363 0.466405726509
1.51683088038 0.471265701516
1.51847862713 0.465950103852
1.52012637387 0.458812015559
1.52177412062 0.46913946245
1.52342186737 0.45425578899
1.52506961411 0.45425578899
1.52671736086 0.45425578899
1.52836510761 0.448332694449
1.53001285435 0.44969956242
1.5316606011 0.445598958507
1.53330834785 0.449092065544
1.53495609459 0.444383964755
1.53660384134 0.449243939763
1.53825158809 0.441650228814
1.53989933483 0.441802103033
1.54154708158 0.438916492872
1.54319482833 0.443624593661
1.54484257508 0.428589045981
1.54649032182 0.4407389835
1.54813806857 0.429196542857
1.54978581532 0.434815888959
1.55143356206 0.431322781923
1.55308130881 0.432841524112
1.55472905556 0.416135360024
1.5563768023 0.43025966239
1.55802454905 0.426766555353
1.5596722958 0.417350353776
1.56132004254 0.409756642826
1.56296778929 0.418565347528
1.56461553604 0.405504164695
1.56626328278 0.420235963937
1.56791102953 0.407934152199
1.56955877628 0.406111661571
1.57120652302 0.412946001425
1.57285426977 0.3927467303
1.57450201652 0.401099812344
1.57614976326 0.391076113891
1.57779751001 0.395024843585
1.57944525676 0.400796063906
1.5810930035 0.398973573278
1.58274075025 0.394569220928
1.584388497 0.38378615138
1.58603624374 0.38819050373
1.58768399049 0.386823635759
1.58933173724 0.392291107643
1.59097948398 0.382571157628
1.59262723073 0.379381799029
1.59427497748 0.379685547467
1.59592272422 0.37178808808
1.59757047097 0.369509974795
1.59921821772 0.372243710737
1.60086596446 0.369206226357
1.60251371121 0.363131257598
1.60416145796 0.357663785714
1.6058092047 0.356904414619
1.60745695145 0.366168741977
1.6091046982 0.360397521656
1.61075244494 0.360397521656
1.61240019169 0.360701270094
1.61404793844 0.357208163057
1.61569568519 0.354930049772
1.61734343193 0.361764389627
1.61899117868 0.351285068517
1.62063892543 0.350221948984
1.62228667217 0.343843231786
1.62393441892 0.336401395056
1.62558216567 0.342628238034
1.62722991241 0.340046376312
1.62887765916 0.341413244282
1.63052540591 0.342476363815
1.63217315265 0.340350124749
1.6338208994 0.336401395056
1.63546864615 0.331845168486
1.63711639289 0.336553269275
1.63876413964 0.330630174734
1.64041188639 0.326073948165
1.64205963313 0.334123281771
1.64370737988 0.330326426296
1.64535512663 0.337160766151
1.64700287337 0.321365847376
1.64865062012 0.323340212223
1.65029836687 0.322428966909
1.65194611361 0.317265243463
1.65359386036 0.31027902939
1.65524160711 0.309975280952
1.65688935385 0.302685318441
1.6585371006 0.306178425477
1.66018484735 0.301774073127
1.66183259409 0.29828096609
1.66348034084 0.30572280282
1.66512808759 0.306026551258
1.66677583433 0.313772136427
1.66842358108 0.294787859053
1.67007132783 0.295395355929
1.67171907457 0.294332236396
1.67336682132 0.302077821565
1.67501456807 0.294635984834
1.67666231481 0.301622198908
1.67831006156 0.294180362177
1.67995780831 0.291294752017
1.68160555506 0.293269116864
1.6832533018 0.28035980825
1.68490104855 0.28324541841
1.6865487953 0.283397292629
1.68819654204 0.276411078556
1.68984428879 0.282637921534
1.69149203554 0.28035980825
1.69313978228 0.276259204337
1.69478752903 0.276866701213
1.69643527578 0.273221719957
1.69808302252 0.269728612921
1.69973076927 0.261071782438
1.70137851602 0.266539254322
1.70302626276 0.258338046497
1.70467400951 0.264564889475
1.70632175626 0.260464285562
1.707969503 0.26228677619
1.70961724975 0.25788242384
1.7112649965 0.260464285562
1.71291274324 0.256515555869
1.71456048999 0.252870574613
1.71620823674 0.254996813679
1.71785598348 0.251351832423
1.71950373023 0.253781819927
1.72115147698 0.256667430088
1.72279922372 0.240872511313
1.72444697047 0.247706851168
1.72609471722 0.245124989445
1.72774246396 0.238442523809
1.72939021071 0.245124989445
1.73103795746 0.241783756627
1.7326857042 0.24740310273
1.73433345095 0.233126926145
1.7359811977 0.234493794116
1.73762894444 0.236164410525
1.73927669119 0.235253165211
1.74092443794 0.230545064422
1.74257218468 0.227963202699
1.74421993143 0.217028258932
1.74586767818 0.229633819108
1.74751542492 0.229785693327
1.74916317167 0.230393190203
1.75081091842 0.22188823394
1.75245866517 0.222799479254
1.75410641191 0.210042044859
1.75575415866 0.215053894085
1.75740190541 0.211105164392
1.75904965215 0.218547001122
1.7606973989 0.220825114407
1.76234514565 0.217483881589
1.76399289239 0.226596334728
1.76564063914 0.222343856597
1.76728838589 0.218698875341
1.76893613263 0.215661390961
1.77058387938 0.204574572975
1.77223162613 0.212016409706
1.77387937287 0.200170220625
1.77552711962 0.208219554231
1.77717486637 0.210345793297
1.77882261311 0.204118950318
1.78047035986 0.201840837033
1.78211810661 0.19637336515
1.78376585335 0.204270824537
1.7854136001 0.199258975311
1.78706134685 0.199714597968
1.78870909359 0.202752082347
1.79035684034 0.19333588077
1.79200458709 0.19941084953
1.79365233383 0.197588358902
1.79530008058 0.201688962815
1.79694782733 0.187260912011
1.79859557407 0.191209641704
1.80024332082 0.186349666697
1.80189106757 0.183008433879
1.80353881431 0.186349666697
1.80518656106 0.187260912011
1.80683430781 0.181034069032
1.80848205455 0.186653415135
1.8101298013 0.180122823718
1.81177754805 0.183615930755
1.81342529479 0.172984735426
1.81507304154 0.178300333091
1.81672078829 0.171314119017
1.81836853504 0.172680986988
1.82001628178 0.168124760418
1.82166402853 0.171769741674
1.82331177528 0.171465993236
1.82495952202 0.171617867455
1.82660726877 0.175718471368
1.82825501552 0.16933975417
1.82990276226 0.163568533849
1.83155050901 0.168580383075
1.83319825576 0.17085849636
1.8348460025 0.169187879951
1.83649374925 0.159316055717
1.838141496 0.169036005732
1.83978924274 0.161594169002
1.84143698949 0.162809162754
1.84308473624 0.164327904944
1.84473248298 0.153848583834
1.84638022973 0.148229237731
1.84802797648 0.156126697118
1.84967572322 0.155215451805
1.85132346997 0.16037917525
1.85297121672 0.154607954929
1.85461896346 0.15582294868
1.85626671021 0.149292357264
1.85791445696 0.153392961177
1.8595622037 0.153848583834
1.86120995045 0.147317992417
1.8628576972 0.144432382256
1.86450544394 0.142154268972
1.86615319069 0.151114847892
1.86780093744 0.142761765848
1.86944868418 0.143824885381
1.87109643093 0.146254872884
1.87274417768 0.148684860388
1.87439192442 0.136990545526
1.87603967117 0.142306143191
1.87768741792 0.144888004913
1.87933516466 0.141091149439
1.88098291141 0.13942053303
1.88263065816 0.137598042402
1.8842784049 0.129700583015
1.88592615165 0.135927425993
1.8875738984 0.13334556427
1.88922164515 0.129852457234
1.89086939189 0.138964910373
1.89251713864 0.129244960358
1.89416488539 0.126359350197
1.89581263213 0.123321865817
1.89746037888 0.129093086139
1.89910812563 0.1319786963
1.90075587237 0.128637463482
1.90240361912 0.126511224416
1.90405136587 0.119373136124
1.90569911261 0.117854393934
1.90734685936 0.112235047831
1.90899460611 0.119221261905
1.91064235285 0.115880029087
1.9122900996 0.118158142372
1.91393784635 0.120132507219
1.91558559309 0.127726218168
1.91723333984 0.118917513467
1.91888108659 0.118765639248
1.92052883333 0.123625614255
1.92217658008 0.118310016591
1.92382432683 0.114513161116
1.92547207357 0.115120657992
1.92711982032 0.119525010343
1.92876756707 0.112842544707
1.93041531381 0.111323802517
1.93206306056 0.113298167364
1.93371080731 0.103578217349
1.93535855405 0.106008204853
1.9370063008 0.106767575948
1.93865404755 0.110260682984
1.94030179429 0.111323802517
1.94194954104 0.107830695481
1.94359728779 0.116639400182
1.94524503453 0.109805060327
1.94689278128 0.107526947043
1.94854052803 0.103578217349
1.95018827477 0.103578217349
1.95183602152 0.102666972035
1.95348376827 0.0956807579617
1.95513151502 0.0976551228085
1.95677926176 0.0976551228085
1.95842700851 0.0997813618743
1.96007475526 0.0934026446769
1.961722502 0.10038885875
1.96337024875 0.0971995001516
1.9650179955 0.0930988962389
1.96666574224 0.0952251353047
1.96831348899 0.0903651602972
1.96996123574 0.0870239274795
1.97160898248 0.0911245313921
1.97325672923 0.091732028268
1.97490447598 0.092339525144
1.97655222272 0.0899095376402
1.97819996947 0.0876314243554
1.97984771622 0.0893020407643
1.98149546296 0.0902132860782
1.98314320971 0.100085110312
1.98479095646 0.0882389212313
1.9864387032 0.0900614118592
1.98808644995 0.0836826946617
1.9897341967 0.0879351727934
1.99138194344 0.0795820907491
1.99302969019 0.0833789462238
1.99467743694 0.080189587625
1.99632518368 0.0747221157415
1.99797293043 0.080797084501
1.99962067718 0.081100832939
2.00126842392 0.0786708454352
2.00291617067 0.0823158266909
2.00456391742 0.0855051852896
2.00621166416 0.0779114743402
2.00785941091 0.0748739899605
2.00950715766 0.08094895872
2.0111549044 0.0795820907491
2.01280265115 0.0780633485592
2.0144503979 0.0765446063694
2.01609814464 0.0763927321504
2.01774589139 0.0753296126175
2.01939363814 0.0773039774643
2.02104138488 0.0786708454352
2.02268913163 0.0763927321504
2.02433687838 0.0735071219896
2.02598462513 0.0727477508947
2.02763237187 0.0733552477706
2.02928011862 0.0728996251137
2.03092786537 0.068799021201
2.03257561211 0.0738108704276
2.03422335886 0.0683433985441
2.03587110561 0.0738108704276
2.03751885235 0.0738108704276
2.0391665991 0.0660652852593
2.04081434585 0.068647146982
2.04246209259 0.068799021201
2.04410983934 0.0656096626023
2.04575758609 0.0616609329087
2.04740533283 0.0625721782226
2.04905307958 0.0619646813466
2.05070082633 0.0560415868061
2.05234857307 0.0669765305732
2.05399631982 0.0613571844707
2.05564406657 0.0610534360327
2.05729181331 0.0668246563542
2.05893956006 0.0618128071276
2.06058730681 0.0589271969669
2.06223505355 0.0595346938428
2.0638828003 0.0633315493175
2.06553054705 0.0624203040036
2.06717829379 0.0651540399453
2.06882604054 0.0610534360327
2.07047378729 0.0621165555656
2.07212153403 0.0613571844707
2.07376928078 0.0602940649378
2.07541702753 0.058167825872
2.07706477427 0.0554340899302
2.07871252102 0.0599903164998
2.08036026777 0.0568009579011
2.08200801451 0.0530041024264
2.08365576126 0.0586234485289
2.08530350801 0.0592309454049
2.08695125475 0.0561934610251
2.0885990015 0.0554340899302
2.09024674825 0.0513334860175
2.09189449499 0.0470810078859
2.09354224174 0.0470810078859
2.09518998849 0.0510297375796
2.09683773524 0.0449547688201
2.09848548198 0.0448028946011
2.10013322873 0.0478403789809
2.10178097548 0.0530041024264
2.10342872222 0.0527003539884
2.10507646897 0.0495109953897
2.10672421572 0.0481441274188
2.10837196246 0.0507259891416
2.11001970921 0.0449547688201
2.11166745596 0.0413097875644
2.1133152027 0.0440435235062
2.11496294945 0.0475366305429
2.1166106962 0.0479922531998
2.11825844294 0.0482960016378
2.11990618969 0.0496628696087
2.12155393644 0.0467772594479
2.12320168318 0.046321636791
2.12484942993 0.0425247813163
2.12649717668 0.045562265696
2.12814492342 0.0410060391264
2.12979267017 0.0411579133454
2.13144041692 0.0411579133454
2.13308816366 0.0435879008492
2.13473591041 0.0428285297543
2.13638365716 0.0429804039733
2.1380314039 0.0413097875644
2.13967915065 0.0423729070973
2.1413268974 0.0390316742796
2.14297464414 0.0362979383379
2.14462239089 0.0399429195935
2.14627013764 0.0387279258416
2.14791788438 0.0388798000606
2.14956563113 0.0385760516227
2.15121337788 0.0353866930239
2.15286112462 0.0321973344252
2.15450887137 0.0399429195935
2.15615661812 0.0384241774037
2.15780436486 0.0423729070973
2.15945211161 0.0414616617834
2.16109985836 0.0364498125568
2.16274760511 0.0376648063087
2.16439535185 0.0356904414619
2.1660430986 0.0321973344252
2.16769084535 0.0332604539581
2.16933859209 0.0378166805277
2.17098633884 0.0376648063087
2.17263408559 0.0320454602062
2.17428183233 0.0325010828632
2.17592957908 0.0337160766151
2.17757732583 0.0314379633303
2.17922507257 0.0291598500455
2.18087281932 0.0318935859872
2.18252056607 0.0331085797391
2.18416831281 0.0317417117682
2.18581605956 0.0309823406733
2.18746380631 0.03447544771
2.18911155305 0.0317417117682
2.1907592998 0.0280967305126
2.19240704655 0.0299192211404
2.19405479329 0.0294635984834
2.19570254004 0.0306785922353
2.19735028679 0.0280967305126
2.19899803353 0.0317417117682
2.20064578028 0.0352348188049
2.20229352703 0.0303748437974
2.20394127377 0.0320454602062
2.20558902052 0.0271854851986
2.20723676727 0.0293117242645
2.20888451401 0.0297673469214
2.21053226076 0.0320454602062
2.21218000751 0.0271854851986
2.21382775425 0.0300710953594
2.215475501 0.0287042273885
2.21712324775 0.0255148687898
2.21877099449 0.0261223656657
2.22041874124 0.0255148687898
2.22206648799 0.0280967305126
2.22371423473 0.0247554976949
2.22536198148 0.0253629945708
2.22700972823 0.0290079758265
2.22865747497 0.0282486047316
2.23030522172 0.0311342148923
2.23195296847 0.0241480008189
2.23360071522 0.0264261141037
2.23524846196 0.0256667430088
2.23689620871 0.0277929820746
2.23854395546 0.023236755505
2.2401917022 0.023084881286
2.24183944895 0.0217180133151
2.2434871957 0.0242998750379
2.24513494244 0.023236755505
2.24678268919 0.0264261141037
2.24843043594 0.0252111203518
2.25007818268 0.0236923781619
2.25172592943 0.0242998750379
2.25337367618 0.0209586422202
2.25502142292 0.0236923781619
2.25666916967 0.0249073719138
2.25831691642 0.0218698875341
2.25996466316 0.0258186172278
2.26161240991 0.0218698875341
2.26326015666 0.0197436484683
2.2649079034 0.0201992711252
2.26655565015 0.0206548937822
2.2682033969 0.0217180133151
2.26985114364 0.0191361515923
2.27149889039 0.0195917742493
2.27314663714 0.0176174094025
2.27479438388 0.0189842773734
2.27644213063 0.0195917742493
2.27808987738 0.0189842773734
2.27973762412 0.0191361515923
2.28138537087 0.0191361515923
2.28303311762 0.0183767804974
2.28468086436 0.0182249062784
2.28632861111 0.0177692836215
2.28797635786 0.0201992711252
2.2896241046 0.0197436484683
2.29127185135 0.0192880258113
2.2929195981 0.0170099125265
2.29456734484 0.0170099125265
2.29621509159 0.0177692836215
2.29786283834 0.0171617867455
2.29951058509 0.0151874218987
2.30115833183 0.0148836734607
2.30280607858 0.0194399000303
2.30445382533 0.0151874218987
2.30610157207 0.0129093086139
2.30774931882 0.0153392961177
2.30939706557 0.0156430445556
2.31104481231 0.0154911703367
2.31269255906 0.0160986672126
2.31434030581 0.0139724281468
2.31598805255 0.0159467929936
2.3176357993 0.0157949187746
2.31928354605 0.0150355476797
2.32093129279 0.0159467929936
2.32257903954 0.0124536859569
2.32422678629 0.0138205539278
2.32587453303 0.0153392961177
2.32752227978 0.0157949187746
2.32917002653 0.0148836734607
2.33081777327 0.0147317992417
2.33246552002 0.0130611828329
2.33411326677 0.0104793211101
2.33576101351 0.0109349437671
2.33740876026 0.0121499375189
2.33905650701 0.011694314862
2.34070425375 0.0126055601759
2.3423520005 0.0148836734607
2.34399974725 0.0129093086139
2.34564749399 0.0127574343949
2.34729524074 0.011694314862
2.34894298749 0.00941620157718
2.35059073423 0.0101755726721
2.35223848098 0.0121499375189
2.35388622773 0.0123018117379
2.35553397447 0.0127574343949
2.35718172122 0.0136686797088
2.35882946797 0.0126055601759
2.36047721471 0.0119980633
2.36212496146 0.0133649312708
2.36377270821 0.011846189081
2.36542045495 0.011238692205
2.3670682017 0.0119980633
2.36871594845 0.011846189081
2.3703636952 0.011086817986
2.37201144194 0.0126055601759
2.37365918869 0.0106311953291
2.37530693544 0.0121499375189
2.37695468218 0.0100236984531
2.37860242893 0.011694314862
2.38025017568 0.00956807579617
2.38189792242 0.00956807579617
2.38354566917 0.011238692205
2.38519341592 0.0092643273582
2.38684116266 0.011846189081
2.38848890941 0.0109349437671
2.39013665616 0.0106311953291
2.3917844029 0.0109349437671
2.39343214965 0.00941620157718
2.3950798964 0.00865683048225
2.39672764314 0.00835308204428
2.39837538989 0.0126055601759
2.40002313664 0.0119980633
2.40167088338 0.0104793211101
2.40331863013 0.0104793211101
2.40496637688 0.00850495626326
2.40661412362 0.0119980633
2.40826187037 0.00683433985441
2.40990961712 0.00896057892022
2.41155736386 0.00835308204428
2.41320511061 0.0100236984531
2.41485285736 0.011542440643
2.4165006041 0.00896057892022
2.41814835085 0.00971995001516
2.4197960976 0.00880870470124
2.42144384434 0.00850495626326
2.42309159109 0.00789745938732
2.42473933784 0.0080493336063
2.42638708458 0.00759371094934
2.42803483133 0.0080493336063
2.42968257808 0.00956807579617
2.43133032482 0.00789745938732
2.43297807157 0.00698621407339
2.43462581832 0.00622684297846
2.43627356507 0.00592309454049
2.43792131181 0.0057712203215
2.43956905856 0.00728996251137
2.44121680531 0.00683433985441
2.44286455205 0.00592309454049
2.4445122988 0.00728996251137
2.44616004555 0.00987182423414
2.44780779229 0.00698621407339
2.44945553904 0.00789745938732
2.45110328579 0.00501184922657
2.45275103253 0.00546747188353
2.45439877928 0.00425247813163
2.45604652603 0.00516372344555
2.45769427277 0.0045562265696
2.45934201952 0.00653059141643
2.46098976627 0.00759371094934
2.46263751301 0.00516372344555
2.46428525976 0.00501184922657
2.46593300651 0.00470810078859
2.46758075325 0.00531559766454
2.4692285 0.00516372344555
2.47087624675 0.0057712203215
2.47252399349 0.00820120782529
2.47417174024 0.00607496875947
2.47581948699 0.00668246563542
2.47746723373 0.0057712203215
2.47911498048 0.00364498125568
2.48076272723 0.00516372344555
2.48241047397 0.00470810078859
2.48405822072 0.00410060391264
2.48570596747 0.00425247813163
2.48735371421 0.00470810078859
2.48900146096 0.00546747188353
2.49064920771 0.00440435235062
2.49229695445 0.00364498125568
2.4939447012 0.00470810078859
2.49559244795 0.00698621407339
2.49724019469 0.00653059141643
2.49888794144 0.00364498125568
2.50053568819 0.00470810078859
2.50218343493 0.00531559766454
2.50383118168 0.00470810078859
2.50547892843 0.00364498125568
2.50712667518 0.00501184922657
2.50877442192 0.00273373594176
2.51042216867 0.00379685547467
2.51206991542 0.0034931070367
2.51371766216 0.00273373594176
2.51536540891 0.00440435235062
2.51701315566 0.00561934610251
2.5186609024 0.00379685547467
2.52030864915 0.00425247813163
2.5219563959 0.0034931070367
2.52360414264 0.0034931070367
2.52525188939 0.00470810078859
2.52689963614 0.0034931070367
2.52854738288 0.00410060391264
2.53019512963 0.0045562265696
2.53184287638 0.00501184922657
2.53349062312 0.00485997500758
2.53513836987 0.00318935859872
2.53678611662 0.00318935859872
2.53843386336 0.00410060391264
2.54008161011 0.00303748437974
2.54172935686 0.00440435235062
2.5433771036 0.00242998750379
2.54502485035 0.00258186172278
2.5466725971 0.00334123281771
2.54832034384 0.00364498125568
2.54996809059 0.00288561016075
2.55161583734 0.00440435235062
2.55326358408 0.00303748437974
2.55491133083 0.00318935859872
2.55655907758 0.00258186172278
2.55820682432 0.00167061640886
2.55985457107 0.00379685547467
2.56150231782 0.00288561016075
2.56315006456 0.00394872969366
2.56479781131 0.00258186172278
2.56644555806 0.00258186172278
2.5680933048 0.00288561016075
2.56974105155 0.00258186172278
2.5713887983 0.00303748437974
2.57303654505 0.00410060391264
2.57468429179 0.00394872969366
2.57633203854 0.00318935859872
2.57797978529 0.00334123281771
2.57962753203 0.00212623906582
2.58127527878 0.00151874218987
2.58292302553 0.00212623906582
2.58457077227 0.00273373594176
2.58621851902 0.00303748437974
2.58786626577 0.000911245313921
2.58951401251 0.00334123281771
2.59116175926 0.00288561016075
2.59280950601 0.00258186172278
2.59445725275 0.00167061640886
2.5961049995 0.00303748437974
2.59775274625 0.00318935859872
2.59940049299 0.00425247813163
2.60104823974 0.0022781132848
2.60269598649 0.0034931070367
2.60434373323 0.00288561016075
2.60599147998 0.00197436484683
2.60763922673 0.00197436484683
2.60928697347 0.00151874218987
2.61093472022 0.00258186172278
2.61258246697 0.00288561016075
2.61423021371 0.0022781132848
2.61587796046 0.000911245313921
2.61752570721 0.00106311953291
2.61917345395 0.00167061640886
2.6208212007 0.0022781132848
2.62246894745 0.00151874218987
2.62411669419 0.0022781132848
2.62576444094 0.00167061640886
2.62741218769 0.00197436484683
2.62905993443 0.00197436484683
2.63070768118 0.00273373594176
2.63235542793 0.00121499375189
2.63400317467 0.00106311953291
2.63565092142 0.00182249062784
2.63729866817 0.00182249062784
2.63894641491 0.00121499375189
2.64059416166 0.00212623906582
2.64224190841 0.00182249062784
2.64388965516 0.00182249062784
2.6455374019 0.00106311953291
2.64718514865 0.000607496875947
2.6488328954 0.00182249062784
2.65048064214 0.00106311953291
2.65212838889 0.00106311953291
2.65377613564 0.00197436484683
2.65542388238 0.0022781132848
2.65707162913 0.00197436484683
2.65871937588 0.0022781132848
2.66036712262 0.0022781132848
2.66201486937 0.00273373594176
2.66366261612 0.00136686797088
2.66531036286 0.00151874218987
2.66695810961 0.00151874218987
2.66860585636 0.00182249062784
2.6702536031 0.00167061640886
2.67190134985 0.000759371094934
2.6735490966 0.00151874218987
2.67519684334 0.0022781132848
2.67684459009 0.00212623906582
2.67849233684 0.00182249062784
2.68014008358 0.000911245313921
2.68178783033 0.00182249062784
2.68343557708 0.00136686797088
2.68508332382 0.00151874218987
2.68673107057 0.00136686797088
2.68837881732 0.00136686797088
2.69002656406 0.00182249062784
2.69167431081 0.00106311953291
2.69332205756 0.00106311953291
2.6949698043 0.000911245313921
2.69661755105 0.00121499375189
2.6982652978 0.00121499375189
2.69991304454 0.000151874218987
2.70156079129 0.000759371094934
2.70320853804 0.00182249062784
2.70485628478 0.000759371094934
2.70650403153 0.00106311953291
2.70815177828 0.00106311953291
2.70979952503 0.00136686797088
2.71144727177 0.00136686797088
2.71309501852 0.000151874218987
2.71474276527 0.00045562265696
2.71639051201 0.000759371094934
2.71803825876 0.000607496875947
2.71968600551 0.000607496875947
2.72133375225 0.000759371094934
2.722981499 0.000607496875947
2.72462924575 0.00106311953291
2.72627699249 0.00151874218987
2.72792473924 0.000303748437974
2.72957248599 0.000303748437974
2.73122023273 0.00045562265696
2.73286797948 0.00106311953291
2.73451572623 0.000911245313921
2.73616347297 0.000759371094934
2.73781121972 0.00167061640886
2.73945896647 0.000911245313921
2.74110671321 0.00121499375189
2.74275445996 0.000911245313921
2.74440220671 0.00106311953291
2.74604995345 0.00045562265696
2.7476977002 0.00151874218987
2.74934544695 0.000303748437974
2.75099319369 0.00045562265696
2.75264094044 0.00106311953291
2.75428868719 0.000303748437974
2.75593643393 0.000607496875947
2.75758418068 0.00121499375189
2.75923192743 0.000911245313921
2.76087967417 0.00106311953291
2.76252742092 0.000759371094934
2.76417516767 0.00045562265696
2.76582291441 0.000911245313921
2.76747066116 0.00045562265696
2.76911840791 0.000607496875947
2.77076615465 0.000759371094934
2.7724139014 0.00045562265696
2.77406164815 0.000759371094934
2.77570939489 0.000303748437974
2.77735714164 0.000151874218987
2.77900488839 0.000151874218987
2.78065263514 0.00045562265696
2.78230038188 0.000759371094934
2.78394812863 0.000303748437974
2.78559587538 0.000607496875947
2.78724362212 0.00045562265696
2.78889136887 0.000911245313921
2.79053911562 0.00045562265696
2.79218686236 0.000303748437974
2.79383460911 0.000607496875947
2.79548235586 0.00045562265696
2.7971301026 0.000759371094934
2.79877784935 0.000607496875947
2.8004255961 0.000607496875947
2.80207334284 0.00045562265696
2.80372108959 0.000303748437974
2.80536883634 0.000151874218987
2.80701658308 0.000151874218987
2.80866432983 0.000607496875947
2.81031207658 0.000303748437974
2.81195982332 0.000151874218987
2.81360757007 0.00106311953291
2.81525531682 0.00136686797088
2.81690306356 0.000911245313921
2.81855081031 0.0
2.82019855706 0.0
2.8218463038 0.00045562265696
2.82349405055 0.00045562265696
2.8251417973 0.000759371094934
2.82678954404 0.000303748437974
2.82843729079 0.000303748437974
2.83008503754 0.000607496875947
2.83173278428 0.00106311953291
2.83338053103 0.000303748437974
2.83502827778 0.0
2.83667602452 0.00045562265696
2.83832377127 0.000151874218987
2.83997151802 0.0
2.84161926476 0.000151874218987
2.84326701151 0.00045562265696
2.84491475826 0.000607496875947
2.84656250501 0.00045562265696
2.84821025175 0.00045562265696
2.8498579985 0.00045562265696
2.85150574525 0.000151874218987
2.85315349199 0.000303748437974
2.85480123874 0.0
2.85644898549 0.0
2.85809673223 0.000303748437974
2.85974447898 0.000303748437974
2.86139222573 0.000759371094934
2.86303997247 0.00045562265696
2.86468771922 0.000607496875947
2.86633546597 0.0
2.86798321271 0.0
2.86963095946 0.000303748437974
2.87127870621 0.000759371094934
2.87292645295 0.000151874218987
2.8745741997 0.0
2.87622194645 0.000303748437974
2.87786969319 0.000151874218987
2.87951743994 0.000151874218987
2.88116518669 0.000151874218987
2.88281293343 0.000759371094934
2.88446068018 0.0
2.88610842693 0.0
2.88775617367 0.000303748437974
2.88940392042 0.00045562265696
2.89105166717 0.00106311953291
2.89269941391 0.000607496875947
2.89434716066 0.0
2.89599490741 0.000151874218987
2.89764265415 0.000151874218987
2.8992904009 0.000303748437974
2.90093814765 0.0
2.90258589439 0.000303748437974
2.90423364114 0.000303748437974
2.90588138789 0.0
2.90752913463 0.000151874218987
2.90917688138 0.000151874218987
2.91082462813 0.0
2.91247237487 0.0
2.91412012162 0.0
2.91576786837 0.000303748437974
2.91741561512 0.000151874218987
2.91906336186 0.000151874218987
2.92071110861 0.000151874218987
2.92235885536 0.000303748437974
2.9240066021 0.000151874218987
2.92565434885 0.0
2.9273020956 0.000303748437974
2.92894984234 0.0
2.93059758909 0.000303748437974
2.93224533584 0.0
2.93389308258 0.0
2.93554082933 0.0
2.93718857608 0.0
2.93883632282 0.0
2.94048406957 0.0
2.94213181632 0.000303748437974
2.94377956306 0.000303748437974
2.94542730981 0.000151874218987
2.94707505656 0.000151874218987
2.9487228033 0.0
2.95037055005 0.0
2.9520182968 0.0
2.95366604354 0.0
2.95531379029 0.0
2.95696153704 0.0
2.95860928378 0.0
2.96025703053 0.0
2.96190477728 0.000151874218987
2.96355252402 0.000303748437974
2.96520027077 0.00045562265696
2.96684801752 0.000303748437974
2.96849576426 0.0
2.97014351101 0.0
2.97179125776 0.000151874218987
2.9734390045 0.000151874218987
2.97508675125 0.00045562265696
2.976734498 0.000151874218987
2.97838224474 0.0
2.98002999149 0.0
2.98167773824 0.0
2.98332548498 0.0
2.98497323173 0.0
2.98662097848 0.000151874218987
2.98826872523 0.000151874218987
2.98991647197 0.000151874218987
2.99156421872 0.000151874218987
2.99321196547 0.0
2.99485971221 0.0
2.99650745896 0.000303748437974
2.99815520571 0.000151874218987
2.99980295245 0.000151874218987
3.0014506992 0.000151874218987
3.00309844595 0.000151874218987
3.00474619269 0.000303748437974
3.00639393944 0.000151874218987
3.00804168619 0.000151874218987
3.00968943293 0.000303748437974
3.01133717968 0.000151874218987
3.01298492643 0.000151874218987
3.01463267317 0.0
3.01628041992 0.0
3.01792816667 0.0
3.01957591341 0.0
3.02122366016 0.0
3.02287140691 0.0
3.02451915365 0.0
3.0261669004 0.0
3.02781464715 0.0
3.02946239389 0.0
3.03111014064 0.0
3.03275788739 0.0
3.03440563413 0.0
3.03605338088 0.0
3.03770112763 0.000151874218987
3.03934887437 0.000607496875947
3.04099662112 0.000151874218987
3.04264436787 0.00045562265696
3.04429211461 0.000151874218987
3.04593986136 0.0
3.04758760811 0.0
3.04923535485 0.0
3.0508831016 0.0
3.05253084835 0.0
3.0541785951 0.0
3.05582634184 0.000303748437974
3.05747408859 0.0
3.05912183534 0.000303748437974
3.06076958208 0.0
3.06241732883 0.000303748437974
3.06406507558 0.0
3.06571282232 0.0
3.06736056907 0.0
3.06900831582 0.0
3.07065606256 0.0
3.07230380931 0.0
3.07395155606 0.0
3.0755993028 0.000303748437974
3.07724704955 0.0
3.0788947963 0.0
3.08054254304 0.000151874218987
3.08219028979 0.000151874218987
3.08383803654 0.000303748437974
3.08548578328 0.0
3.08713353003 0.0
3.08878127678 0.000151874218987
3.09042902352 0.000151874218987
3.09207677027 0.0
3.09372451702 0.0
3.09537226376 0.0
3.09702001051 0.0
3.09866775726 0.0
3.100315504 0.0
3.10196325075 0.0
3.1036109975 0.0
3.10525874424 0.0
3.10690649099 0.0
3.10855423774 0.0
3.11020198448 0.0
3.11184973123 0.0
3.11349747798 0.0
3.11514522472 0.0
3.11679297147 0.0
3.11844071822 0.0
3.12008846496 0.0
3.12173621171 0.0
3.12338395846 0.0
3.12503170521 0.0
3.12667945195 0.0
3.1283271987 0.000303748437974
3.12997494545 0.0
3.13162269219 0.0
3.13327043894 0.0
3.13491818569 0.0
3.13656593243 0.0
3.13821367918 0.0
3.13986142593 0.0
3.14150917267 0.000303748437974
3.14315691942 0.0
3.14480466617 0.0
3.14645241291 0.0
3.14810015966 0.0
3.14974790641 0.000151874218987
3.15139565315 0.000151874218987
3.1530433999 0.0
3.15469114665 0.0
3.15633889339 0.0
3.15798664014 0.0
3.15963438689 0.0
3.16128213363 0.0
3.16292988038 0.0
3.16457762713 0.0
3.16622537387 0.0
3.16787312062 0.0
3.16952086737 0.0
3.17116861411 0.0
3.17281636086 0.0
3.17446410761 0.0
3.17611185435 0.0
3.1777596011 0.0
3.17940734785 0.0
3.18105509459 0.0
3.18270284134 0.0
3.18435058809 0.0
3.18599833483 0.0
3.18764608158 0.0
3.18929382833 0.0
3.19094157508 0.000303748437974
3.19258932182 0.000151874218987
3.19423706857 0.000151874218987
3.19588481532 0.0
3.19753256206 0.0
3.19918030881 0.0
3.20082805556 0.0
3.2024758023 0.0
3.20412354905 0.0
3.2057712958 0.0
3.20741904254 0.0
3.20906678929 0.0
3.21071453604 0.0
3.21236228278 0.0
3.21401002953 0.0
3.21565777628 0.0
3.21730552302 0.0
3.21895326977 0.0
3.22060101652 0.0
3.22224876326 0.000151874218987
3.22389651001 0.000151874218987
3.22554425676 0.0
3.2271920035 0.0
3.22883975025 0.0
3.230487497 0.0
3.23213524374 0.0
3.23378299049 0.0
3.23543073724 0.0
3.23707848398 0.0
3.23872623073 0.0
3.24037397748 0.0
3.24202172422 0.0
3.24366947097 0.0
3.24531721772 0.0
3.24696496446 0.0
3.24861271121 0.0
3.25026045796 0.0
3.2519082047 0.0
3.25355595145 0.0
3.2552036982 0.0
3.25685144494 0.0
3.25849919169 0.0
3.26014693844 0.0
3.26179468519 0.0
3.26344243193 0.0
3.26509017868 0.0
3.26673792543 0.0
3.26838567217 0.0
3.27003341892 0.0
3.27168116567 0.0
3.27332891241 0.0
3.27497665916 0.0
3.27662440591 0.0
3.27827215265 0.0
3.2799198994 0.0
3.28156764615 0.0
3.28321539289 0.0
3.28486313964 0.0
3.28651088639 0.0
3.28815863313 0.0
3.28980637988 0.0
3.29145412663 0.000151874218987
