0.171266154686 0.000600601422481
0.172644464058 0.0
0.17402277343 0.000600601422481
0.175401082803 0.00120120284496
0.176779392175 0.000600601422481
0.178157701547 0.00300300711241
0.179536010919 0.00120120284496
0.180914320291 0.00420420995737
0.182292629663 0.00360360853489
0.183670939035 0.00360360853489
0.185049248408 0.00900902133722
0.18642755778 0.00780781849226
0.187805867152 0.0096096227597
0.189184176524 0.0120120284496
0.190562485896 0.0102102241822
0.191940795268 0.0126126298721
0.193319104641 0.0102102241822
0.194697414013 0.0204204483644
0.196075723385 0.0138138327171
0.197454032757 0.017417441252
0.198832342129 0.0210210497868
0.200210651501 0.0204204483644
0.201588960874 0.0228228540543
0.202967270246 0.0120120284496
0.204345579618 0.0270270640117
0.20572388899 0.0204204483644
0.207102198362 0.0222222526318
0.208480507734 0.0246246583217
0.209858817106 0.0192192455194
0.211237126479 0.0264264625892
0.212615435851 0.0306306725465
0.213993745223 0.0294294697016
0.215372054595 0.0234234554768
0.216750363967 0.0270270640117
0.218128673339 0.0318318753915
0.219506982712 0.0252252597442
0.220885292084 0.032432476814
0.222263601456 0.031231273969
0.223641910828 0.0270270640117
0.2250202202 0.0252252597442
0.226398529572 0.0342342810814
0.227776838944 0.0300300711241
0.229155148317 0.0348348825039
0.230533457689 0.0336336796589
0.231911767061 0.0294294697016
0.233290076433 0.0360360853489
0.234668385805 0.0342342810814
0.236046695177 0.0276276654341
0.23742500455 0.031231273969
0.238803313922 0.0390390924613
0.240181623294 0.0384384910388
0.241559932666 0.0408408967287
0.242938242038 0.0342342810814
0.24431655141 0.0318318753915
0.245694860783 0.0414414981512
0.247073170155 0.0342342810814
0.248451479527 0.0336336796589
0.249829788899 0.0384384910388
0.251208098271 0.0336336796589
0.252586407643 0.0426427009962
0.253964717015 0.0414414981512
0.255343026388 0.0354354839264
0.25672133576 0.0402402953062
0.258099645132 0.0438439038411
0.259477954504 0.0444445052636
0.260856263876 0.0342342810814
0.262234573248 0.0420420995737
0.263612882621 0.0426427009962
0.264991191993 0.047447512376
0.266369501365 0.0408408967287
0.267747810737 0.0462463095311
0.269126120109 0.0438439038411
0.270504429481 0.0378378896163
0.271882738854 0.0438439038411
0.273261048226 0.0378378896163
0.274639357598 0.0468469109535
0.27601766697 0.0432433024186
0.277395976342 0.0414414981512
0.278774285714 0.047447512376
0.280152595086 0.0402402953062
0.281530904459 0.0468469109535
0.282909213831 0.0468469109535
0.284287523203 0.0456457081086
0.285665832575 0.0432433024186
0.287044141947 0.0498499180659
0.288422451319 0.0426427009962
0.289800760692 0.0414414981512
0.291179070064 0.0510511209109
0.292557379436 0.0468469109535
0.293935688808 0.0444445052636
0.29531399818 0.0516517223334
0.296692307552 0.0456457081086
0.298070616924 0.0528529251783
0.299448926297 0.0492493166435
0.300827235669 0.0456457081086
0.302205545041 0.0438439038411
0.303583854413 0.0420420995737
0.304962163785 0.048648715221
0.306340473157 0.0528529251783
0.30771878253 0.0432433024186
0.309097091902 0.0480481137985
0.310475401274 0.0462463095311
0.311853710646 0.0504505194884
0.313232020018 0.0408408967287
0.31461032939 0.0546547294458
0.315988638763 0.0570571351357
0.317366948135 0.0432433024186
0.318745257507 0.0504505194884
0.320123566879 0.0516517223334
0.321501876251 0.0504505194884
0.322880185623 0.0414414981512
0.324258494995 0.0498499180659
0.325636804368 0.0456457081086
0.32701511374 0.0534535266008
0.328393423112 0.0564565337132
0.329771732484 0.047447512376
0.331150041856 0.0504505194884
0.332528351228 0.0492493166435
0.333906660601 0.0468469109535
0.335284969973 0.0522523237559
0.336663279345 0.0552553308683
0.338041588717 0.0426427009962
0.339419898089 0.0522523237559
0.340798207461 0.0534535266008
0.342176516833 0.0492493166435
0.343554826206 0.0522523237559
0.344933135578 0.0450451066861
0.34631144495 0.0516517223334
0.347689754322 0.0498499180659
0.349068063694 0.0468469109535
0.350446373066 0.0468469109535
0.351824682439 0.0444445052636
0.353202991811 0.0450451066861
0.354581301183 0.0528529251783
0.355959610555 0.0546547294458
0.357337919927 0.0492493166435
0.358716229299 0.0516517223334
0.360094538672 0.0510511209109
0.361472848044 0.0480481137985
0.362851157416 0.0456457081086
0.364229466788 0.0462463095311
0.36560777616 0.0534535266008
0.366986085532 0.0480481137985
0.368364394904 0.0510511209109
0.369742704277 0.0366366867714
0.371121013649 0.0546547294458
0.372499323021 0.0450451066861
0.373877632393 0.0546547294458
0.375255941765 0.0498499180659
0.376634251137 0.047447512376
0.37801256051 0.0438439038411
0.379390869882 0.0396396938838
0.380769179254 0.047447512376
0.382147488626 0.0480481137985
0.383525797998 0.0450451066861
0.38490410737 0.0462463095311
0.386282416742 0.0462463095311
0.387660726115 0.0390390924613
0.389039035487 0.0420420995737
0.390417344859 0.0468469109535
0.391795654231 0.0510511209109
0.393173963603 0.0492493166435
0.394552272975 0.0444445052636
0.395930582348 0.0438439038411
0.39730889172 0.0426427009962
0.398687201092 0.0396396938838
0.400065510464 0.0366366867714
0.401443819836 0.047447512376
0.402822129208 0.0402402953062
0.404200438581 0.0354354839264
0.405578747953 0.0390390924613
0.406957057325 0.0342342810814
0.408335366697 0.0426427009962
0.409713676069 0.0402402953062
0.411091985441 0.0372372881938
0.412470294813 0.0348348825039
0.413848604186 0.0390390924613
0.415226913558 0.0288288682791
0.41660522293 0.0318318753915
0.417983532302 0.0366366867714
0.419361841674 0.0246246583217
0.420740151046 0.0270270640117
0.422118460419 0.0258258611667
0.423496769791 0.0282282668566
0.424875079163 0.0234234554768
0.426253388535 0.0336336796589
0.427631697907 0.0264264625892
0.429010007279 0.0204204483644
0.430388316652 0.016216238407
0.431766626024 0.0240240568992
0.433144935396 0.0216216512093
0.434523244768 0.0180180426744
0.43590155414 0.0132132312946
0.437279863512 0.0132132312946
0.438658172884 0.0132132312946
0.440036482257 0.00600601422481
0.441414791629 0.00720721706977
0.442793101001 0.00180180426744
0.444171410373 0.00300300711241
0.445549719745 0.00420420995737
0.446928029117 0.00120120284496
0.44830633849 0.000600601422481
0.449684647862 0.00120120284496
0.451062957234 0.00120120284496
0.452441266606 0.00240240568992
0.453819575978 0.00240240568992
0.45519788535 0.00120120284496
0.456576194722 0.00120120284496
0.457954504095 0.00180180426744
0.459332813467 0.00360360853489
0.460711122839 0.00240240568992
0.462089432211 0.00120120284496
0.463467741583 0.000600601422481
0.464846050955 0.00240240568992
0.466224360328 0.00180180426744
0.4676026697 0.00120120284496
0.468980979072 0.00120120284496
0.470359288444 0.00300300711241
0.471737597816 0.00180180426744
0.473115907188 0.000600601422481
0.474494216561 0.00120120284496
0.475872525933 0.00120120284496
0.477250835305 0.00180180426744
0.478629144677 0.00120120284496
0.480007454049 0.00180180426744
0.481385763421 0.00120120284496
0.482764072793 0.00240240568992
0.484142382166 0.00240240568992
0.485520691538 0.00300300711241
0.48689900091 0.00360360853489
0.488277310282 0.00480481137985
0.489655619654 0.00180180426744
0.491033929026 0.00240240568992
0.492412238399 0.00720721706977
0.493790547771 0.00480481137985
0.495168857143 0.00360360853489
0.496547166515 0.00360360853489
0.497925475887 0.00240240568992
0.499303785259 0.00480481137985
0.500682094631 0.00420420995737
0.502060404004 0.00420420995737
0.503438713376 0.00840841991474
0.504817022748 0.00780781849226
0.50619533212 0.00540541280233
0.507573641492 0.00780781849226
0.508951950864 0.00540541280233
0.510330260237 0.00660661564729
0.511708569609 0.00540541280233
0.513086878981 0.00420420995737
0.514465188353 0.00780781849226
0.515843497725 0.00900902133722
0.517221807097 0.00540541280233
0.51860011647 0.00900902133722
0.519978425842 0.00420420995737
0.521356735214 0.00720721706977
0.522735044586 0.00600601422481
0.524113353958 0.00840841991474
0.52549166333 0.00660661564729
0.526869972702 0.00720721706977
0.528248282075 0.00840841991474
0.529626591447 0.00720721706977
0.531004900819 0.00900902133722
0.532383210191 0.00780781849226
0.533761519563 0.00840841991474
0.535139828935 0.0102102241822
0.536518138308 0.00840841991474
0.53789644768 0.0120120284496
0.539274757052 0.00660661564729
0.540653066424 0.0120120284496
0.542031375796 0.0120120284496
0.543409685168 0.0138138327171
0.54478799454 0.0096096227597
0.546166303913 0.0114114270271
0.547544613285 0.0120120284496
0.548922922657 0.0108108256047
0.550301232029 0.0096096227597
0.551679541401 0.0180180426744
0.553057850773 0.016216238407
0.554436160146 0.015015035562
0.555814469518 0.016216238407
0.55719277889 0.016216238407
0.558571088262 0.0138138327171
0.559949397634 0.0138138327171
0.561327707006 0.015015035562
0.562706016379 0.016216238407
0.564084325751 0.016216238407
0.565462635123 0.0192192455194
0.566840944495 0.0198198469419
0.568219253867 0.0186186440969
0.569597563239 0.0198198469419
0.570975872611 0.0252252597442
0.572354181984 0.0240240568992
0.573732491356 0.0258258611667
0.575110800728 0.0240240568992
0.5764891101 0.0246246583217
0.577867419472 0.0270270640117
0.579245728844 0.0210210497868
0.580624038217 0.0270270640117
0.582002347589 0.0300300711241
0.583380656961 0.0360360853489
0.584758966333 0.0378378896163
0.586137275705 0.0390390924613
0.587515585077 0.031231273969
0.588893894449 0.0348348825039
0.590272203822 0.0336336796589
0.591650513194 0.0318318753915
0.593028822566 0.0336336796589
0.594407131938 0.0372372881938
0.59578544131 0.0348348825039
0.597163750682 0.0372372881938
0.598542060055 0.0396396938838
0.599920369427 0.0372372881938
0.601298678799 0.0432433024186
0.602676988171 0.0420420995737
0.604055297543 0.0504505194884
0.605433606915 0.0528529251783
0.606811916288 0.0420420995737
0.60819022566 0.0576577365582
0.609568535032 0.0462463095311
0.610946844404 0.047447512376
0.612325153776 0.0540541280233
0.613703463148 0.0654655550505
0.61508177252 0.0576577365582
0.616460081893 0.0606607436706
0.617838391265 0.0594595408256
0.619216700637 0.0594595408256
0.620595010009 0.0540541280233
0.621973319381 0.0654655550505
0.623351628753 0.0672673593179
0.624729938126 0.0594595408256
0.626108247498 0.0660661564729
0.62748655687 0.0672673593179
0.628864866242 0.0732733735427
0.630243175614 0.0678679607404
0.631621484986 0.0732733735427
0.632999794359 0.0756757792326
0.634378103731 0.0780781849226
0.635756413103 0.0714715692753
0.637134722475 0.0840841991474
0.638513031847 0.0912914162171
0.639891341219 0.0900902133722
0.641269650591 0.096096227597
0.642647959964 0.096096227597
0.644026269336 0.096096227597
0.645404578708 0.094895024752
0.64678288808 0.103904046089
0.648161197452 0.103904046089
0.649539506824 0.120720885919
0.650917816197 0.120720885919
0.652296125569 0.115315473116
0.653674434941 0.107507654624
0.655052744313 0.110510661737
0.656431053685 0.118318480229
0.657809363057 0.114114270271
0.659187672429 0.124324494454
0.660565981802 0.123723893031
0.661944291174 0.129729907256
0.663322600546 0.133333515791
0.664700909918 0.144744942818
0.66607921929 0.132132312946
0.667457528662 0.135135320058
0.668835838035 0.141141334283
0.670214147407 0.151351558465
0.671592456779 0.151952159888
0.672970766151 0.16216238407
0.674349075523 0.165165391182
0.675727384895 0.153153362733
0.677105694268 0.161561782647
0.67848400364 0.171171405407
0.679862313012 0.167567796872
0.681240622384 0.184985238124
0.682618931756 0.17417441252
0.683997241128 0.187387643814
0.6853755505 0.192192455194
0.686753859873 0.196396665151
0.688132169245 0.206606889334
0.689510478617 0.209009295023
0.690888787989 0.210811099291
0.692267097361 0.217417714938
0.693645406733 0.210811099291
0.695023716106 0.219219519206
0.696402025478 0.217417714938
0.69778033485 0.221021323473
0.699158644222 0.227027337698
0.700536953594 0.233033351923
0.701915262966 0.25165199602
0.703293572338 0.255856205977
0.704671881711 0.24684718464
0.706050191083 0.263664024469
0.707428500455 0.258859213089
0.708806809827 0.269670038694
0.710185119199 0.281081465721
0.711563428571 0.283483871411
0.712941737944 0.291291689903
0.714320047316 0.285285675679
0.715698356688 0.296096501283
0.71707666606 0.305706124043
0.718454975432 0.31231273969
0.719833284804 0.330330782365
0.721211594177 0.32912957952
0.722589903549 0.328528978097
0.723968212921 0.344144615082
0.725346522293 0.349550027884
0.726724831665 0.354955440686
0.728103141037 0.366967469136
0.729481450409 0.368168671981
0.730859759782 0.386186714655
0.732238069154 0.3873879175
0.733616378526 0.395195735993
0.734994687898 0.407207764442
0.73637299727 0.41381438009
0.737751306642 0.427027611384
0.739129616015 0.424625205694
0.740507925387 0.443844451214
0.741886234759 0.431231821342
0.743264544131 0.445045654059
0.744642853503 0.431832422764
0.746021162875 0.451051668283
0.747399472247 0.449249864016
0.74877778162 0.473874522338
0.750156090992 0.46726790669
0.751534400364 0.484685347942
0.752912709736 0.501502187772
0.754291019108 0.499099782082
0.75566932848 0.535736468853
0.757047637853 0.538739475966
0.758425947225 0.54714789588
0.759804256597 0.54955030157
0.761182565969 0.56396473571
0.762560875341 0.56876954709
0.763939184713 0.583183981229
0.765317494086 0.589189995454
0.766695803458 0.591592401144
0.76807411283 0.596397212524
0.769452422202 0.608409240973
0.770830731574 0.606607436706
0.772209040946 0.619820668001
0.773587350318 0.632433297873
0.774965659691 0.64144231921
0.776343969063 0.665466376109
0.777722278435 0.682883817361
0.779100587807 0.702703664303
0.780478897179 0.693694642966
0.781857206551 0.701502461458
0.783235515924 0.70931027995
0.784613825296 0.71411509133
0.785992134668 0.739340351074
0.78737044404 0.739340351074
0.788748753412 0.757958995171
0.790127062784 0.777778842113
0.791505372157 0.792793877675
0.792883681529 0.801802899012
0.794261990901 0.812013123195
0.795640300273 0.807808913237
0.797018609645 0.824025151644
0.798396919017 0.831232368714
0.799775228389 0.847448607121
0.801153537762 0.846848005699
0.802531847134 0.872073265443
0.803910156506 0.900301532299
0.805288465878 0.929731002001
0.80666677525 0.94654784183
0.808045084622 0.962163478815
0.809423393995 0.960361674548
0.810801703367 0.967568891617
0.812180012739 0.986788137137
0.813558322111 1.01141279546
0.814936631483 1.01201339688
0.816314940855 1.00961099119
0.817693250227 1.03243384525
0.8190715596 1.03363504809
0.820449868972 1.05765910499
0.821828178344 1.06726872775
0.823206487716 1.10450601594
0.824584797088 1.10810962448
0.82596310646 1.09549699461
0.827341415833 1.13453608707
0.828719725205 1.1435451084
0.830098034577 1.15015172405
0.831476343949 1.16696856388
0.832854653321 1.18378540371
0.834232962693 1.19519683074
0.835611272066 1.22342509759
0.836989581438 1.22822990897
0.83836789081 1.23183351751
0.839746200182 1.28588764553
0.841124509554 1.28168343557
0.842502818926 1.27928102989
0.843881128298 1.29549726829
0.845259437671 1.31051230385
0.846637747043 1.35735921481
0.848016056415 1.35795981623
0.849394365787 1.35916101908
0.850772675159 1.38979169162
0.852150984531 1.41201394425
0.853529293904 1.42883078408
0.854907603276 1.43003198693
0.856285912648 1.42522717555
0.85766422202 1.47567769504
0.859042531392 1.4666686737
0.860420840764 1.47687889788
0.861799150136 1.51892099746
0.863177459509 1.52432641026
0.864555768881 1.52612821452
0.865934078253 1.52132340314
0.867312387625 1.53573783728
0.868690696997 1.56216429987
0.870069006369 1.55916129276
0.871447315742 1.60000218949
0.872825625114 1.61501722505
0.874203934486 1.65225451325
0.875582243858 1.65705932463
0.87696055323 1.67267496161
0.878338862602 1.67327556303
0.879717171975 1.70630864127
0.881095481347 1.7099122498
0.882473790719 1.72973209675
0.883852100091 1.72732969106
0.885230409463 1.74054292235
0.886608718835 1.78859103615
0.887987028207 1.79459705037
0.88936533758 1.81381629589
0.890743646952 1.84744997555
0.892121956324 1.88108365521
0.893500265696 1.92192455194
0.894878575068 1.92132395052
0.89625688444 1.92012274767
0.897635193813 1.902104705
0.899013503185 1.90570831353
0.900391812557 1.92853116759
0.901770121929 1.93453718181
0.903148431301 1.96396665151
0.904526740673 1.9849877013
0.905905050045 2.00180454113
0.907283359418 2.00420694682
0.90866166879 1.99519792548
0.910039978162 2.02282559092
0.911418287534 2.02342619234
0.912796596906 2.07207490756
0.914174906278 2.09970257299
0.915553215651 2.12072362278
0.916931525023 2.10390678295
0.918309834395 2.11651941282
0.919688143767 2.12733023843
0.921066453139 2.15615910671
0.922444762511 2.19700000344
0.923823071884 2.20240541624
0.925201381256 2.22823127741
0.926579690628 2.25585894284
0.927958 2.24084390728
0.929336309372 2.27868179689
0.930714618744 2.25405713857
0.932092928116 2.25886194995
0.933471237489 2.2600631528
0.934849546861 2.28588901396
0.936227856233 2.28889202108
0.937606165605 2.29970284668
0.938984474977 2.30330645522
0.940362784349 2.33694013487
0.941741093722 2.33573893203
0.943119403094 2.36877201027
0.944497712466 2.36997321311
0.945876021838 2.40841170415
0.94725433121 2.40000328424
0.948632640582 2.41381711695
0.950010949955 2.4258291454
0.951389259327 2.43243576105
0.952767568699 2.43784117385
0.954145878071 2.44925260088
0.955524187443 2.44324658665
0.956902496815 2.4552586151
0.958280806187 2.47868207058
0.95965911556 2.47327665778
0.961037424932 2.51291635166
0.962415734304 2.51531875735
0.963794043676 2.53874221283
0.965172353048 2.51351695308
0.96655066242 2.54655003132
0.967928971793 2.53633980714
0.969307281165 2.57057408822
0.970685590537 2.54715063274
0.972063899909 2.55315664697
0.973442209281 2.5621656683
0.974820518653 2.61201558637
0.976198828025 2.63243603474
0.977577137398 2.60841197784
0.97895544677 2.60661017357
0.980333756142 2.61862220202
0.981712065514 2.60240596361
0.983090374886 2.62102460771
0.984468684258 2.60961318068
0.985846993631 2.63243603474
0.987225303003 2.66606971439
0.988603612375 2.68168535138
0.989981921747 2.69970339405
0.991360231119 2.64985347599
0.992738540491 2.65465828737
0.994116849864 2.66967332293
0.995495159236 2.70330700259
0.996873468608 2.70390760401
0.99825177798 2.71351722677
0.999630087352 2.69790158979
1.00100839672 2.68949316987
1.0023867061 2.67567933715
1.00376501547 2.67327693146
1.00514332484 2.69609978552
1.00652163421 2.68889256845
1.00789994359 2.70691061112
1.00927825296 2.67808174284
1.01065656233 2.68709076418
1.0120348717 2.69009377129
1.01341318107 2.68889256845
1.01479149045 2.71411782819
1.01616979982 2.72432805237
1.01754810919 2.74354729789
1.01892641856 2.73393767513
1.02030472793 2.72793166091
1.02168303731 2.69309677841
1.02306134668 2.65886249732
1.02443965605 2.66066430159
1.02581796542 2.67327693146
1.0271962748 2.69850219121
1.02857458417 2.71712083531
1.02995289354 2.69970339405
1.03133120291 2.70330700259
1.03270951228 2.66667031582
1.03408782166 2.64985347599
1.03546613103 2.68889256845
1.0368444404 2.70270640117
1.03822274977 2.71291662535
1.03960105914 2.69489858267
1.04097936852 2.66787151866
1.04235767789 2.66967332293
1.04373598726 2.66907272151
1.04511429663 2.68709076418
1.04649260601 2.70931301681
1.04787091538 2.69489858267
1.04924922475 2.69309677841
1.05062753412 2.6474510703
1.05200584349 2.64144505607
1.05338415287 2.61501859348
1.05476246224 2.60240596361
1.05614077161 2.62222581055
1.05751908098 2.58919273232
1.05889739035 2.55375724839
1.06027569973 2.58799152947
1.0616540091 2.5699734868
1.06303231847 2.60420776788
1.06441062784 2.60901257926
1.06578893722 2.61141498495
1.06716724659 2.59880235508
1.06854555596 2.58198551525
1.06992386533 2.59159513801
1.0713021747 2.57417769675
1.07268048408 2.55796145835
1.07405879345 2.5459494299
1.07543710282 2.54534882848
1.07681541219 2.49369710614
1.07819372157 2.50570913459
1.07957203094 2.48528868623
1.08095034031 2.46246583217
1.08232864968 2.45165500657
1.08370695905 2.42462794256
1.08508526843 2.42763094967
1.0864635778 2.41742072549
1.08784188717 2.42763094967
1.08922019654 2.43724057243
1.09059850591 2.44624959377
1.09197681529 2.42642974682
1.09335512466 2.42102433402
1.09473343403 2.4498532023
1.0961117434 2.41261591411
1.09749005278 2.39039366148
1.09886836215 2.36336659746
1.10024667152 2.38078403872
1.10162498089 2.33874193914
1.10300329026 2.30751066517
1.10438159964 2.29189502819
1.10575990901 2.2840872097
1.10713821838 2.26727036987
1.10851652775 2.26186495706
1.10989483712 2.25405713857
1.1112731465 2.25645954426
1.11265145587 2.23543849448
1.11402976524 2.19039338779
1.11540807461 2.19399699632
1.11678638399 2.20600902477
1.11816469336 2.18438737356
1.11954300273 2.1639669252
1.1209213121 2.13033324554
1.12229962147 2.11772061567
1.12367793085 2.07507791467
1.12505624022 2.0864893417
1.12643454959 2.08228513174
1.12781285896 2.05285566204
1.12919116833 2.0624652848
1.13056947771 2.02883160514
1.13194778708 2.03483761937
1.13332609645 2.04624904639
1.13470440582 2.00420694682
1.1360827152 1.99159431695
1.13746102457 1.96396665151
1.13883933394 1.96216484725
1.14021764331 1.93393658039
1.14159595268 1.90270530642
1.14297426206 1.86787042392
1.14435257143 1.83243493999
1.1457308808 1.83423674426
1.14710919017 1.7951976518
1.14848749955 1.81381629589
1.14986580892 1.79699945606
1.15124411829 1.78979223899
1.15262242766 1.75615855934
1.15400073703 1.77057299347
1.15537904641 1.75315555222
1.15675735578 1.70871104696
1.15813566515 1.70030262704
1.15951397452 1.6804827801
1.16089228389 1.67627857015
1.16227059327 1.69009240286
1.16364890264 1.6510533104
1.16502721201 1.62102323928
1.16640552138 1.62282504354
1.16778383076 1.62102323928
1.16916214013 1.57597813259
1.1705404495 1.56696911125
1.17191875887 1.55796008992
1.17329706824 1.54594806147
1.17467537762 1.50510716474
1.17605368699 1.49129333202
1.17743199636 1.51952159888
1.17881030573 1.50510716474
1.1801886151 1.46546747085
1.18156692448 1.44925123245
1.18294523385 1.47627829646
1.18432354322 1.48889092633
1.18570185259 1.46366566659
1.18708016197 1.43543739973
1.18845847134 1.4078097343
1.18983678071 1.40240432149
1.19121509008 1.40120311865
1.19259339945 1.34895079489
1.19397170883 1.31051230385
1.1953500182 1.30991170243
1.19672832757 1.3225243323
1.19810663694 1.32612794084
1.19948494631 1.28408584126
1.20086325569 1.25345516872
1.20224156506 1.22642810471
1.20361987443 1.19759923643
1.2049981838 1.19880043927
1.20637649318 1.18378540371
1.20775480255 1.17477638237
1.20913311192 1.16036194823
1.21051142129 1.15735894112
1.21188973066 1.14534691267
1.21326804004 1.13753909418
1.21464634941 1.11651804439
1.21602465878 1.11711864582
1.21740296815 1.10030180599
1.21878127753 1.09249398749
1.2201595869 1.04624767796
1.22153789627 1.06306451779
1.22291620564 1.03964106232
1.22429451501 1.03423564951
1.22567282439 0.983785130024
1.22705113376 0.95855987028
1.22842944313 0.944746037563
1.2298077525 0.932133407691
1.23118606187 0.939941226183
1.23256437125 0.986788137137
1.23394268062 0.936938219071
1.23532098999 0.923124386354
1.23669929936 0.920721980664
1.23807760874 0.896097322342
1.23945591811 0.861863041261
1.24083422748 0.845046201431
1.24221253685 0.842643795741
1.24359084622 0.852854019923
1.2449691556 0.860061236993
1.24634746497 0.807808913237
1.24772577434 0.784385457761
1.24910408371 0.786187262028
1.25048239308 0.777178240691
1.25186070246 0.769370422198
1.25323901183 0.769370422198
1.2546173212 0.739940952497
1.25599563057 0.745346365299
1.25737393995 0.712313287063
1.25875224932 0.70690787426
1.26013055869 0.706307272838
1.26150886806 0.681682614516
1.26288717743 0.656457354772
1.26426548681 0.652253144815
1.26564379618 0.660661564729
1.26702210555 0.65585675335
1.26840041492 0.624024877958
1.26977872429 0.609610443818
1.27115703367 0.584985785497
1.27253534304 0.587388191187
1.27391365241 0.592793603989
1.27529196178 0.578379169849
1.27667027116 0.576577365582
1.27804858053 0.57117195278
1.2794268899 0.56876954709
1.28080519927 0.519520230446
1.28218350864 0.499700383504
1.28356181802 0.521922636136
1.28494012739 0.518919629024
1.28631843676 0.515316020489
1.28769674613 0.528529251783
1.28907505551 0.497297977814
1.29045336488 0.49129196359
1.29183167425 0.47447512376
1.29320998362 0.473874522338
1.29458829299 0.451652269706
1.29596660237 0.439640241256
1.29734491174 0.449249864016
1.29872322111 0.442042646946
1.30010153048 0.441442045524
1.30147983985 0.417417988624
1.30285814923 0.395796337415
1.3042364586 0.400000547373
1.30561476797 0.388589120345
1.30699307734 0.390390924613
1.30837138672 0.383784308966
1.30974969609 0.368769273403
1.31112800546 0.350751230729
1.31250631483 0.339339803702
1.3138846242 0.366366867714
1.31526293358 0.359159650644
1.31664124295 0.372973483361
1.31801955232 0.347748223617
1.31939786169 0.334534992322
1.32077617106 0.338739202279
1.32215448044 0.3339343909
1.32353278981 0.322522963872
1.32491109918 0.311712138268
1.32628940855 0.320120558183
1.32766771793 0.290090487058
1.3290460273 0.282883269989
1.33042433667 0.295495899861
1.33180264604 0.302102515508
1.33318095541 0.276276654341
1.33455926479 0.259459814512
1.33593757416 0.262462821624
1.33731588353 0.251051394597
1.3386941929 0.261862220202
1.34007250227 0.257057408822
1.34145081165 0.23963996757
1.34282912102 0.249850191752
1.34420743039 0.220420722051
1.34558573976 0.221621924896
1.34696404914 0.22762793912
1.34834235851 0.23723756188
1.34972066788 0.227027337698
1.35109897725 0.196396665151
1.35247728662 0.193994259461
1.353855596 0.190991252349
1.35523390537 0.210210497868
1.35661221474 0.186787042392
1.35799052411 0.189189448082
1.35936883348 0.194594860884
1.36074714286 0.205405686489
1.36212545223 0.175976216787
1.3635037616 0.183784035279
1.36488207097 0.16216238407
1.36626038035 0.159159376958
1.36763868972 0.159159376958
1.36901699909 0.150750957043
1.37039530846 0.138738928593
1.37177361783 0.133934117213
1.37315192721 0.14774794993
1.37453023658 0.141741935706
1.37590854595 0.136336522903
1.37728685532 0.130931110101
1.3786651647 0.127928102989
1.38004347407 0.141741935706
1.38142178344 0.126126298721
1.38280009281 0.0936938219071
1.38417840218 0.109910060314
1.38555671156 0.118318480229
1.38693502093 0.124324494454
1.3883133303 0.128528704411
1.38969163967 0.115916074539
1.39106994904 0.111111263159
1.39244825842 0.110510661737
1.39382656779 0.101501640399
1.39520487716 0.0936938219071
1.39658318653 0.094895024752
1.39796149591 0.0816817934574
1.39933980528 0.0912914162171
1.40071811465 0.078678786345
1.40209642402 0.0978980318644
1.40347473339 0.0906908147947
1.40485304277 0.078678786345
1.40623135214 0.0744745763877
1.40760966151 0.0882884091047
1.40898797088 0.0864866048373
1.41036628025 0.0708709678528
1.41174458963 0.0792793877675
1.413122899 0.0816817934574
1.41450120837 0.0738739749652
1.41587951774 0.0744745763877
1.41725782712 0.081081192035
1.41863613649 0.0708709678528
1.42001444586 0.0654655550505
1.42139275523 0.0684685621629
1.4227710646 0.0558559322908
1.42414937398 0.0594595408256
1.42552768335 0.0594595408256
1.42690599272 0.0558559322908
1.42828430209 0.0606607436706
1.42966261146 0.0438439038411
1.43104092084 0.0600601422481
1.43241923021 0.0594595408256
1.43379753958 0.0498499180659
1.43517584895 0.0540541280233
1.43655415833 0.0564565337132
1.4379324677 0.0420420995737
1.43931077707 0.0420420995737
1.44068908644 0.0432433024186
1.44206739581 0.0360360853489
1.44344570519 0.0372372881938
1.44482401456 0.0354354839264
1.44620232393 0.0432433024186
1.4475806333 0.0396396938838
1.44895894268 0.0372372881938
1.45033725205 0.0276276654341
1.45171556142 0.0366366867714
1.45309387079 0.0330330782365
1.45447218016 0.0294294697016
1.45585048954 0.0282282668566
1.45722879891 0.032432476814
1.45860710828 0.0276276654341
1.45998541765 0.0282282668566
1.46136372702 0.0276276654341
1.4627420364 0.0246246583217
1.46412034577 0.0294294697016
1.46549865514 0.0342342810814
1.46687696451 0.0186186440969
1.46825527389 0.0240240568992
1.46963358326 0.0252252597442
1.47101189263 0.0276276654341
1.472390202 0.0234234554768
1.47376851137 0.016216238407
1.47514682075 0.0180180426744
1.47652513012 0.0180180426744
1.47790343949 0.0228228540543
1.47928174886 0.0216216512093
1.48066005823 0.0168168398295
1.48203836761 0.0180180426744
1.48341667698 0.016216238407
1.48479498635 0.015015035562
1.48617329572 0.0186186440969
1.4875516051 0.0138138327171
1.48892991447 0.015015035562
1.49030822384 0.0198198469419
1.49168653321 0.017417441252
1.49306484258 0.0132132312946
1.49444315196 0.0138138327171
1.49582146133 0.0096096227597
1.4971997707 0.0168168398295
1.49857808007 0.0096096227597
1.49995638944 0.0126126298721
1.50133469882 0.0138138327171
1.50271300819 0.0120120284496
1.50409131756 0.00600601422481
1.50546962693 0.0144144341395
1.50684793631 0.0096096227597
1.50822624568 0.0108108256047
1.50960455505 0.00780781849226
1.51098286442 0.00780781849226
1.51236117379 0.0108108256047
1.51373948317 0.00480481137985
1.51511779254 0.00660661564729
1.51649610191 0.00480481137985
1.51787441128 0.00480481137985
1.51925272066 0.0114114270271
1.52063103003 0.0120120284496
1.5220093394 0.0108108256047
1.52338764877 0.0168168398295
1.52476595814 0.0126126298721
1.52614426752 0.00780781849226
1.52752257689 0.00840841991474
1.52890088626 0.00780781849226
1.53027919563 0.00900902133722
1.531657505 0.00660661564729
1.53303581438 0.0096096227597
1.53441412375 0.00660661564729
1.53579243312 0.00360360853489
1.53717074249 0.00300300711241
1.53854905187 0.00480481137985
1.53992736124 0.00420420995737
1.54130567061 0.00540541280233
1.54268397998 0.00360360853489
1.54406228935 0.00420420995737
1.54544059873 0.00300300711241
1.5468189081 0.00480481137985
1.54819721747 0.00300300711241
1.54957552684 0.00180180426744
1.55095383621 0.00360360853489
1.55233214559 0.00240240568992
1.55371045496 0.00540541280233
1.55508876433 0.00480481137985
1.5564670737 0.00240240568992
1.55784538308 0.00300300711241
1.55922369245 0.00480481137985
1.56060200182 0.00600601422481
1.56198031119 0.00120120284496
1.56335862056 0.00300300711241
1.56473692994 0.00480481137985
1.56611523931 0.0
1.56749354868 0.00240240568992
1.56887185805 0.00300300711241
1.57025016742 0.00300300711241
1.5716284768 0.00420420995737
1.57300678617 0.00420420995737
1.57438509554 0.000600601422481
1.57576340491 0.00300300711241
1.57714171429 0.00180180426744
1.57852002366 0.00180180426744
1.57989833303 0.00120120284496
1.5812766424 0.00240240568992
1.58265495177 0.00300300711241
1.58403326115 0.000600601422481
1.58541157052 0.00480481137985
1.58678987989 0.00120120284496
1.58816818926 0.00360360853489
1.58954649864 0.00420420995737
1.59092480801 0.00540541280233
1.59230311738 0.000600601422481
1.59368142675 0.00300300711241
1.59505973612 0.00180180426744
1.5964380455 0.000600601422481
1.59781635487 0.000600601422481
1.59919466424 0.00180180426744
1.60057297361 0.00120120284496
1.60195128298 0.00120120284496
1.60332959236 0.000600601422481
1.60470790173 0.000600601422481
1.6060862111 0.0
1.60746452047 0.000600601422481
1.60884282985 0.00180180426744
1.61022113922 0.0
1.61159944859 0.000600601422481
1.61297775796 0.000600601422481
1.61435606733 0.00120120284496
1.61573437671 0.0
1.61711268608 0.00120120284496
1.61849099545 0.000600601422481
1.61986930482 0.00120120284496
1.62124761419 0.00120120284496
1.62262592357 0.00240240568992
1.62400423294 0.000600601422481
1.62538254231 0.0
1.62676085168 0.00120120284496
1.62813916106 0.0
1.62951747043 0.0
1.6308957798 0.0
1.63227408917 0.0
1.63365239854 0.0
1.63503070792 0.0
1.63640901729 0.0
1.63778732666 0.0
1.63916563603 0.0
1.6405439454 0.0
1.64192225478 0.0
1.64330056415 0.0
1.64467887352 0.0
1.64605718289 0.0
1.64743549227 0.0
1.64881380164 0.0
1.65019211101 0.0
1.65157042038 0.0
1.65294872975 0.0
1.65432703913 0.0
1.6557053485 0.00120120284496
1.65708365787 0.0
1.65846196724 0.0
1.65984027662 0.0
1.66121858599 0.00120120284496
1.66259689536 0.0
1.66397520473 0.0
1.6653535141 0.0
1.66673182348 0.0
1.66811013285 0.0
1.66948844222 0.0
1.67086675159 0.0
1.67224506096 0.0
1.67362337034 0.0
1.67500167971 0.0
1.67637998908 0.0
1.67775829845 0.0
1.67913660783 0.0
1.6805149172 0.00120120284496
1.68189322657 0.0
1.68327153594 0.0
1.68464984531 0.000600601422481
