0.00373294913477 0.000173230074087
0.0053188474043 0.0
0.00690474567383 0.000346460148173
0.00849064394337 0.000346460148173
0.0100765422129 0.00051969022226
0.0116624404824 0.000173230074087
0.013248338752 0.000346460148173
0.0148342370215 0.000346460148173
0.016420135291 0.000692920296347
0.0180060335606 0.000173230074087
0.0195919318301 0.00051969022226
0.0211778300996 0.000346460148173
0.0227637283692 0.00051969022226
0.0243496266387 0.00138584059269
0.0259355249082 0.000692920296347
0.0275214231778 0.00051969022226
0.0291073214473 0.00103938044452
0.0306932197168 0.000692920296347
0.0322791179864 0.000866150370434
0.0338650162559 0.00121261051861
0.0354509145254 0.00103938044452
0.037036812795 0.00121261051861
0.0386227110645 0.000692920296347
0.040208609334 0.00138584059269
0.0417945076036 0.00138584059269
0.0433804058731 0.00103938044452
0.0449663041426 0.00121261051861
0.0465522024122 0.000692920296347
0.0481381006817 0.000866150370434
0.0497239989512 0.00207876088904
0.0513098972208 0.00138584059269
0.0528957954903 0.00155907066678
0.0544816937598 0.00225199096313
0.0560675920294 0.00207876088904
0.0576534902989 0.00121261051861
0.0592393885684 0.00173230074087
0.060825286838 0.00242522103721
0.0624111851075 0.00138584059269
0.063997083377 0.00277168118539
0.0655829816466 0.0025984511113
0.0671688799161 0.00173230074087
0.0687547781856 0.00225199096313
0.0703406764552 0.00294491125947
0.0719265747247 0.00173230074087
0.0735124729942 0.00242522103721
0.0750983712638 0.00190553081495
0.0766842695333 0.00329137140765
0.0782701678028 0.00415752177808
0.0798560660724 0.00346460148173
0.0814419643419 0.00294491125947
0.0830278626114 0.0051969022226
0.084613760881 0.00433075185217
0.0861996591505 0.0051969022226
0.08778555742 0.00554336237078
0.0893714556896 0.00433075185217
0.0909573539591 0.00606305259304
0.0925432522286 0.0051969022226
0.0941291504982 0.00623628266712
0.0957150487677 0.00762212325982
0.0973009470372 0.00987411422294
0.0988868453068 0.00866150370434
0.100472743576 0.0077953533339
0.102058641846 0.00866150370434
0.103644540115 0.0121261051861
0.105230438385 0.011952875112
0.106816336654 0.0117796450379
0.108402234924 0.0109134946675
0.109988133193 0.0116064149638
0.111574031463 0.0174962374828
0.113159929733 0.0147245562974
0.114745828002 0.0168033171864
0.116331726272 0.0197482284459
0.117917624541 0.018015927705
0.119503522811 0.0200946885941
0.12108942108 0.0207876088904
0.12267531935 0.0211340690386
0.124261217619 0.0256380509648
0.125847115889 0.0265042013353
0.127433014158 0.027890041928
0.129018912428 0.0265042013353
0.130604810697 0.0280632720021
0.132190708967 0.0291026524466
0.133776607236 0.031874333632
0.135362505506 0.027890041928
0.136948403776 0.0368980057805
0.138534302045 0.0297955727429
0.140120200315 0.0330869441506
0.141706098584 0.0323940238542
0.143291996854 0.0386303065213
0.144877895123 0.037937386225
0.146463793393 0.0330869441506
0.148049691662 0.0393232268177
0.149635589932 0.0363783155582
0.151221488201 0.0389767666695
0.152807386471 0.0381106162991
0.15439328474 0.0356853952619
0.15597918301 0.0407090674104
0.157565081279 0.0422681380772
0.159150979549 0.0455595094848
0.160736877819 0.0405358373363
0.162322776088 0.040016147114
0.163908674358 0.0422681380772
0.165494572627 0.0429610583735
0.167080470897 0.0457327395589
0.168666369166 0.0472918102257
0.170252267436 0.0420949080031
0.171838165705 0.0505831816333
0.173424063975 0.0453862794107
0.175009962244 0.0450398192626
0.176595860514 0.051969022226
0.178181758783 0.0467721200034
0.179767657053 0.0488508808925
0.181353555322 0.0517957921519
0.182939453592 0.047984730522
0.184525351862 0.0537013229669
0.186111250131 0.0554336237078
0.187697148401 0.0507564117074
0.18928304667 0.0497170312629
0.19086894494 0.0537013229669
0.192454843209 0.053874553041
0.194040741479 0.047984730522
0.195626639748 0.0554336237078
0.197212538018 0.0573391545227
0.198798436287 0.0547407034114
0.200384334557 0.0564730041523
0.201970232826 0.0554336237078
0.203556131096 0.0531816327446
0.205142029365 0.0590714552636
0.206727927635 0.059937605634
0.208313825905 0.0556068537818
0.209899724174 0.05595331393
0.211485622444 0.061843136449
0.213071520713 0.0540477831151
0.214657418983 0.0634022071157
0.216243317252 0.0606305259304
0.217829215522 0.0588982251895
0.219415113791 0.0587249951154
0.221001012061 0.0685991093383
0.22258691033 0.0595911454858
0.2241728086 0.0623628266712
0.225758706869 0.0656541980789
0.227344605139 0.0602840657822
0.228930503408 0.0646148176344
0.230516401678 0.0606305259304
0.232102299948 0.065827428153
0.233688198217 0.0630557469676
0.235274096487 0.0706778702274
0.236859994756 0.0621895965971
0.238445893026 0.0642683574862
0.240031791295 0.0635754371898
0.241617689565 0.0692920296347
0.243203587834 0.0653077379307
0.244789486104 0.0653077379307
0.246375384373 0.0684258792643
0.247961282643 0.0684258792643
0.249547180912 0.0644415875603
0.251133079182 0.0668668085975
0.252718977451 0.0705046401533
0.254304875721 0.0705046401533
0.255890773991 0.069984949931
0.25747667226 0.067906189042
0.25906257053 0.0715440205978
0.260648468799 0.0710243303756
0.262234367069 0.0706778702274
0.263820265338 0.0703314100792
0.265406163608 0.0656541980789
0.266992061877 0.0731030912646
0.268577960147 0.0711975604496
0.270163858416 0.0694652597088
0.271749756686 0.0689455694865
0.273335654955 0.0725834010423
0.274921553225 0.0687723394124
0.276507451494 0.0736227814869
0.278093349764 0.0743157017832
0.279679248034 0.0755283123018
0.281265146303 0.0743157017832
0.282851044573 0.0673864988197
0.284436942842 0.0751818521536
0.286022841112 0.0763944626722
0.287608739381 0.0776070731909
0.289194637651 0.0741424717091
0.29078053592 0.073969241635
0.29236643419 0.0755283123018
0.293952332459 0.0762212325982
0.295538230729 0.073969241635
0.297124128998 0.0769141528945
0.298710027268 0.0708511003015
0.300295925537 0.0803787543762
0.301881823807 0.0769141528945
0.303467722077 0.0753550822277
0.305053620346 0.0746621619314
0.306639518616 0.0757015423759
0.308225416885 0.0757015423759
0.309811315155 0.0751818521536
0.311397213424 0.0746621619314
0.312983111694 0.0751818521536
0.314569009963 0.0831504355616
0.316154908233 0.0751818521536
0.317740806502 0.0727566311164
0.319326704772 0.0855756565988
0.320912603041 0.0753550822277
0.322498501311 0.0807252145244
0.32408439958 0.0765676927463
0.32567029785 0.0782999934872
0.32725619612 0.0831504355616
0.328842094389 0.0734495514128
0.330427992659 0.0808984445985
0.332013890928 0.0789929137836
0.333599789198 0.0805519844503
0.335185687467 0.0793393739317
0.336771585737 0.0724101709683
0.338357484006 0.0805519844503
0.339943382276 0.0802055243022
0.341529280545 0.079859064154
0.343115178815 0.0736227814869
0.344701077084 0.0860953468211
0.346286975354 0.0760480025241
0.347872873623 0.0807252145244
0.349458771893 0.0821110551171
0.351044670163 0.0781267634131
0.352630568432 0.0807252145244
0.354216466702 0.073969241635
0.355802364971 0.0795126040058
0.357388263241 0.0789929137836
0.35897416151 0.0831504355616
0.36056005978 0.0777803032649
0.362145958049 0.0805519844503
0.363731856319 0.0805519844503
0.365317754588 0.0826307453394
0.366903652858 0.0782999934872
0.368489551127 0.0791661438576
0.370075449397 0.0841898160062
0.371661347666 0.0753550822277
0.373247245936 0.081937825043
0.374833144206 0.0807252145244
0.376419042475 0.0841898160062
0.378004940745 0.0777803032649
0.379590839014 0.0821110551171
0.381176737284 0.0776070731909
0.382762635553 0.0769141528945
0.384348533823 0.0788196837095
0.385934432092 0.073969241635
0.387520330362 0.0765676927463
0.389106228631 0.0814181348208
0.390692126901 0.0817645949689
0.39227802517 0.0791661438576
0.39386392344 0.0732763213387
0.395449821709 0.0796858340799
0.397035719979 0.0763944626722
0.398621618249 0.0757015423759
0.400207516518 0.0776070731909
0.401793414788 0.0750086220796
0.403379313057 0.0784732235613
0.404965211327 0.0757015423759
0.406551109596 0.0731030912646
0.408137007866 0.07587477245
0.409722906135 0.0727566311164
0.411308804405 0.0734495514128
0.412894702674 0.0748353920055
0.414480600944 0.0769141528945
0.416066499213 0.0727566311164
0.417652397483 0.0757015423759
0.419238295752 0.0689455694865
0.420824194022 0.0757015423759
0.422410092292 0.0665203484493
0.423995990561 0.0715440205978
0.425581888831 0.0713707905237
0.4271677871 0.0677329589679
0.42875368537 0.0750086220796
0.430339583639 0.0668668085975
0.431925481909 0.0666935785234
0.433511380178 0.0680794191161
0.435097278448 0.0649612777825
0.436683176717 0.0666935785234
0.438269074987 0.0689455694865
0.439854973256 0.0656541980789
0.441440871526 0.0672132687457
0.443026769795 0.059937605634
0.444612668065 0.0720637108201
0.446198566335 0.0625360567453
0.447784464604 0.0640951274121
0.449370362874 0.0611502161526
0.450956261143 0.0642683574862
0.452542159413 0.0602840657822
0.454128057682 0.0568194643004
0.455713955952 0.0628825168935
0.457299854221 0.0661738883011
0.458885752491 0.0653077379307
0.46047165076 0.0583785349672
0.46205754903 0.0604572958563
0.463643447299 0.0614966763008
0.465229345569 0.0595911454858
0.466815243838 0.061843136449
0.468401142108 0.0614966763008
0.469987040378 0.0569926943745
0.471572938647 0.065827428153
0.473158836917 0.0654809680048
0.474744735186 0.0642683574862
0.476330633456 0.0646148176344
0.477916531725 0.0640951274121
0.479502429995 0.066000658227
0.481088328264 0.0689455694865
0.482674226534 0.069984949931
0.484260124803 0.0708511003015
0.485846023073 0.0616699063749
0.487431921342 0.0708511003015
0.489017819612 0.0741424717091
0.490603717881 0.0765676927463
0.492189616151 0.0774338431168
0.493775514421 0.0796858340799
0.49536141269 0.0708511003015
0.49694731096 0.0784732235613
0.498533209229 0.0847095062284
0.500119107499 0.0762212325982
0.501705005768 0.0836701257839
0.503290904038 0.0829772054875
0.504876802307 0.0869614971915
0.506462700577 0.0876544174879
0.508048598846 0.0904260986733
0.509634497116 0.0928513197105
0.511220395385 0.0925048595623
0.512806293655 0.0931977798587
0.514392191924 0.0961426911181
0.515978090194 0.0947568505254
0.517563988464 0.105670345193
0.519149886733 0.0931977798587
0.520735785003 0.109827866971
0.522321683272 0.1042845046
0.523907581542 0.104111274526
0.525493479811 0.11277277823
0.527079378081 0.109827866971
0.52866527635 0.116410609786
0.53025117462 0.117449990231
0.531837072889 0.120741361638
0.533422971159 0.11571768949
0.535008869428 0.118142910527
0.536594767698 0.119355521046
0.538180665967 0.123513042824
0.539766564237 0.129402865343
0.541352462507 0.132001316454
0.542938360776 0.12333981275
0.544524259046 0.13096193601
0.546110157315 0.131481626232
0.547696055585 0.138584059269
0.549281953854 0.136678528454
0.550867852124 0.140836050233
0.552453750393 0.144300651714
0.554039648663 0.147592023122
0.555625546932 0.149497553937
0.557211445202 0.14793848327
0.558797343471 0.155214146382
0.560383241741 0.151922774974
0.56196914001 0.155387376456
0.56355503828 0.166474101197
0.56514093655 0.16023781853
0.566726834819 0.162489809493
0.568312733089 0.170458392901
0.569898631358 0.167686711716
0.571484529628 0.169245782383
0.573070427897 0.171324543272
0.574656326167 0.179466356754
0.576242224436 0.180332507124
0.577828122706 0.185182949199
0.579414020975 0.188301090532
0.580999919245 0.189167240903
0.582585817514 0.188301090532
0.584171715784 0.192285382236
0.585757614053 0.194364143125
0.587343512323 0.2085690092
0.588929410593 0.201639806237
0.590515308862 0.205797328015
0.592101207132 0.213246221201
0.593687105401 0.221907724905
0.595273003671 0.22000219409
0.59685890194 0.220521884312
0.59844480021 0.218789583572
0.600030698479 0.228663697794
0.601616596749 0.229703078239
0.603202495018 0.236459051128
0.604788393288 0.233687369943
0.606374291557 0.243907944314
0.607960189827 0.251010377352
0.609546088096 0.254301748759
0.611131986366 0.250144226981
0.612717884636 0.252396217944
0.614303782905 0.267640464464
0.615889681175 0.264349093056
0.617475579444 0.260711261501
0.619061477714 0.271451526094
0.620647375983 0.274569667427
0.622233274253 0.280979180169
0.623819172522 0.284270551576
0.625405070792 0.289813913947
0.626990969061 0.289640683873
0.628576867331 0.288428073354
0.6301627656 0.302113249207
0.63174866387 0.305924310837
0.633334562139 0.308695992023
0.634920460409 0.318050416023
0.636506358679 0.313719664171
0.638092256948 0.321515017505
0.639678155218 0.324806388913
0.641264053487 0.333987582839
0.642849951757 0.336239573802
0.644435850026 0.337278954247
0.646021748296 0.340916785803
0.647607646565 0.345420767729
0.649193544835 0.359105943582
0.650779443104 0.361704394693
0.652365341374 0.362743775138
0.653951239643 0.366035146545
0.655537137913 0.369846208175
0.657123036182 0.370712358546
0.658708934452 0.380586472769
0.660294832722 0.387342445658
0.661880730991 0.387169215584
0.663466629261 0.389421206547
0.66505252753 0.402933152326
0.6666384258 0.406570983882
0.668224324069 0.410035585363
0.669810222339 0.412980496623
0.671396120608 0.417484478549
0.672982018878 0.42770505292
0.674567917147 0.426492442402
0.676153815417 0.439831158106
0.677739713686 0.444508370107
0.679325611956 0.444161909958
0.680911510225 0.461658147441
0.682497408495 0.454555714404
0.684083306765 0.468067660182
0.685669205034 0.473957482701
0.687255103304 0.475343323294
0.688841001573 0.475516553368
0.690426899843 0.486430048036
0.692012798112 0.493012790851
0.693598696382 0.498729383296
0.695184594651 0.509642877963
0.696770492921 0.505138896037
0.69835639119 0.529044646261
0.69994228946 0.524713894409
0.701528187729 0.529910796631
0.703114085999 0.542903052188
0.704699984268 0.544115662706
0.706285882538 0.552603936337
0.707871780808 0.548446414559
0.709457679077 0.560399289671
0.711043577347 0.567848182856
0.712629475616 0.573911235449
0.714215373886 0.57858844745
0.715801272155 0.583438889524
0.717387170425 0.582745969228
0.718973068694 0.590541322562
0.720558966964 0.604746188637
0.722144865233 0.613061232193
0.723730763503 0.620510125379
0.725316661772 0.624667647157
0.726902560042 0.628305478713
0.728488458311 0.634714991454
0.730074356581 0.648053707158
0.731660254851 0.659660122122
0.73324615312 0.657581361233
0.73483205139 0.666416095012
0.736417949659 0.671786227308
0.738003847929 0.672998837827
0.739589746198 0.68668401368
0.741175644468 0.697770738421
0.742761542737 0.693613216643
0.744347441007 0.706432242126
0.745933339276 0.721330028497
0.747519237546 0.717345736793
0.749105135815 0.737267195313
0.750691034085 0.727046620942
0.752276932354 0.751472061388
0.753862830624 0.753031132055
0.755448728894 0.758574494426
0.757034627163 0.762732016204
0.758620525433 0.766889537982
0.760206423702 0.772779360501
0.761792321972 0.784385775465
0.763378220241 0.794259889688
0.764964118511 0.800842632503
0.76655001678 0.807425375318
0.76813591505 0.818685330134
0.769721813319 0.823709002282
0.771307711589 0.836181567617
0.772893609858 0.834795727024
0.774479508128 0.853851035174
0.776065406397 0.852638424655
0.777651304667 0.864764529841
0.779237202937 0.871000812508
0.780823101206 0.881048156805
0.782408999476 0.885725368805
0.783994897745 0.89144196125
0.785580796015 0.904607446881
0.787166694284 0.92366275503
0.788752592554 0.92366275503
0.790338490823 0.922623374586
0.791924389093 0.935788860217
0.793510287362 0.940985762439
0.795096185632 0.952938637551
0.796682083901 0.954670938292
0.798267982171 0.966623813404
0.79985388044 0.975805007331
0.80143977871 0.97961606896
0.80302567698 0.987757882443
0.804611575249 0.99399416511
0.806197473519 1.01045102215
0.807783371788 1.01166363267
0.809369270058 1.02188420704
0.810955168327 1.02327004763
0.812541066597 1.03470323252
0.814126964866 1.04301827608
0.815712863136 1.0489080986
0.817298761405 1.04492380689
0.818884659675 1.07194769845
0.820470557944 1.08268796304
0.822056456214 1.08060920215
0.823642354483 1.08857778556
0.825228252753 1.10278265164
0.826814151023 1.10174327119
0.828400049292 1.12166472971
0.829985947562 1.12686163193
0.831571845831 1.13153884393
0.833157744101 1.13188530408
0.83474364237 1.15128707238
0.83632954064 1.15336583327
0.837915438909 1.16358640764
0.839501337179 1.1705156106
0.841087235448 1.17380698201
0.842673133718 1.19147644957
0.844259031987 1.18905122853
0.845844930257 1.19476782098
0.847430828526 1.20966560735
0.849016726796 1.21451604942
0.850602625066 1.22196494261
0.852188523335 1.23097290646
0.853774421605 1.23599657861
0.855360319874 1.24483131239
0.856946218144 1.25366604617
0.858532116413 1.26665830172
0.860118014683 1.28536714972
0.861703912952 1.29662710454
0.863289811222 1.29194989254
0.864875709491 1.3049421481
0.866461607761 1.31325719165
0.86804750603 1.31065874054
0.8696334043 1.33525741106
0.871219302569 1.32746205773
0.872805200839 1.34998196736
0.874391099109 1.34894258691
0.875976997378 1.36210807254
0.877562895648 1.36487975373
0.879148793917 1.3797775401
0.880734692187 1.38757289343
0.882320590456 1.38220276114
0.883906488726 1.39173041521
0.885492386995 1.40974634292
0.887078285265 1.41442355492
0.888664183534 1.42637643003
0.890250081804 1.42758904055
0.891835980073 1.43763638485
0.893421878343 1.4372899247
0.895007776612 1.45357355166
0.896593674882 1.46483350648
0.898179573152 1.46777841774
0.899765471421 1.47488085077
0.901351369691 1.475400541
0.90293726796 1.48666049581
0.90452316623 1.49116447774
0.906109064499 1.50017244159
0.907694962769 1.50623549418
0.909280861038 1.51766867907
0.910866759308 1.51732221893
0.912452657577 1.53239323537
0.914038555847 1.52736956322
0.915624454116 1.54503903078
0.917210352386 1.54417288041
0.918796250655 1.55525960515
0.920382148925 1.56288172841
0.921968047195 1.55110208337
0.923553945464 1.56322818856
0.925139843734 1.5703306216
0.926725742003 1.56998416145
0.928311640273 1.587653629
0.929897538542 1.58661424856
0.931483436812 1.59163792071
0.933069335081 1.60255141538
0.934655233351 1.59579544249
0.93624113162 1.60722862738
0.93782702989 1.60809477775
0.939412928159 1.60341756575
0.940998826429 1.6124255296
0.942584724698 1.62697685582
0.944170622968 1.6264571656
0.945756521238 1.63910296101
0.947342419507 1.64395340308
0.948928317777 1.65729211879
0.950514216046 1.6505361459
0.952100114316 1.66075672027
0.953686012585 1.67011114427
0.955271910855 1.6785994179
0.956857809124 1.68275693968
0.958443707394 1.69574919524
0.960029605663 1.69419012457
0.961615503933 1.70354454857
0.963201402202 1.70579653953
0.964787300472 1.69609565538
0.966373198741 1.71099344175
0.967959097011 1.71307220264
0.969544995281 1.71757618457
0.97113089355 1.70007994709
0.97271679182 1.72311954694
0.974302690089 1.71636357405
0.975888588359 1.71861556501
0.977474486628 1.72242662664
0.979060384898 1.73507242205
0.980646283167 1.74026932428
0.982232181437 1.73524565213
0.983818079706 1.73888348368
0.985403977976 1.74667883702
0.986989876245 1.74962374828
0.988575774515 1.74702529716
0.990161672784 1.75828525198
0.991747571054 1.76642706546
0.993333469324 1.76313569405
0.994919367593 1.77578148946
0.996505265863 1.76850582635
0.998091164132 1.7728365782
0.999677062402 1.77456887894
1.00126296067 1.78080516161
1.00284885894 1.77699409998
1.00443475721 1.79015958561
1.00602065548 1.7882540548
1.00760655375 1.79414387732
1.00919245202 1.79414387732
1.01077835029 1.80176600058
1.01236424856 1.79968723969
1.01395014683 1.80332507124
1.0155360451 1.80661644265
1.01712194337 1.81649055687
1.01870784164 1.80055339006
1.02029373991 1.8156244065
1.02187963818 1.81025427421
1.02346553644 1.80938812384
1.02505143471 1.81337241554
1.02663733298 1.80678967272
1.02822323125 1.78946666532
1.02980912952 1.80332507124
1.03139502779 1.79397064724
1.03298092606 1.79362418709
1.03456682433 1.7969155585
1.0361527226 1.80938812384
1.03773862087 1.79951400961
1.03932451914 1.80020692991
1.04091041741 1.80592352235
1.04249631568 1.80592352235
1.04408221395 1.80003369984
1.04566811222 1.80193923065
1.04725401049 1.80730936295
1.04883990876 1.80713613287
1.05042580703 1.80713613287
1.0520117053 1.81146688472
1.05359760357 1.80436445169
1.05518350184 1.8109471945
1.0567694001 1.80904166369
1.05835529837 1.79552971791
1.05994119664 1.80834874339
1.06152709491 1.79535648783
1.06311299318 1.79189188635
1.06469889145 1.79189188635
1.06628478972 1.80349830132
1.06787068799 1.78426976309
1.06945658626 1.78392330295
1.07104248453 1.80003369984
1.0726283828 1.76971843687
1.07421428107 1.78548237361
1.07580017934 1.77959255109
1.07738607761 1.77387595865
1.07897197588 1.77197042783
1.08055787415 1.76521445494
1.08214377242 1.75811202191
1.08372967069 1.75811202191
1.08531556896 1.76123016324
1.08690146723 1.75672618131
1.0884873655 1.74442684605
1.09007326377 1.75152927909
1.09165916203 1.75187573924
1.0932450603 1.74130870472
1.09483095857 1.73559211227
1.09641685684 1.74321423553
1.09800275511 1.73593857242
1.09958865338 1.72935582961
1.10117455165 1.71497773346
1.10276044992 1.71896202516
1.10434634819 1.7120328222
1.10593224646 1.70908791094
1.10751814473 1.7174029545
1.109104043 1.70510361924
1.11068994127 1.70926114101
1.11227583954 1.69436335464
1.11386173781 1.70475715909
1.11544763608 1.69488304486
1.11703353435 1.6879538419
1.11861943262 1.67426866605
1.12020533089 1.66699300294
1.12179122916 1.65937087968
1.12337712743 1.6638748616
1.12496302569 1.65555981805
1.12654892396 1.64429986323
1.12813482223 1.64343371286
1.1297207205 1.64343371286
1.13130661877 1.62524455508
1.13289251704 1.61987442279
1.13447841531 1.60982707849
1.13606431358 1.62437840471
1.13765021185 1.60965384841
1.13923611012 1.59614190264
1.14082200839 1.61415783034
1.14240790666 1.59215761093
1.14399380493 1.59492929212
1.1455797032 1.58748039893
1.14716560147 1.58401579745
1.14875149974 1.57102354189
1.15033739801 1.57656690426
1.15192329628 1.568944781
1.15350919455 1.56998416145
1.15509509282 1.55422022471
1.15668099109 1.54573195108
1.15826688936 1.54503903078
1.15985278762 1.53914920826
1.16143868589 1.53897597819
1.16302458416 1.53412553611
1.16461048243 1.53637752708
1.1661963807 1.52962155419
1.16778227897 1.53343261582
1.16936817724 1.51766867907
1.17095407551 1.50173151226
1.17253997378 1.48804633641
1.17412587205 1.48111713344
1.17571177032 1.45929014411
1.17729766859 1.46656580722
1.17888356686 1.45565231255
1.18046946513 1.44023483596
1.1820553634 1.44421912766
1.18364126167 1.42152598796
1.18522715994 1.41823461655
1.18681305821 1.42880165107
1.18839895648 1.41736846618
1.18998485475 1.40021868884
1.19157075302 1.40905342262
1.19315665128 1.3891319641
1.19474254955 1.3938091761
1.19632844782 1.38254922129
1.19791434609 1.37423417773
1.19950024436 1.36453329358
1.20108614263 1.36158838232
1.2026720409 1.34980873728
1.20425793917 1.3316195795
1.20584383744 1.32330453595
1.20742973571 1.3236509961
1.20901563398 1.31932024424
1.21060153225 1.31654856306
1.21218743052 1.30147754661
1.21377332879 1.30476891802
1.21535922706 1.29194989254
1.21694512533 1.2754930355
1.2185310236 1.27566626557
1.22011692187 1.26839060246
1.22170282014 1.2621543198
1.22328871841 1.24812268379
1.22487461668 1.23668949891
1.22646051494 1.22161848246
1.22804641321 1.23079967639
1.22963231148 1.21122467801
1.23121820975 1.21347666898
1.23280410802 1.1999647232
1.23439000629 1.19736627209
1.23597590456 1.20187025401
1.23756180283 1.17935034438
1.2391477011 1.16826361964
1.24073359937 1.1625470272
1.24231949764 1.15076738216
1.24390539591 1.14626340023
1.24549129418 1.12512933119
1.24707719245 1.13292468453
1.24866309072 1.1143890666
1.25024898899 1.11023154482
1.25183488726 1.10936539445
1.25342078553 1.08147535252
1.2550066838 1.08476672393
1.25659258207 1.07264061875
1.25817848034 1.06709725637
1.25976437861 1.05739637223
1.26135027687 1.06172712408
1.26293617514 1.04613641741
1.26452207341 1.04682933771
1.26610797168 1.02915987015
1.26769386995 1.02378973785
1.26927976822 1.01235655296
1.27086566649 1.00213597859
1.27245156476 0.997112306443
1.27403746303 0.985505891479
1.2756233613 0.976671157701
1.27720925957 0.980135759183
1.27879515784 0.9673167337
1.28038105611 0.96645058333
1.28196695438 0.959521380366
1.28355285265 0.944970054143
1.28513875092 0.941505452661
1.28672464919 0.928686427179
1.28831054746 0.919505233252
1.28989644573 0.915001251326
1.291482344 0.903394836362
1.29306824227 0.896119173251
1.29465414053 0.894213642436
1.2962400388 0.889882890584
1.29782593707 0.890056120658
1.29941183534 0.88208753725
1.30099773361 0.857662096803
1.30258363188 0.862512538878
1.30416953015 0.851945504359
1.30575542842 0.85073289384
1.30734132669 0.82613422332
1.30892722496 0.826653913542
1.31051312323 0.820244400801
1.3120990215 0.813834888059
1.31368491977 0.814008118134
1.31527081804 0.799803252058
1.31685671631 0.79010236791
1.31844261458 0.777629802575
1.32002851285 0.774511661242
1.32161441112 0.771739980056
1.32320030939 0.758054804204
1.32478620766 0.758401264352
1.32637210593 0.744889318573
1.3279580042 0.744369628351
1.32954390246 0.735361664498
1.33112980073 0.727739541238
1.332715699 0.707818082718
1.33430159727 0.705739321829
1.33588749554 0.700195959459
1.33747339381 0.697770738421
1.33905929208 0.685817863309
1.34064519035 0.681140651309
1.34223108862 0.679408350568
1.34381698689 0.665896404789
1.34540288516 0.652904149233
1.34698878343 0.661738883011
1.3485746817 0.654289989826
1.35016057997 0.642856804936
1.35174647824 0.636966982417
1.35333237651 0.625187337379
1.35491827478 0.63073069975
1.35650417305 0.619470744934
1.35809007132 0.604919418711
1.35967596959 0.606132029229
1.36126186786 0.589675172191
1.36284776612 0.596257915007
1.36443366439 0.583438889524
1.36601956266 0.577202606857
1.36760546093 0.572352164783
1.3691913592 0.564730041523
1.37077725747 0.555029157374
1.37236315574 0.553816546855
1.37394905401 0.551737785966
1.37553495228 0.544981813077
1.37712085055 0.538918760484
1.37870674882 0.541517211595
1.38029264709 0.535454159002
1.38187854536 0.519516992186
1.38346444363 0.516225620778
1.3850503419 0.512241329074
1.38663624017 0.512761019297
1.38822213844 0.493705711147
1.38980803671 0.493012790851
1.39139393498 0.480540225517
1.39297983325 0.484697747295
1.39456573152 0.469626730849
1.39615162979 0.467374739886
1.39773752805 0.468414120331
1.39932342632 0.465122748923
1.40090932459 0.456634475293
1.40249522286 0.454902174552
1.40408112113 0.444854830255
1.4056670194 0.439311467884
1.40725291767 0.440524078403
1.40883881594 0.431689344624
1.41042471421 0.422854610846
1.41201061248 0.422161690549
1.41359651075 0.414886027438
1.41518240902 0.414886027438
1.41676830729 0.404665453067
1.41835420556 0.386303065213
1.41994010383 0.393232268177
1.4215260021 0.387342445658
1.42311190037 0.385090454695
1.42469779864 0.385610144917
1.42628369691 0.373657269805
1.42786959518 0.379027402102
1.42945549345 0.36412961573
1.43104139171 0.359798863878
1.43262728998 0.356853952619
1.43421318825 0.353216121063
1.43579908652 0.350271209803
1.43738498479 0.339184485062
1.43897088306 0.342475856469
1.44055678133 0.332948202395
1.4421426796 0.321861477653
1.44372857787 0.324979618987
1.44531447614 0.317184265653
1.44690037441 0.313892894245
1.44848627268 0.320648867135
1.45007217095 0.309388912319
1.45165806922 0.308695992023
1.45324396749 0.299168337948
1.45482986576 0.296916346985
1.45641576403 0.287215462836
1.4580016623 0.289813913947
1.45958756057 0.27595550802
1.46117345884 0.285309932021
1.46275935711 0.273703517057
1.46434525537 0.270931835872
1.46593115364 0.27127829602
1.46751705191 0.270585375723
1.46910295018 0.271624756168
1.47068884845 0.264349093056
1.47227474672 0.255341129204
1.47386064499 0.249278076611
1.47544654326 0.254301748759
1.47703244153 0.238711042092
1.4786183398 0.243561484166
1.48020423807 0.235766130832
1.48179013634 0.233687369943
1.48337603461 0.229876308313
1.48496193288 0.227104627128
1.48654783115 0.222080954979
1.48813372942 0.223120335424
1.48971962769 0.221041574535
1.49130552596 0.22467940609
1.49289142423 0.220695114386
1.4944773225 0.202159496459
1.49606322077 0.206663478385
1.49764911904 0.206317018237
1.4992350173 0.204411487422
1.50082091557 0.198001974681
1.50240681384 0.194364143125
1.50399271211 0.19159246194
1.50557861038 0.190726311569
1.50716450865 0.188994010829
1.50875040692 0.184316798828
1.51033630519 0.177560825939
1.51192220346 0.173230074087
1.51350810173 0.166820561346
1.515094 0.172883613939
1.51667989827 0.174442684605
1.51826579654 0.166474101197
1.51985169481 0.163009499716
1.52143759308 0.157639367419
1.52302349135 0.160757508752
1.52460938962 0.162836269642
1.52619528789 0.159198438086
1.52778118616 0.164915030531
1.52936708443 0.15261569527
1.5309529827 0.141875430677
1.53253888096 0.151576314826
1.53412477923 0.149670784011
1.5357106775 0.147245562974
1.53729657577 0.137891138973
1.53888247404 0.138757289343
1.54046837231 0.134599767565
1.54205427058 0.139276979566
1.54364016885 0.131654856306
1.54522606712 0.137024988603
1.54681196539 0.134772997639
1.54839786366 0.126977644306
1.54998376193 0.122300432305
1.5515696602 0.12420596312
1.55315555847 0.124898883417
1.55474145674 0.114331848897
1.55632735501 0.114331848897
1.55791325328 0.115371229342
1.55949915155 0.11104047749
1.56108504982 0.11485153912
1.56267094809 0.112946008305
1.56425684636 0.11277277823
1.56584274463 0.11485153912
1.56742864289 0.104457734674
1.56901454116 0.099953752748
1.57060043943 0.102032513637
1.5721863377 0.0944103903773
1.57377223597 0.0951033106736
1.57535813424 0.0968356114145
1.57694403251 0.0966623813404
1.57852993078 0.0909457888955
1.58011582905 0.0902528685992
1.58170172732 0.0895599483028
1.58328762559 0.087827647562
1.58487352386 0.0893867182288
1.58645942213 0.0817645949689
1.5880453204 0.0786464536354
1.58963121867 0.083843355858
1.59121711694 0.069811719857
1.59280301521 0.0814181348208
1.59438891348 0.0765676927463
1.59597481175 0.0788196837095
1.59756071002 0.0767409228204
1.59914660829 0.0762212325982
1.60073250655 0.0708511003015
1.60231840482 0.0788196837095
1.60390430309 0.0732763213387
1.60549020136 0.0772606130427
1.60707609963 0.0710243303756
1.6086619979 0.0732763213387
1.61024789617 0.0673864988197
1.61183379444 0.0750086220796
1.61341969271 0.0685991093383
1.61500559098 0.066000658227
1.61659148925 0.066000658227
1.61817738752 0.0642683574862
1.61976328579 0.061843136449
1.62134918406 0.0569926943745
1.62293508233 0.0634022071157
1.6245209806 0.0516225620778
1.62610687887 0.0573391545227
1.62769277714 0.0575123845968
1.62927867541 0.0566462342264
1.63086457368 0.05595331393
1.63245047195 0.0557800838559
1.63403637021 0.0507564117074
1.63562226848 0.0512761019297
1.63720816675 0.0502367214852
1.63879406502 0.0465988899293
1.64037996329 0.0493705711147
1.64196586156 0.0500634914111
1.64355175983 0.0491973410406
1.6451376581 0.0478115004479
1.64672355637 0.0472918102257
1.64830945464 0.0429610583735
1.64989535291 0.0438272087439
1.65148125118 0.0443468989662
1.65306714945 0.0420949080031
1.65465304772 0.0452130493366
1.65623894599 0.0431342884476
1.65782484426 0.0417484478549
1.65941074253 0.0415752177808
1.6609966408 0.037937386225
1.66258253907 0.0355121651878
1.66416843734 0.0363783155582
1.66575433561 0.0330869441506
1.66734023388 0.0356853952619
1.66892613214 0.0368980057805
1.67051203041 0.0323940238542
1.67209792868 0.0327404840024
1.67368382695 0.0327404840024
1.67526972522 0.0334334042987
1.67685562349 0.0306617231134
1.67844152176 0.0323940238542
1.68002742003 0.0247719005944
1.6816133183 0.0332601742247
1.68319921657 0.029968802817
1.68478511484 0.0266774314094
1.68637101311 0.0310081832615
1.68795691138 0.025984511113
1.68954280965 0.025984511113
1.69112870792 0.0263309712612
1.69271460619 0.0249451306685
1.69430050446 0.025984511113
1.69588640273 0.0251183607426
1.697472301 0.025984511113
1.69905819927 0.0275435817798
1.70064409754 0.0247719005944
1.7022299958 0.0292758825207
1.70381589407 0.023905750224
1.70540179234 0.0235592900758
1.70698769061 0.0207876088904
1.70857358888 0.023905750224
1.71015948715 0.0214805291868
1.71174538542 0.0233860600017
1.71333128369 0.0225199096313
1.71491718196 0.0235592900758
1.71650308023 0.022000219409
1.7180889785 0.0218269893349
1.71967487677 0.0200946885941
1.72126077504 0.015937166816
1.72284667331 0.0176694675568
1.72443257158 0.0173230074087
1.72601846985 0.022000219409
1.72760436812 0.01992145852
1.72919026639 0.0181891577791
1.73077616466 0.01992145852
1.73236206293 0.0169765472605
1.7339479612 0.0192285382236
1.73553385947 0.0174962374828
1.73711975773 0.0133387157047
1.738705656 0.0162836269642
1.74029155427 0.0161103968901
1.74187745254 0.0173230074087
1.74346335081 0.0166300871123
1.74504924908 0.0155907066678
1.74663514735 0.0135119457788
1.74822104562 0.0135119457788
1.74980694389 0.0161103968901
1.75139284216 0.0136851758529
1.75297874043 0.0136851758529
1.7545646387 0.0103938044452
1.75615053697 0.0109134946675
1.75773643524 0.0116064149638
1.75932233351 0.0136851758529
1.76090823178 0.0126457954083
1.76249413005 0.0103938044452
1.76408002832 0.0103938044452
1.76566592659 0.0131654856306
1.76725182486 0.00970088414886
1.76883772313 0.0116064149638
1.77042362139 0.0126457954083
1.77200951966 0.0114331848897
1.77359541793 0.0112599548156
1.7751813162 0.0103938044452
1.77676721447 0.00935442400068
1.77835311274 0.0107402645934
1.77993901101 0.0107402645934
1.78152490928 0.0112599548156
1.78311080755 0.0103938044452
1.78469670582 0.0110867247416
1.78628260409 0.0122993352602
1.78786850236 0.0116064149638
1.78945440063 0.0103938044452
1.7910402989 0.0122993352602
1.79262619717 0.0107402645934
1.79421209544 0.00970088414886
1.79579799371 0.00831504355616
1.79738389198 0.00900796385251
1.79896979025 0.00744889318573
1.80055568852 0.0065827428153
1.80214158679 0.00796858340799
1.80372748506 0.00935442400068
1.80531338332 0.00727566311164
1.80689928159 0.00952765407477
1.80848517986 0.00744889318573
1.81007107813 0.00987411422294
1.8116569764 0.010047344297
1.81324287467 0.00883473377842
1.81482877294 0.00831504355616
1.81641467121 0.00692920296347
1.81800056948 0.00537013229669
1.81958646775 0.00554336237078
1.82117236602 0.00571659244486
1.82275826429 0.00640951274121
1.82434416256 0.00640951274121
1.82593006083 0.00502367214852
1.8275159591 0.00710243303756
1.82910185737 0.00588982251895
1.83068775564 0.00606305259304
1.83227365391 0.00415752177808
1.83385955218 0.00692920296347
1.83544545045 0.00502367214852
1.83703134872 0.00571659244486
1.83861724698 0.00485044207443
1.84020314525 0.00571659244486
1.84178904352 0.00692920296347
1.84337494179 0.00727566311164
1.84496084006 0.00606305259304
1.84654673833 0.00502367214852
1.8481326366 0.00571659244486
1.84971853487 0.00450398192626
1.85130443314 0.00398429170399
1.85289033141 0.00606305259304
1.85447622968 0.00692920296347
1.85606212795 0.00537013229669
1.85764802622 0.00571659244486
1.85923392449 0.0065827428153
1.86081982276 0.00571659244486
1.86240572103 0.00415752177808
1.8639916193 0.00398429170399
1.86557751757 0.00415752177808
1.86716341584 0.00433075185217
1.86874931411 0.00467721200034
1.87033521238 0.00381106162991
1.87192111064 0.00346460148173
1.87350700891 0.00571659244486
1.87509290718 0.00467721200034
1.87667880545 0.00502367214852
1.87826470372 0.00363783155582
1.87985060199 0.00450398192626
1.88143650026 0.00450398192626
1.88302239853 0.0025984511113
1.8846082968 0.0025984511113
1.88619419507 0.00277168118539
1.88778009334 0.00190553081495
1.88936599161 0.0025984511113
1.89095188988 0.00346460148173
1.89253778815 0.00311814133356
1.89412368642 0.00277168118539
1.89570958469 0.00225199096313
1.89729548296 0.00311814133356
1.89888138123 0.00415752177808
1.9004672795 0.00346460148173
1.90205317777 0.00415752177808
1.90363907604 0.00363783155582
1.90522497431 0.0025984511113
1.90681087257 0.00346460148173
1.90839677084 0.00311814133356
1.90998266911 0.00311814133356
1.91156856738 0.0025984511113
1.91315446565 0.00294491125947
1.91474036392 0.00190553081495
1.91632626219 0.00225199096313
1.91791216046 0.00311814133356
1.91949805873 0.00329137140765
1.921083957 0.00346460148173
1.92266985527 0.00415752177808
1.92425575354 0.00398429170399
1.92584165181 0.00329137140765
1.92742755008 0.00242522103721
1.92901344835 0.0025984511113
1.93059934662 0.00190553081495
1.93218524489 0.00294491125947
1.93377114316 0.00173230074087
1.93535704143 0.0025984511113
1.9369429397 0.00103938044452
1.93852883797 0.00155907066678
1.94011473623 0.00329137140765
1.9417006345 0.00173230074087
1.94328653277 0.00242522103721
1.94487243104 0.00277168118539
1.94645832931 0.00363783155582
1.94804422758 0.00242522103721
1.94963012585 0.00207876088904
1.95121602412 0.00173230074087
1.95280192239 0.00173230074087
1.95438782066 0.00225199096313
1.95597371893 0.00207876088904
1.9575596172 0.00207876088904
1.95914551547 0.00242522103721
1.96073141374 0.00190553081495
1.96231731201 0.00207876088904
1.96390321028 0.00155907066678
1.96548910855 0.00173230074087
1.96707500682 0.00225199096313
1.96866090509 0.00225199096313
1.97024680336 0.00155907066678
1.97183270163 0.00225199096313
1.9734185999 0.00190553081495
1.97500449816 0.0025984511113
1.97659039643 0.00121261051861
1.9781762947 0.00207876088904
1.97976219297 0.00190553081495
1.98134809124 0.00138584059269
1.98293398951 0.00138584059269
1.98451988778 0.00138584059269
1.98610578605 0.00207876088904
1.98769168432 0.00121261051861
1.98927758259 0.00190553081495
1.99086348086 0.000866150370434
1.99244937913 0.00190553081495
1.9940352774 0.00155907066678
1.99562117567 0.00173230074087
1.99720707394 0.000866150370434
1.99879297221 0.00207876088904
2.00037887048 0.00242522103721
2.00196476875 0.00173230074087
2.00355066702 0.00103938044452
2.00513656529 0.00121261051861
2.00672246356 0.00103938044452
2.00830836182 0.00051969022226
2.00989426009 0.000692920296347
2.01148015836 0.00155907066678
2.01306605663 0.00051969022226
2.0146519549 0.00121261051861
2.01623785317 0.000866150370434
2.01782375144 0.00121261051861
2.01940964971 0.00103938044452
2.02099554798 0.00121261051861
2.02258144625 0.00155907066678
2.02416734452 0.00138584059269
2.02575324279 0.00173230074087
2.02733914106 0.00155907066678
2.02892503933 0.00103938044452
2.0305109376 0.00207876088904
2.03209683587 0.00173230074087
2.03368273414 0.00121261051861
2.03526863241 0.00207876088904
2.03685453068 0.000692920296347
2.03844042895 0.000692920296347
2.04002632722 0.00051969022226
2.04161222549 0.00138584059269
2.04319812375 0.000173230074087
2.04478402202 0.000866150370434
2.04636992029 0.000866150370434
2.04795581856 0.000692920296347
2.04954171683 0.00051969022226
2.0511276151 0.00155907066678
2.05271351337 0.000866150370434
2.05429941164 0.000692920296347
2.05588530991 0.000866150370434
2.05747120818 0.000866150370434
2.05905710645 0.00103938044452
2.06064300472 0.00103938044452
2.06222890299 0.00121261051861
2.06381480126 0.000692920296347
2.06540069953 0.000692920296347
2.0669865978 0.00103938044452
2.06857249607 0.000866150370434
2.07015839434 0.000866150370434
2.07174429261 0.000692920296347
2.07333019088 0.000346460148173
2.07491608915 0.00138584059269
2.07650198741 0.00103938044452
2.07808788568 0.00121261051861
2.07967378395 0.00051969022226
2.08125968222 0.00138584059269
2.08284558049 0.00138584059269
2.08443147876 0.00173230074087
2.08601737703 0.00103938044452
2.0876032753 0.00051969022226
2.08918917357 0.000692920296347
2.09077507184 0.00103938044452
2.09236097011 0.000692920296347
2.09394686838 0.000866150370434
2.09553276665 0.000866150370434
2.09711866492 0.00051969022226
2.09870456319 0.000346460148173
2.10029046146 0.00051969022226
2.10187635973 0.000692920296347
2.103462258 0.000173230074087
2.10504815627 0.000692920296347
2.10663405454 0.00138584059269
2.10821995281 0.000692920296347
2.10980585107 0.000346460148173
2.11139174934 0.00103938044452
2.11297764761 0.000692920296347
2.11456354588 0.000866150370434
2.11614944415 0.000346460148173
2.11773534242 0.00103938044452
2.11932124069 0.000866150370434
2.12090713896 0.000346460148173
2.12249303723 0.000866150370434
2.1240789355 0.00051969022226
2.12566483377 0.00121261051861
2.12725073204 0.00051969022226
2.12883663031 0.00051969022226
2.13042252858 0.000866150370434
2.13200842685 0.000866150370434
2.13359432512 0.00138584059269
2.13518022339 0.00051969022226
2.13676612166 0.00051969022226
2.13835201993 0.000866150370434
2.1399379182 0.00103938044452
2.14152381647 0.00103938044452
2.14310971474 0.00155907066678
2.144695613 0.000866150370434
2.14628151127 0.000346460148173
2.14786740954 0.000173230074087
2.14945330781 0.000346460148173
2.15103920608 0.00103938044452
2.15262510435 0.000866150370434
2.15421100262 0.000692920296347
2.15579690089 0.000866150370434
2.15738279916 0.00051969022226
2.15896869743 0.00103938044452
2.1605545957 0.000866150370434
2.16214049397 0.00103938044452
2.16372639224 0.00051969022226
2.16531229051 0.000866150370434
2.16689818878 0.00051969022226
2.16848408705 0.000346460148173
2.17006998532 0.00051969022226
2.17165588359 0.000346460148173
2.17324178186 0.00051969022226
2.17482768013 0.000692920296347
2.1764135784 0.000173230074087
2.17799947666 0.00051969022226
2.17958537493 0.00103938044452
2.1811712732 0.000346460148173
2.18275717147 0.000346460148173
2.18434306974 0.000346460148173
2.18592896801 0.00051969022226
2.18751486628 0.000692920296347
2.18910076455 0.00121261051861
2.19068666282 0.000692920296347
2.19227256109 0.00103938044452
2.19385845936 0.000173230074087
2.19544435763 0.000173230074087
2.1970302559 0.00051969022226
2.19861615417 0.000692920296347
2.20020205244 0.000173230074087
2.20178795071 0.00051969022226
2.20337384898 0.00051969022226
2.20495974725 0.00103938044452
2.20654564552 0.00051969022226
2.20813154379 0.000692920296347
2.20971744206 0.000692920296347
2.21130334033 0.000346460148173
2.21288923859 0.000173230074087
2.21447513686 0.000173230074087
2.21606103513 0.000173230074087
2.2176469334 0.000346460148173
2.21923283167 0.000692920296347
2.22081872994 0.000692920296347
2.22240462821 0.000346460148173
2.22399052648 0.000346460148173
2.22557642475 0.0
2.22716232302 0.000692920296347
2.22874822129 0.000692920296347
2.23033411956 0.000866150370434
2.23192001783 0.00051969022226
2.2335059161 0.00051969022226
2.23509181437 0.00051969022226
2.23667771264 0.0
2.23826361091 0.000346460148173
2.23984950918 0.00051969022226
2.24143540745 0.000173230074087
2.24302130572 0.000692920296347
2.24460720399 0.0
2.24619310225 0.000173230074087
2.24777900052 0.000173230074087
2.24936489879 0.0
2.25095079706 0.000346460148173
2.25253669533 0.000346460148173
2.2541225936 0.00051969022226
2.25570849187 0.000346460148173
2.25729439014 0.000173230074087
2.25888028841 0.000346460148173
2.26046618668 0.000692920296347
2.26205208495 0.000173230074087
2.26363798322 0.000173230074087
2.26522388149 0.000692920296347
2.26680977976 0.00103938044452
2.26839567803 0.000173230074087
2.2699815763 0.000866150370434
2.27156747457 0.0
2.27315337284 0.000173230074087
2.27473927111 0.000692920296347
2.27632516938 0.000173230074087
2.27791106765 0.000173230074087
2.27949696592 0.000173230074087
2.28108286418 0.000346460148173
2.28266876245 0.0
2.28425466072 0.0
2.28584055899 0.000346460148173
2.28742645726 0.000866150370434
2.28901235553 0.000346460148173
2.2905982538 0.000692920296347
2.29218415207 0.00051969022226
2.29377005034 0.0
2.29535594861 0.0
2.29694184688 0.0
2.29852774515 0.0
2.30011364342 0.0
2.30169954169 0.0
2.30328543996 0.0
2.30487133823 0.000173230074087
2.3064572365 0.000173230074087
2.30804313477 0.000173230074087
2.30962903304 0.000173230074087
2.31121493131 0.000173230074087
2.31280082958 0.000173230074087
2.31438672784 0.0
2.31597262611 0.0
2.31755852438 0.000692920296347
2.31914442265 0.0
2.32073032092 0.000173230074087
2.32231621919 0.000346460148173
2.32390211746 0.000346460148173
2.32548801573 0.00051969022226
2.327073914 0.0
2.32865981227 0.0
2.33024571054 0.000173230074087
2.33183160881 0.000173230074087
2.33341750708 0.0
2.33500340535 0.0
2.33658930362 0.0
2.33817520189 0.000173230074087
2.33976110016 0.000173230074087
2.34134699843 0.0
2.3429328967 0.0
2.34451879497 0.0
2.34610469324 0.000346460148173
2.3476905915 0.000346460148173
2.34927648977 0.000173230074087
2.35086238804 0.000173230074087
2.35244828631 0.0
2.35403418458 0.000346460148173
2.35562008285 0.00051969022226
2.35720598112 0.000346460148173
2.35879187939 0.000173230074087
2.36037777766 0.00051969022226
2.36196367593 0.000173230074087
2.3635495742 0.00051969022226
2.36513547247 0.000173230074087
2.36672137074 0.0
2.36830726901 0.0
2.36989316728 0.0
2.37147906555 0.000346460148173
2.37306496382 0.000173230074087
2.37465086209 0.000173230074087
2.37623676036 0.000173230074087
2.37782265863 0.000346460148173
2.3794085569 0.000173230074087
2.38099445517 0.000346460148173
2.38258035343 0.000346460148173
2.3841662517 0.000173230074087
2.38575214997 0.000173230074087
2.38733804824 0.0
2.38892394651 0.0
2.39050984478 0.000173230074087
2.39209574305 0.000173230074087
2.39368164132 0.000173230074087
2.39526753959 0.00051969022226
2.39685343786 0.0
2.39843933613 0.000173230074087
2.4000252344 0.000346460148173
2.40161113267 0.000173230074087
2.40319703094 0.000346460148173
2.40478292921 0.000346460148173
2.40636882748 0.000173230074087
2.40795472575 0.000173230074087
2.40954062402 0.0
2.41112652229 0.000346460148173
2.41271242056 0.000173230074087
2.41429831883 0.000173230074087
2.41588421709 0.000346460148173
2.41747011536 0.0
2.41905601363 0.0
2.4206419119 0.000346460148173
2.42222781017 0.0
2.42381370844 0.0
2.42539960671 0.000346460148173
2.42698550498 0.000346460148173
2.42857140325 0.000173230074087
2.43015730152 0.000173230074087
2.43174319979 0.0
2.43332909806 0.0
2.43491499633 0.000346460148173
2.4365008946 0.000346460148173
2.43808679287 0.0
2.43967269114 0.0
2.44125858941 0.0
2.44284448768 0.000346460148173
2.44443038595 0.0
2.44601628422 0.000346460148173
2.44760218249 0.000346460148173
2.44918808076 0.000173230074087
2.45077397902 0.000173230074087
2.45235987729 0.000173230074087
2.45394577556 0.000173230074087
2.45553167383 0.0
2.4571175721 0.0
2.45870347037 0.0
2.46028936864 0.0
2.46187526691 0.0
2.46346116518 0.0
2.46504706345 0.0
2.46663296172 0.0
2.46821885999 0.0
2.46980475826 0.0
2.47139065653 0.0
2.4729765548 0.0
2.47456245307 0.000173230074087
2.47614835134 0.000173230074087
2.47773424961 0.0
2.47932014788 0.0
2.48090604615 0.0
2.48249194442 0.0
2.48407784268 0.0
2.48566374095 0.0
2.48724963922 0.00051969022226
2.48883553749 0.000173230074087
2.49042143576 0.000346460148173
2.49200733403 0.0
2.4935932323 0.0
2.49517913057 0.0
2.49676502884 0.000346460148173
2.49835092711 0.000173230074087
2.49993682538 0.000173230074087
2.50152272365 0.0
2.50310862192 0.0
2.50469452019 0.0
2.50628041846 0.000173230074087
2.50786631673 0.000173230074087
2.509452215 0.000173230074087
2.51103811327 0.000173230074087
2.51262401154 0.0
2.51420990981 0.0
2.51579580808 0.0
2.51738170635 0.0
2.51896760461 0.0
2.52055350288 0.000173230074087
2.52213940115 0.000173230074087
2.52372529942 0.0
2.52531119769 0.0
2.52689709596 0.000173230074087
2.52848299423 0.000173230074087
2.5300688925 0.0
2.53165479077 0.0
2.53324068904 0.0
2.53482658731 0.0
2.53641248558 0.0
2.53799838385 0.0
2.53958428212 0.0
2.54117018039 0.0
2.54275607866 0.0
2.54434197693 0.0
2.5459278752 0.0
2.54751377347 0.0
2.54909967174 0.0
2.55068557001 0.0
2.55227146827 0.0
2.55385736654 0.0
2.55544326481 0.0
2.55702916308 0.0
2.55861506135 0.000173230074087
2.56020095962 0.000346460148173
2.56178685789 0.000173230074087
2.56337275616 0.0
2.56495865443 0.0
2.5665445527 0.0
2.56813045097 0.0
2.56971634924 0.0
2.57130224751 0.0
2.57288814578 0.0
2.57447404405 0.0
2.57605994232 0.0
2.57764584059 0.0
2.57923173886 0.0
2.58081763713 0.0
2.5824035354 0.0
2.58398943367 0.0
2.58557533193 0.0
2.5871612302 0.0
2.58874712847 0.0
2.59033302674 0.0
2.59191892501 0.0
2.59350482328 0.000173230074087
2.59509072155 0.000173230074087
2.59667661982 0.0
2.59826251809 0.0
2.59984841636 0.0
2.60143431463 0.0
2.6030202129 0.0
2.60460611117 0.000346460148173
2.60619200944 0.000346460148173
2.60777790771 0.0
2.60936380598 0.0
2.61094970425 0.0
2.61253560252 0.0
2.61412150079 0.0
2.61570739906 0.0
2.61729329733 0.0
2.6188791956 0.0
2.62046509386 0.0
2.62205099213 0.0
2.6236368904 0.0
2.62522278867 0.0
2.62680868694 0.0
2.62839458521 0.0
2.62998048348 0.0
2.63156638175 0.0
2.63315228002 0.0
2.63473817829 0.000173230074087
2.63632407656 0.000173230074087
2.63790997483 0.0
2.6394958731 0.0
2.64108177137 0.0
2.64266766964 0.0
2.64425356791 0.0
2.64583946618 0.0
2.64742536445 0.000346460148173
2.64901126272 0.0
2.65059716099 0.0
2.65218305926 0.0
2.65376895752 0.0
2.65535485579 0.0
2.65694075406 0.0
2.65852665233 0.0
2.6601125506 0.0
2.66169844887 0.0
2.66328434714 0.0
2.66487024541 0.0
2.66645614368 0.000173230074087
2.66804204195 0.000173230074087
2.66962794022 0.0
2.67121383849 0.0
2.67279973676 0.0
2.67438563503 0.0
2.6759715333 0.0
2.67755743157 0.0
2.67914332984 0.0
2.68072922811 0.0
2.68231512638 0.0
2.68390102465 0.0
2.68548692292 0.0
2.68707282119 0.0
2.68865871945 0.0
2.69024461772 0.0
2.69183051599 0.0
2.69341641426 0.0
2.69500231253 0.0
2.6965882108 0.0
2.69817410907 0.0
2.69976000734 0.0
2.70134590561 0.0
2.70293180388 0.0
2.70451770215 0.0
2.70610360042 0.0
2.70768949869 0.0
2.70927539696 0.0
2.71086129523 0.0
2.7124471935 0.0
2.71403309177 0.0
2.71561899004 0.0
2.71720488831 0.0
2.71879078658 0.0
2.72037668485 0.0
2.72196258311 0.0
2.72354848138 0.0
2.72513437965 0.000173230074087
2.72672027792 0.000173230074087
2.72830617619 0.0
2.72989207446 0.0
2.73147797273 0.0
2.733063871 0.0
2.73464976927 0.0
2.73623566754 0.0
2.73782156581 0.0
2.73940746408 0.0
2.74099336235 0.0
2.74257926062 0.0
2.74416515889 0.0
2.74575105716 0.0
2.74733695543 0.0
2.7489228537 0.0
2.75050875197 0.0
2.75209465024 0.0
2.75368054851 0.0
2.75526644678 0.0
2.75685234504 0.0
2.75843824331 0.0
2.76002414158 0.0
2.76161003985 0.0
2.76319593812 0.0
2.76478183639 0.0
2.76636773466 0.0
2.76795363293 0.0
2.7695395312 0.0
2.77112542947 0.0
2.77271132774 0.0
2.77429722601 0.0
2.77588312428 0.0
2.77746902255 0.0
2.77905492082 0.000346460148173
2.78064081909 0.0
2.78222671736 0.0
2.78381261563 0.0
2.7853985139 0.0
2.78698441217 0.0
2.78857031044 0.0
2.7901562087 0.0
2.79174210697 0.0
2.79332800524 0.0
2.79491390351 0.0
2.79649980178 0.0
2.79808570005 0.0
2.79967159832 0.0
2.80125749659 0.0
2.80284339486 0.0
2.80442929313 0.0
2.8060151914 0.0
2.80760108967 0.0
2.80918698794 0.0
2.81077288621 0.0
2.81235878448 0.0
2.81394468275 0.0
2.81553058102 0.0
2.81711647929 0.0
2.81870237756 0.0
2.82028827583 0.0
2.8218741741 0.0
2.82346007236 0.0
2.82504597063 0.0
2.8266318689 0.0
2.82821776717 0.0
2.82980366544 0.0
2.83138956371 0.000346460148173
2.83297546198 0.0
2.83456136025 0.0
2.83614725852 0.0
2.83773315679 0.0
2.83931905506 0.0
2.84090495333 0.0
2.8424908516 0.0
2.84407674987 0.0
2.84566264814 0.0
2.84724854641 0.0
2.84883444468 0.0
2.85042034295 0.0
2.85200624122 0.0
2.85359213949 0.0
2.85517803776 0.0
2.85676393603 0.0
2.85834983429 0.0
2.85993573256 0.0
2.86152163083 0.0
2.8631075291 0.0
2.86469342737 0.0
2.86627932564 0.0
2.86786522391 0.0
2.86945112218 0.0
2.87103702045 0.0
2.87262291872 0.0
2.87420881699 0.0
2.87579471526 0.0
2.87738061353 0.0
2.8789665118 0.0
2.88055241007 0.0
2.88213830834 0.0
2.88372420661 0.0
2.88531010488 0.0
2.88689600315 0.0
2.88848190142 0.0
2.89006779969 0.0
2.89165369795 0.0
2.89323959622 0.0
2.89482549449 0.0
2.89641139276 0.0
2.89799729103 0.0
2.8995831893 0.0
2.90116908757 0.0
2.90275498584 0.0
2.90434088411 0.0
2.90592678238 0.0
2.90751268065 0.0
2.90909857892 0.0
2.91068447719 0.0
2.91227037546 0.0
2.91385627373 0.0
2.915442172 0.0
2.91702807027 0.0
2.91861396854 0.0
2.92019986681 0.0
2.92178576508 0.0
2.92337166335 0.0
2.92495756162 0.0
2.92654345988 0.0
2.92812935815 0.0
2.92971525642 0.0
2.93130115469 0.0
2.93288705296 0.0
2.93447295123 0.0
2.9360588495 0.0
2.93764474777 0.0
2.93923064604 0.0
2.94081654431 0.0
2.94240244258 0.0
2.94398834085 0.0
2.94557423912 0.0
2.94716013739 0.0
2.94874603566 0.0
2.95033193393 0.0
2.9519178322 0.0
2.95350373047 0.0
2.95508962874 0.0
2.95667552701 0.0
2.95826142528 0.0
2.95984732354 0.0
2.96143322181 0.0
2.96301912008 0.0
2.96460501835 0.0
2.96619091662 0.0
2.96777681489 0.0
2.96936271316 0.0
2.97094861143 0.0
2.9725345097 0.0
2.97412040797 0.0
2.97570630624 0.0
2.97729220451 0.0
2.97887810278 0.0
2.98046400105 0.0
2.98204989932 0.0
2.98363579759 0.0
2.98522169586 0.0
2.98680759413 0.0
2.9883934924 0.0
2.98997939067 0.0
2.99156528894 0.0
2.99315118721 0.0
2.99473708547 0.0
2.99632298374 0.0
2.99790888201 0.0
2.99949478028 0.0
3.00108067855 0.0
3.00266657682 0.0
3.00425247509 0.0
3.00583837336 0.0
3.00742427163 0.0
3.0090101699 0.0
3.01059606817 0.0
3.01218196644 0.0
3.01376786471 0.0
3.01535376298 0.0
3.01693966125 0.0
3.01852555952 0.0
3.02011145779 0.0
3.02169735606 0.0
3.02328325433 0.0
3.0248691526 0.0
3.02645505087 0.000173230074087
