0.001 2.12154415644821e-8
0.002 8.511011253666469e-8
0.003 1.9209792173997694e-7
0.004 3.426119678083347e-7
0.005 5.371685975717183e-7
0.006 7.763052718939787e-7
0.007 1.0605806935703588e-6
0.008 1.3906917996454693e-6
0.009000000000000001 1.7672631181039327e-6
0.010000000000000002 2.191073075508631e-6
0.011000000000000003 2.662899318810977e-6
0.012000000000000004 3.1835970703802717e-6
0.013000000000000005 3.7540687172678256e-6
0.014000000000000005 4.3753111371530075e-6
0.015000000000000006 5.04831239559387e-6
0.016000000000000007 5.774201748265336e-6
0.017000000000000008 6.554134566428178e-6
0.01800000000000001 7.389356014125006e-6
0.01900000000000001 8.281169679795744e-6
0.02000000000000001 9.230967543598344e-6
0.02100000000000001 0.000010240219183099471
0.022000000000000013 0.000011310479600577163
0.023000000000000013 0.000012443393515895523
0.024000000000000014 0.000013640697673789029
0.025000000000000015 0.000014904226203164117
0.026000000000000016 0.000016235917428609552
0.027000000000000017 0.00001763780973657343
0.028000000000000018 0.00001911208485570178
0.02900000000000002 0.00002066100032982275
0.03000000000000002 0.000022286969545405908
0.03100000000000002 0.000023992532405152588
0.03200000000000002 0.000025780370233662678
0.03300000000000002 0.00002765331332017397
0.03400000000000002 0.000029614352126571006
0.035000000000000024 0.00003166664584042662
0.036000000000000025 0.00003381352429650316
0.037000000000000026 0.00003605851999834423
0.03800000000000003 0.00003840535966819702
0.03900000000000003 0.00004085798698759739
0.04000000000000003 0.00004342057551241147
0.04100000000000003 0.00004609754613138287
0.04200000000000003 0.00004889358187766194
0.04300000000000003 0.00005181364493242338
0.04400000000000003 0.00005486300961137407
0.04500000000000003 0.00005804726115323204
0.046000000000000034 0.00006137234303735745
0.047000000000000035 0.00006484457467616948
0.048000000000000036 0.00006847067949622112
0.04900000000000004 0.00007225782401013895
0.05000000000000004 0.0000762136441034563
0.05100000000000004 0.00008034629795426814
0.05200000000000004 0.0000846645026770547
0.05300000000000004 0.00008917758252031652
0.05400000000000004 0.00009389552888120845
0.05500000000000004 0.00009882905898728305
0.05600000000000004 0.00010398968602167122
0.057000000000000044 0.0001093897926373851
0.058000000000000045 0.00011504272430956072
0.059000000000000045 0.00012096287886122826
0.060000000000000046 0.00012716582304914868
0.06100000000000005 0.0001336684154572084
0.06200000000000005 0.00014048894309720233
0.06300000000000004 0.00014764729418228993
0.06400000000000004 0.000155165132351868
0.06500000000000004 0.0001630661155352425
0.06600000000000004 0.0001713761380271783
0.06700000000000005 0.00018012361019715625
0.06800000000000005 0.0001893397944286972
0.06900000000000005 0.00019905917998901994
0.07000000000000005 0.00020931993501506485
0.07100000000000005 0.00022016443386322824
0.07200000000000005 0.00023163987350874842
0.07300000000000005 0.0002437990372975213
0.07400000000000005 0.0002567011421971825
0.07500000000000005 0.000270412945041699
0.07600000000000005 0.0002850100091871674
0.07700000000000005 0.00030057829581051873
0.07800000000000006 0.00031721610034646117
0.07900000000000006 0.00033503639573300906
0.08000000000000006 0.0003541699536622736
0.08100000000000006 0.0003747690042909372
0.08200000000000006 0.0003970121214047323
0.08300000000000006 0.0004211104281258844
0.08400000000000006 0.0004473157245790155
0.08500000000000006 0.00047593122217547894
0.08600000000000006 0.0005073259763372453
0.08700000000000006 0.0005419548175122806
0.08800000000000006 0.0005803854035446722
0.08900000000000007 0.0006233378641518996
0.09000000000000007 0.0006717415172646044
0.09100000000000007 0.0007268204040167089
0.09200000000000007 0.0007902255776665782
0.09300000000000007 0.0008642472184973303
0.09400000000000007 0.0009521713494781692
0.09500000000000007 0.00105891009552239
0.09600000000000007 0.001192191170847751
0.09700000000000007 0.0013649844880289272
0.09800000000000007 0.001600954403645663
0.09900000000000007 0.0019481885933895413
0.10000000000000007 0.0025172532436686453
0.11999999999999998 0.024271294667710396
0.12999999999999998 0.030166070680984484
0.13999999999999999 0.03507642774623591
0.15 0.03936296473667569
0.16 0.04320456240494723
0.17 0.04670457814302011
0.18000000000000002 0.04992843114769862
0.19000000000000003 0.05292000558534193
0.20000000000000004 0.05570983619919135
0.21000000000000005 0.05831959063953416
0.22000000000000006 0.06076469223549078
0.23000000000000007 0.06305592730596285
0.24000000000000007 0.06520045783302718
0.25000000000000006 0.06720246310447535
0.26000000000000006 0.06906353449119965
0.2700000000000001 0.07078289367281275
0.2800000000000001 0.07235747317435154
0.2900000000000001 0.07378187798371798
0.3000000000000001 0.07504823215863422
0.3100000000000001 0.07614590162484287
0.3200000000000001 0.07706107063622983
0.3300000000000001 0.07777613244604491
0.34000000000000014 0.07826883101597679
0.35000000000000014 0.07851105538726727
0.36000000000000015 0.07846713167613448
0.37000000000000016 0.07809137688836976
0.38000000000000017 0.07732453280543476
0.3900000000000002 0.0760885265096466
0.4000000000000002 0.07427885237118104
0.4100000000000002 0.07175450480982822
0.4200000000000002 0.06833114678782687
0.4300000000000002 0.06382113732702606
0.4400000000000002 0.0583926079124991
0.45000000000000023 0.0540530503937565
0.46000000000000024 0.05403613857002299
0.47000000000000025 0.05776786037544281
0.48000000000000026 0.06366488083959498
0.49000000000000027 0.07103000037489056
0.5000000000000002 0.07961339078534263
0.5100000000000002 0.08933573728173462
0.5200000000000002 0.10018836227703518
0.5300000000000002 0.11219515797805273
0.5400000000000003 0.12539623345514955
0.5500000000000003 0.13983998681419657
0.5600000000000003 0.155578775333199
0.5700000000000003 0.1726662476489385
0.5800000000000003 0.19115549184979802
0.5900000000000003 0.21109760269673344
0.6000000000000003 0.23254047169138814
0.6100000000000003 0.2555276994449536
0.6200000000000003 0.28009757838618227
0.6300000000000003 0.3062821201038562
0.6400000000000003 0.3341061161551268
0.6500000000000004 0.36358623012697877
0.6600000000000004 0.3947301240796946
0.6700000000000004 0.4275356259987987
0.6800000000000004 0.4619899471631323
0.6900000000000004 0.49806895980334703
0.7000000000000004 0.5357365463201746
0.7100000000000004 0.5749440317890792
0.7200000000000004 0.6156297115305018
0.7300000000000004 0.657718485287969
0.7400000000000004 0.7011216089915564
0.7500000000000004 0.7457365742471922
0.7600000000000005 0.7914471245643776
0.7700000000000005 0.8381234161327357
0.7800000000000005 0.8856223289185848
0.7900000000000005 0.9337879328870857
0.8000000000000005 0.9824521115293103
0.8100000000000005 1.031435341905973
0.8200000000000005 1.080547632580787
0.8300000000000005 1.1295896097120572
0.8400000000000005 1.178353749999632
0.8500000000000005 1.2266257484046812
0.8600000000000005 1.274186010287453
0.8700000000000006 1.32081125450742
0.8800000000000006 1.3662762117872365
0.8900000000000006 1.410355400804874
0.9000000000000006 1.4528249632321277
0.9100000000000006 1.4934645367044448
0.9200000000000006 1.5320591443676812
0.9300000000000006 1.5684010782850504
0.9400000000000006 1.6022917538801682
0.9500000000000006 1.6335435121729
0.9600000000000006 1.661981347041624
0.9700000000000006 1.6874445351307084
0.9800000000000006 1.7097881481429198
0.9900000000000007 1.7288844246995125
1.0000000000000007 1.744623988431376
1.0100000000000007 1.7569168912492208
1.0200000000000007 1.765693470705614
1.0300000000000007 1.7709050091851903
1.0400000000000007 1.7725241860106336
1.0500000000000007 1.770545317043176
1.0600000000000007 1.76498437868767
1.0700000000000007 1.755878815661352
1.0800000000000007 1.7432871371824419
1.0900000000000007 1.7272883058711244
1.1000000000000008 1.7079809291949786
1.1100000000000008 1.6854822645956875
1.1200000000000008 1.6599270521186549
1.1300000000000008 1.6314661909132198
1.1400000000000008 1.6002652773190997
1.1500000000000008 1.566503024292797
1.1600000000000008 1.53036958314139
1.1700000000000008 1.4920647891954935
1.1800000000000008 1.4517963538250764
1.1900000000000008 1.4097780254430274
1.2000000000000008 1.3662277417296822
1.2100000000000009 1.3213657950029665
1.2200000000000009 1.2754130318497965
1.2300000000000009 1.2285891067544363
1.2400000000000009 1.181110808380621
1.2500000000000009 1.1331904752947712
1.260000000000001 1.0850345160809618
1.270000000000001 1.0368420470222102
1.280000000000001 0.9888036580546389
1.290000000000001 0.9411003157681651
1.300000000000001 0.8939024099022891
1.310000000000001 0.8473689475724802
1.320000000000001 0.801646897182868
1.330000000000001 0.7568706820381025
1.340000000000001 0.7131618215184324
1.350000000000001 0.6706287159069764
1.360000000000001 0.6293665692316189
1.370000000000001 0.5894574429797076
1.380000000000001 0.5509704322466511
1.390000000000001 0.5139619546554092
1.400000000000001 0.47847614191519294
1.410000000000001 0.44454532235853683
1.420000000000001 0.4121905843388508
1.430000000000001 0.38142240186864146
1.440000000000001 0.35224133007355735
1.450000000000001 0.32463872637596564
1.460000000000001 0.29859751822667485
1.470000000000001 0.27409298693204787
1.480000000000001 0.251093563545398
1.490000000000001 0.22956162609271036
1.500000000000001 0.20945428907794061
1.5100000000000011 0.1907241770310754
1.5200000000000011 0.17332017477770367
1.5300000000000011 0.15718814796494332
1.5400000000000011 0.14227162842966254
1.5500000000000012 0.1285124596980324
1.5600000000000012 0.11585139909838596
1.5700000000000012 0.10422867360177221
1.5800000000000012 0.09358448751350204
1.5900000000000012 0.08385948084095239
1.6000000000000012 0.07499513797330394
1.6100000000000012 0.06693414690742096
1.6200000000000012 0.05962070994176429
1.6300000000000012 0.05300080739650172
1.6400000000000012 0.04702241581677961
1.6500000000000012 0.04163568374166834
1.6600000000000013 0.03679306690544614
1.6700000000000013 0.03244942620946255
1.6800000000000013 0.028562091406026238
1.6900000000000013 0.025090893705181787
1.7000000000000013 0.02199817055239569
1.7100000000000013 0.019248745846836644
1.7200000000000013 0.01680988879672992
1.7300000000000013 0.014651254529451454
1.7400000000000013 0.01274480943397231
1.7500000000000013 0.011064744034452
1.7600000000000013 0.009587376137293983
1.7700000000000014 0.008291046322295817
1.7800000000000014 0.0071560085588602464
1.7900000000000014 0.006164317330084787
1.8000000000000014 0.005299713378706643
1.8100000000000014 0.004547509461069466
1.8200000000000014 0.0038944774479546247
1.8300000000000014 0.0033287378611568776
1.8400000000000014 0.0028396527599175484
1.8500000000000014 0.002417722704632927
1.8600000000000014 0.002054488349701153
1.8700000000000014 0.0017424371068752906
1.8800000000000014 0.0014749151348041514
1.8900000000000015 0.0012460448456202795
1.9000000000000015 0.0010506479900956195
1.9100000000000015 0.000884174308480797
1.9200000000000015 0.0007426356622961824
1.9300000000000015 0.0006225455023138966
1.9400000000000015 0.0005208634835222058
1.9500000000000015 0.00043494500203719914
1.9600000000000015 0.00036249540007206673
1.9700000000000015 0.00030152856966337725
1.9800000000000015 0.0002503296728283903
1.9900000000000015 0.00020742169132849784
2.0000000000000013 0.00017153551885545107
2.010000000000001 0.00014158331331437472
2.020000000000001 0.00011663483350327189
2.0300000000000007 0.0000958964953488459
2.0400000000000005 0.00007869289545220904
2.0500000000000003 0.000064450562190834
2.06 0.00005268371090945417
2.07 0.00004298179394199884
2.0799999999999996 0.00003499865207760473
2.0899999999999994 0.000028443089661774494
2.099999999999999 0.000023070710233395554
2.109999999999999 0.00001867686472965299
2.1199999999999988 0.000015090577842797094
2.1299999999999986 0.000012169331703082429
