0.00114241875713 0.00437254076897
0.00314725627138 0.0136034601701
0.00515209378563 0.0184618388023
0.00715693129989 0.0210529740728
0.00916176881414 0.0241299472065
0.0111666063284 0.0289883258387
0.0131714438426 0.0270449743859
0.0151762813569 0.0296361096564
0.0171811188712 0.029474163702
0.0191859563854 0.031903353018
0.0211907938997 0.0322272449269
0.0231956314139 0.0336847585165
0.0252004689282 0.0361139478326
0.0272053064424 0.0351422721062
0.0292101439567 0.0401625966928
0.0312149814709 0.0396767588295
0.0332198189852 0.037085623559
0.0352246564994 0.0445351374617
0.0372294940137 0.0380572992855
0.0392343315279 0.045830705097
0.0412391690422 0.0427537319633
0.0432440065564 0.0424298400545
0.0452488440707 0.0455068131882
0.0472536815849 0.0526324351821
0.0492585190992 0.0445351374617
0.0512633566135 0.0480979484587
0.0532681941277 0.0485837863219
0.055273031642 0.0523085432732
0.0572778691562 0.051012975638
0.0592827066705 0.0531182730453
0.0612875441847 0.0527943811365
0.063292381699 0.0547377325893
0.0652972192132 0.0555474623614
0.0673020567275 0.050203245866
0.0693068942417 0.0558713542702
0.071311731756 0.0573288678598
0.0733165692702 0.0586244354951
0.0753214067845 0.0607297329024
0.0773262442987 0.0600819490847
0.079331081813 0.0586244354951
0.0813359193273 0.060567786948
0.0833407568415 0.0610536248112
0.0853455943558 0.0638067060361
0.08735043187 0.0631589222185
0.0893552693843 0.0608916788568
0.0913601068985 0.0617014086288
0.0933649444128 0.0649403277169
0.095369781927 0.0644544898537
0.0973746194413 0.0654261655802
0.0993794569555 0.0644544898537
0.10138429447 0.0693128684859
0.103389131984 0.0686650846683
0.105393969498 0.0689889765771
0.107398807013 0.0681792468051
0.109403644527 0.0691509225315
0.111408482041 0.0704464901668
0.113413319555 0.0710942739844
0.11541815707 0.0702845442123
0.117422994584 0.0735234633005
0.119427832098 0.0719040037564
0.121432669612 0.072551787574
0.123437507127 0.077734058115
0.125442344641 0.0744951390269
0.127447182155 0.0757907066622
0.129452019669 0.0740093011637
0.131456857184 0.0803251933855
0.133461694698 0.0754668147533
0.135466532212 0.0754668147533
0.137471369726 0.0816207610208
0.139476207241 0.0766004364342
0.141481044755 0.0788676797959
0.143485882269 0.0800013014767
0.145490719783 0.0787057338415
0.147495557298 0.0783818419327
0.149500394812 0.0827543827016
0.151505232326 0.0832402205649
0.15351006984 0.0832402205649
0.155514907355 0.0837260584281
0.157519744869 0.0816207610208
0.159524582383 0.0851835720177
0.161529419897 0.0855074639265
0.163534257412 0.0853455179721
0.165539094926 0.0869649775162
0.16754393244 0.0895561127867
0.169548769954 0.0866410856074
0.171553607469 0.0895561127867
0.173558444983 0.0842118962913
0.175563282497 0.0900419506499
0.177568120011 0.0898800046955
0.179572957526 0.088098599197
0.18157779504 0.0900419506499
0.183582632554 0.092471139966
0.185587470068 0.0892322208779
0.187592307583 0.0874508153794
0.189597145097 0.0963578428718
0.191601982611 0.0937667076013
0.193606820125 0.0908516804219
0.19561165764 0.0942525454645
0.197616495154 0.0995967619599
0.199621332668 0.0902038966043
0.201626170182 0.0947383833277
0.203631007697 0.0936047616469
0.205635845211 0.0983011943246
0.207640682725 0.0961958969174
0.209645520239 0.0927950318748
0.211650357754 0.102025951276
0.213655195268 0.0953861671453
0.215660032782 0.101702059367
0.217664870296 0.0992728700511
0.219669707811 0.0999206538687
0.221674545325 0.100892329595
0.223679382839 0.101216221504
0.225684220353 0.101702059367
0.227689057868 0.100892329595
0.229693895382 0.102349843185
0.231698732896 0.101864005322
0.23370357041 0.0997587079143
0.235708407925 0.104940978455
0.237713245439 0.104455140592
0.239718082953 0.104617086546
0.241722920468 0.107046275863
0.243727757982 0.102673735094
0.245732595496 0.108503789452
0.24773743301 0.106884329908
0.249742270525 0.111256870677
0.251747108039 0.107370167771
0.253751945553 0.106722383954
0.255756783067 0.111256870677
0.257761620582 0.109475465179
0.259766458096 0.107370167771
0.26177129561 0.112714384267
0.263776133124 0.11174270854
0.265780970639 0.113038276176
0.267785808153 0.116277195264
0.269790645667 0.112876330221
0.271795483181 0.119516114352
0.273800320696 0.114495789765
0.27580515821 0.11870638458
0.277809995724 0.116763033127
0.279814833238 0.120163898169
0.281819670753 0.120649736033
0.283824508267 0.120325844124
0.285829345781 0.123240871303
0.287834183295 0.125022276802
0.28983902081 0.12826119589
0.291843858324 0.123240871303
0.293848695838 0.128099249935
0.295853533352 0.131014277115
0.297858370867 0.130042601388
0.299863208381 0.131176223069
0.301868045895 0.138139899109
0.303872883409 0.136682385519
0.305877720924 0.137006277428
0.307882558438 0.138949628881
0.309887395952 0.144293845376
0.311892233466 0.143808007513
0.313897070981 0.142026602014
0.315901908495 0.148828332099
0.317906746009 0.153524764777
0.319911583523 0.148018602327
0.321916421038 0.160650386771
0.323921258552 0.153848656686
0.325926096066 0.16243179227
0.32793093358 0.161622062498
0.329935771095 0.161460116543
0.331940608609 0.17198660358
0.333945446123 0.167937954719
0.335950283637 0.175387468622
0.337955121152 0.176521090303
0.339959958666 0.176521090303
0.34196479618 0.179274171528
0.343969633694 0.178788333665
0.345974471209 0.18559006375
0.347979308723 0.188990928792
0.349984146237 0.191905955971
0.351988983751 0.185752009704
0.353993821266 0.198707686057
0.35599865878 0.202270497053
0.358003496294 0.202918280871
0.360008333808 0.204213848506
0.362013171323 0.20583330805
0.364018008837 0.207938605458
0.366022846351 0.219274822266
0.368027683865 0.219112876312
0.37003252138 0.217169524859
0.372037358894 0.228019903804
0.374042196408 0.224457092807
0.376047033922 0.228829633576
0.378051871437 0.232392444573
0.380056708951 0.233040228391
0.382061546465 0.233202174345
0.384066383979 0.242756985655
0.386071221494 0.240327796339
0.388076059008 0.251502067193
0.390080896522 0.244538391154
0.392085734036 0.254255148418
0.394090571551 0.25652239178
0.396095409065 0.257008229643
0.398100246579 0.264133851637
0.400105084094 0.259275473005
0.402109921608 0.270611689813
0.404114759122 0.272878933175
0.406119596636 0.278061203716
0.408124434151 0.280490393032
0.410129271665 0.276927582035
0.412134109179 0.290531042205
0.414138946693 0.281947906621
0.416143784208 0.297008880381
0.418148621722 0.294255799156
0.420153459236 0.295713312746
0.42215829675 0.302191150922
0.424163134265 0.307049529554
0.426167971779 0.308183151235
0.428172809293 0.31239374605
0.430177646807 0.319843259952
0.432182484322 0.317737962545
0.434187321836 0.32453969263
0.43619215935 0.325187476448
0.438196996864 0.332151152487
0.440201834379 0.329883909126
0.442206671893 0.339276774481
0.444211509407 0.343487369296
0.446216346921 0.340086504253
0.448221184436 0.342677639524
0.45022602195 0.347536018156
0.452230859464 0.353689964423
0.454235696978 0.356443045648
0.456240534493 0.358872234964
0.458245372007 0.35725277542
0.460250209521 0.366483694822
0.462255047035 0.36680758673
0.46425988455 0.374419046587
0.466264722064 0.370694289636
0.468269559578 0.3804110469
0.470274397092 0.384621641715
0.472279234607 0.38186856049
0.474284072121 0.386079155305
0.476288909635 0.392556993481
0.478293747149 0.393528669207
0.480298584664 0.402597642654
0.482303422178 0.405512669833
0.484308259692 0.411828562055
0.486313097206 0.409399372739
0.488317934721 0.410856886329
0.490322772235 0.419116130004
0.492327609749 0.421221427411
0.494332447263 0.429156779177
0.496337284778 0.427213427724
0.498342122292 0.429318725131
0.500346959806 0.435796563307
0.50235179732 0.438549644532
0.504356634835 0.440978833848
0.506361472349 0.451019483022
0.508366309863 0.44875223966
0.510371147377 0.450047807295
0.512375984892 0.459440672651
0.514380822406 0.459926510514
0.51638565992 0.465594618918
0.518390497434 0.464622943192
0.520395334949 0.472072457094
0.522400172463 0.483570619857
0.524405009977 0.475797214046
0.526409847491 0.484704241538
0.528414685006 0.486647592991
0.53041952252 0.492801539258
0.532424360034 0.492639593304
0.534429197548 0.497012134073
0.536434035063 0.504299702021
0.538438872577 0.506566945383
0.540443710091 0.509643918517
0.542448547605 0.51272089165
0.54445338512 0.516769540511
0.546458222634 0.517255378374
0.548463060148 0.523571270596
0.550467897662 0.526810189684
0.552472735177 0.529239379
0.554477572691 0.531020784498
0.556482410205 0.54543397444
0.558487247719 0.537984460538
0.560492085234 0.54430035276
0.562496922748 0.549320677346
0.564501760262 0.548996785437
0.566506597777 0.555960461477
0.568511435291 0.557741866975
0.570516272805 0.561304677972
0.572521110319 0.561142732018
0.574525947834 0.563733867288
0.576530785348 0.574584246234
0.578535622862 0.574746192188
0.580540460376 0.577823165322
0.582545297891 0.580090408683
0.584550135405 0.589969111902
0.586554972919 0.586730192814
0.588559810433 0.592722193127
0.590564647948 0.598552247486
0.592569485462 0.594179706717
0.594574322976 0.606649545206
0.59657916049 0.607135383069
0.598583998005 0.616042410562
0.600588835519 0.615394626744
0.602593673033 0.625273329963
0.604598510547 0.624301654236
0.606603348062 0.62592111378
0.608608185576 0.629483924777
0.61061302309 0.635313979136
0.612617860604 0.637743168452
0.614622698119 0.645678520218
0.616627535633 0.645678520218
0.618632373147 0.643087384948
0.620637210661 0.651508574577
0.622642048176 0.654099709847
0.62464688569 0.657176682981
0.626651723204 0.66009171016
0.628656560718 0.665759818564
0.630661398233 0.669322629561
0.632666235747 0.666083710473
0.634671073261 0.676124359646
0.636675910775 0.672561548649
0.63868074829 0.687460576455
0.640685585804 0.684383603321
0.642690423318 0.691671171269
0.644695260832 0.69280479295
0.646700098347 0.693614522722
0.648704935861 0.702683496169
0.650709773375 0.701064036625
0.652714610889 0.703007388078
0.654719448404 0.705112685485
0.656724285918 0.71191441557
0.658729123432 0.715639172522
0.660733960946 0.718716145655
0.662738798461 0.72146922688
0.664743635975 0.724870091923
0.666748473489 0.724060362151
0.668753311003 0.731833767962
0.670758148518 0.734748795141
0.672762986032 0.737016038503
0.674767823546 0.734101011324
0.67677266106 0.743493876679
0.678777498575 0.743655822634
0.680782336089 0.753534525853
0.682787173603 0.753372579898
0.684792011117 0.753534525853
0.686796848632 0.759526526166
0.688801686146 0.765842418388
0.69080652366 0.758069012576
0.692811361174 0.771024688929
0.694816198689 0.763575175026
0.696821036203 0.776530851378
0.698825873717 0.774263608017
0.700830711231 0.770862742974
0.702835548746 0.785275932916
0.70484038626 0.782198959783
0.706845223774 0.790296257503
0.708850061288 0.788190960096
0.710854898803 0.787057338415
0.712859736317 0.795316582089
0.714864573831 0.786733446506
0.716869411345 0.801308582402
0.71887424886 0.798231609269
0.720879086374 0.802280258129
0.722883923888 0.807138636761
0.724888761403 0.803575825764
0.726893598917 0.809891717986
0.728898436431 0.804547501491
0.730903273945 0.807300582716
0.73290811146 0.817503177843
0.734912948974 0.819770421205
0.736917786488 0.822037664566
0.738922624002 0.825276583655
0.740927461517 0.824304907928
0.742932299031 0.826734097244
0.744937136545 0.830134962287
0.746941974059 0.839203935734
0.748946811574 0.82916328656
0.750951649088 0.842604800776
0.752956486602 0.840013665506
0.754961324116 0.839851719551
0.756966161631 0.838394205962
0.758970999145 0.856046314992
0.760975836659 0.847625125363
0.762980674173 0.851835720177
0.764985511688 0.853941017585
0.766990349202 0.856208260946
0.768995186716 0.863657774849
0.77100002423 0.862362207214
0.773004861745 0.86333388294
0.775009699259 0.863657774849
0.777014536773 0.868678099436
0.779019374287 0.877909018837
0.781024211802 0.868192261572
0.783029049316 0.870783396843
0.78503388683 0.877585126928
0.787038724344 0.874670099749
0.789043561859 0.874670099749
0.791048399373 0.879366532426
0.793053236887 0.883253235332
0.795058074401 0.882281559606
0.797062911916 0.880662100062
0.79906774943 0.882929343423
0.801072586944 0.892160262824
0.803077424458 0.884710748922
0.805082261973 0.886168262511
0.807087099487 0.895399181913
0.809091937001 0.897828371229
0.811096774515 0.898152263137
0.81310161203 0.899285884818
0.815106449544 0.902038966043
0.817111287058 0.908192912311
0.819116124572 0.898314209092
0.821120962087 0.904306209405
0.823125799601 0.908516804219
0.825130637115 0.909488479946
0.827135474629 0.90705929063
0.829140312144 0.913375182852
0.831145149658 0.917099939803
0.833149987172 0.920176912937
0.835154824686 0.915804372168
0.837159662201 0.926492805159
0.839164499715 0.923415832025
0.841169337229 0.923091940116
0.843174174743 0.922444156298
0.845179012258 0.934752048833
0.847183849772 0.923415832025
0.849188687286 0.931027291882
0.8511935248 0.931027291882
0.853198362315 0.931837021654
0.855203199829 0.932322859517
0.857208037343 0.930865345928
0.859212874857 0.938638751739
0.861217712372 0.936209562423
0.863222549886 0.935075940742
0.8652273874 0.938152913876
0.867232224914 0.935561778605
0.869237062429 0.937990967921
0.871241899943 0.939934319374
0.873246737457 0.937181238149
0.875251574971 0.936047616469
0.877256412486 0.944144914189
0.87926125 0.936695400286
0.881266087514 0.94786967114
0.883270925029 0.949165238775
0.885275762543 0.943011292508
0.887280600057 0.950298860456
0.889285437571 0.951432482137
0.891290275086 0.952889995727
0.8932951126 0.954347509316
0.895299950114 0.952728049772
0.897304787628 0.952889995727
0.899309625143 0.950460806411
0.901314462657 0.955805022906
0.903319300171 0.947545779231
0.905324137685 0.959043941994
0.9073289752 0.951756374046
0.909333812714 0.959853671766
0.911338650228 0.956938644587
0.913343487742 0.956128914815
0.915348325257 0.965845672079
0.917353162771 0.963092590854
0.919358000285 0.962282861082
0.921362837799 0.970380158803
0.923367675314 0.961958969174
0.925372512828 0.956290860769
0.927377350342 0.958558104131
0.929382187856 0.959205887949
0.931387025371 0.959205887949
0.933391862885 0.9629306449
0.935396700399 0.964226212535
0.937401537913 0.956938644587
0.939406375428 0.960663401538
0.941411212942 0.96552178017
0.943416050456 0.9629306449
0.94542088797 0.962606752991
0.947425725485 0.9629306449
0.949430562999 0.966493455897
0.951435400513 0.962120915128
0.953440238027 0.966007618034
0.955445075542 0.96438815849
0.957449913056 0.965359834216
0.95945475057 0.961635077265
0.961459588084 0.967627077578
0.963464425599 0.958234212222
0.965469263113 0.951594428092
0.967474100627 0.962606752991
0.969478938141 0.954023617408
0.971483775656 0.964064266581
0.97348861317 0.959205887949
0.975493450684 0.96438815849
0.977498288198 0.970218212848
0.979503125713 0.959367833903
0.981507963227 0.971675726438
0.983512800741 0.967141239715
0.985517638255 0.966655401851
0.98752247577 0.96438815849
0.989527313284 0.959205887949
0.991532150798 0.959853671766
0.993536988312 0.962282861082
0.995541825827 0.966169563988
0.997546663341 0.962606752991
0.999551500855 0.96843680735
1.00155633837 0.968274861395
1.00356117588 0.968598753304
1.0055660134 0.961149239402
1.00757085091 0.960015617721
1.00957568843 0.967627077578
1.01158052594 0.956938644587
1.01358536345 0.962768698946
1.01559020097 0.95888199604
1.01759503848 0.963578428718
1.019599876 0.960501455584
1.02160471351 0.958072266268
1.02360955103 0.955966968861
1.02561438854 0.951432482137
1.02761922605 0.95742448245
1.02962406357 0.956614752678
1.03162890108 0.955805022906
1.0336337386 0.94786967114
1.03563857611 0.957910320313
1.03764341363 0.95078469832
1.03964825114 0.949165238775
1.04165308865 0.957586428405
1.04365792617 0.953213887636
1.04566276368 0.951594428092
1.0476676012 0.956776698633
1.04967243871 0.955481130997
1.05167727623 0.954671401225
1.05368211374 0.955643076952
1.05568695125 0.945926319687
1.05769178877 0.945440481824
1.05969662628 0.954023617408
1.0617014638 0.944306860143
1.06370630131 0.946250211596
1.06571113883 0.945926319687
1.06771597634 0.93977237342
1.06972081385 0.943497130371
1.07172565137 0.940420157238
1.07373048888 0.938152913876
1.0757353264 0.94122988701
1.07774016391 0.937667076013
1.07974500143 0.936371508377
1.08174983894 0.937990967921
1.08375467645 0.933780373107
1.08575951397 0.935075940742
1.08776435148 0.940905995101
1.089769189 0.931027291882
1.09177402651 0.933942319061
1.09377886403 0.930541454019
1.09578370154 0.926330859204
1.09778853905 0.917909669575
1.09979337657 0.92212026439
1.10179821408 0.921472480572
1.1038030516 0.914832696441
1.10580788911 0.921310534618
1.10781272662 0.9206627508
1.10981756414 0.910784047581
1.11182240165 0.914508804533
1.11382723917 0.913375182852
1.11583207668 0.911755723308
1.1178369142 0.908516804219
1.11984175171 0.909326533992
1.12184658922 0.913375182852
1.12385142674 0.911593777353
1.12585626425 0.904630101314
1.12786110177 0.907707074447
1.12986593928 0.902848695815
1.1318707768 0.905277885131
1.13387561431 0.891026641144
1.13588045182 0.891188587098
1.13788528934 0.895561127867
1.13989012685 0.891512479007
1.14189496437 0.887787722055
1.14389980188 0.881309883879
1.1459046394 0.886006316557
1.14790947691 0.879690424335
1.14991431442 0.882605451514
1.15191915194 0.879528478381
1.15392398945 0.88098599197
1.15592882697 0.872240910432
1.15793366448 0.872402856387
1.159938502 0.873698424022
1.16194333951 0.876451505247
1.16394817702 0.883739073195
1.16595301454 0.873374532113
1.16795785205 0.870621450888
1.16996268957 0.870459504934
1.17196752708 0.871107288752
1.1739723646 0.85928523408
1.17597720211 0.86074274767
1.17798203962 0.859771071943
1.17998687714 0.860256909806
1.18199171465 0.859123288126
1.18399655217 0.849082638952
1.18600138968 0.848596801089
1.18800622719 0.84827290918
1.19001106471 0.846815395591
1.19201590222 0.845843719864
1.19402073974 0.849406530861
1.19602557725 0.845519827955
1.19803041477 0.846491503682
1.20003525228 0.841795071004
1.20204008979 0.853131287813
1.20404492731 0.844548152229
1.20604976482 0.84017561146
1.20805460234 0.844062314366
1.21005943985 0.826734097244
1.21206427737 0.831592475876
1.21406911488 0.829325232515
1.21607395239 0.82802966488
1.21807878991 0.81847485357
1.22008362742 0.820742096931
1.22208846494 0.817665123798
1.22409330245 0.819284583342
1.22609813997 0.815721772345
1.22810297748 0.81960847525
1.23010781499 0.818312907615
1.23211265251 0.818798745478
1.23411749002 0.808596150351
1.23612232754 0.813130637074
1.23812716505 0.801632474311
1.24013200257 0.803575825764
1.24213684008 0.805681123171
1.24414167759 0.804547501491
1.24614651511 0.803089987901
1.24815135262 0.79790771736
1.25015619014 0.796126311861
1.25216102765 0.791105987275
1.25416586517 0.785599824825
1.25617070268 0.781875067874
1.25817554019 0.7828467436
1.26018037771 0.771996364655
1.26218521522 0.778960040694
1.26419005274 0.778960040694
1.26619489025 0.769729121293
1.26819972777 0.762765445254
1.27020456528 0.778636148786
1.27220940279 0.767299931977
1.27421424031 0.759202634257
1.27621907782 0.762765445254
1.27822391534 0.752077012263
1.28022875285 0.755315931351
1.28223359036 0.75013366081
1.28423842788 0.748028363403
1.28624326539 0.744789444315
1.28824810291 0.740093011637
1.29025294042 0.743817768588
1.29225777794 0.737501876366
1.29426261545 0.738311606138
1.29626745296 0.736692146594
1.29827229048 0.731833767962
1.30027712799 0.731185984145
1.30228196551 0.72551787574
1.30428680302 0.724870091923
1.30629164054 0.725841767649
1.30829647805 0.714181658932
1.31030131556 0.717582523974
1.31230615308 0.708999388391
1.31431099059 0.71482944275
1.31631582811 0.71191441557
1.31832066562 0.712238307479
1.32032550314 0.712076361525
1.32233034065 0.711104685798
1.32433517816 0.706246307166
1.32634001568 0.703493225941
1.32834485319 0.698796793263
1.33034969071 0.695557874175
1.33235452822 0.692157009133
1.33435936574 0.686650846683
1.33636420325 0.685679170956
1.33836904076 0.681630522096
1.34037387828 0.679849116598
1.34237871579 0.686326954774
1.34438355331 0.67661019751
1.34638839082 0.681306630187
1.34839322834 0.677419927282
1.35039806585 0.675800467738
1.35240290336 0.668998737653
1.35440774088 0.663978413066
1.35641257839 0.659929764206
1.35841741591 0.653775817938
1.36042225342 0.655719169391
1.36242709094 0.657824466798
1.36443192845 0.653128034121
1.36643676596 0.66009171016
1.36844160348 0.646812141899
1.37044644099 0.650374952896
1.37245127851 0.654099709847
1.37445611602 0.641629871358
1.37646095353 0.643411276856
1.37846579105 0.636771492726
1.38047062856 0.630455600504
1.38247546608 0.624625546145
1.38448030359 0.622844140647
1.38648514111 0.627864465233
1.38848997862 0.627864465233
1.39049481613 0.617499924151
1.39249965365 0.618309653923
1.39450449116 0.624463600191
1.39650932868 0.606325653297
1.39851416619 0.611345977884
1.40051900371 0.60567786948
1.40252384122 0.609078734522
1.40452867873 0.606001761388
1.40653351625 0.611184031929
1.40853835376 0.608107058796
1.41054319128 0.600981436802
1.41254802879 0.602115058483
1.41455286631 0.594989436489
1.41655770382 0.590778841674
1.41856254133 0.588187706404
1.42056737885 0.591264679537
1.42257221636 0.587054084723
1.42457705388 0.587863814495
1.42658189139 0.570373651419
1.42858672891 0.57004975951
1.43059156642 0.574260354325
1.43259640393 0.568106408057
1.43460124145 0.5715072731
1.43660607896 0.566810840422
1.43861091648 0.567944462103
1.44061575399 0.551749866662
1.44262059151 0.547863163757
1.44462542902 0.557256029112
1.44663026653 0.553369326206
1.44863510405 0.543814514896
1.45063994156 0.552559596434
1.45264477908 0.536041109085
1.45464961659 0.540413649854
1.4566544541 0.533773865723
1.45865929162 0.53069689259
1.46066412913 0.526162405866
1.46266896665 0.531020784498
1.46467380416 0.526486297775
1.46667864168 0.536688892903
1.46868347919 0.53069689259
1.4706883167 0.525676568003
1.47269315422 0.520980135325
1.47469799173 0.513206729514
1.47670282925 0.516769540511
1.47870766676 0.51012975638
1.48071250428 0.509967810426
1.48271734179 0.513206729514
1.4847221793 0.509805864471
1.48672701682 0.506566945383
1.48873185433 0.504785539885
1.49073669185 0.492315701395
1.49274152936 0.487295376809
1.49474636688 0.486809538945
1.49675120439 0.486809538945
1.4987560419 0.482760890085
1.50076087942 0.478550295271
1.50276571693 0.485675917265
1.50477055445 0.485352025356
1.50677539196 0.478550295271
1.50878022948 0.476606943818
1.51078506699 0.483408673903
1.5127899045 0.479521970997
1.51479474202 0.476444997863
1.51679957953 0.461869861967
1.51880441705 0.461869861967
1.52080925456 0.458954834788
1.52281409208 0.45425840211
1.52481892959 0.45830705097
1.5268237671 0.450857537067
1.52882860462 0.451505320885
1.53083344213 0.454744239973
1.53283827965 0.442760239347
1.53484311716 0.444865536754
1.53684795468 0.439521320259
1.53885279219 0.432881536128
1.5408576297 0.427375373678
1.54286246722 0.427699265587
1.54486730473 0.42559396818
1.54687214225 0.431262076584
1.54887697976 0.428508995359
1.55088181727 0.433529319946
1.55288665479 0.430614292766
1.5548914923 0.426241751997
1.55689632982 0.423326724818
1.55890116733 0.420249751684
1.56090600485 0.412314399918
1.56291084236 0.413771913508
1.56491567987 0.417172778551
1.56692051739 0.408103805104
1.5689253549 0.404864886016
1.57093019242 0.404702940061
1.57293502993 0.4024356967
1.57493986745 0.403893210289
1.57694470496 0.403245426472
1.57894954247 0.399358723566
1.58095437999 0.38996585821
1.5829592175 0.385269425533
1.58496405502 0.385107479578
1.58696889253 0.381706614536
1.58897373005 0.379439371174
1.59097856756 0.381706614536
1.59298340507 0.382030506445
1.59498824259 0.385431371487
1.5969930801 0.384783587669
1.59899791762 0.379763263083
1.60100275513 0.372151803226
1.60300759265 0.373123478952
1.60501243016 0.365188127186
1.60701726767 0.362435045961
1.60902210519 0.36826510032
1.6110269427 0.370532343682
1.61303178022 0.370208451773
1.61503661773 0.35725277542
1.61704145525 0.360977532372
1.61904629276 0.353528018469
1.62105113027 0.342353747615
1.62305596779 0.354499694195
1.6250608053 0.347859910065
1.62706564282 0.348669639837
1.62907048033 0.339114828527
1.63107531784 0.34105817998
1.63308015536 0.333284774168
1.63508499287 0.330531692943
1.63708983039 0.333122828214
1.6390946679 0.331665314624
1.64109950542 0.327130827901
1.64310434293 0.334904233712
1.64510918044 0.334580341803
1.64711401796 0.328912233399
1.64911885547 0.325511368357
1.65112369299 0.321300773542
1.6531285305 0.317737962545
1.65513336802 0.319681313998
1.65713820553 0.321786611405
1.65914304304 0.315632665138
1.66114788056 0.318223800408
1.66315271807 0.308668989098
1.66515755559 0.309802610779
1.6671623931 0.297980556108
1.66916723062 0.300733637333
1.67117206813 0.299438069697
1.67317690564 0.302353096877
1.67518174316 0.301543367105
1.67718658067 0.294903582974
1.67919141819 0.302191150922
1.6811962557 0.28923547457
1.68320109322 0.288101852889
1.68520593073 0.289397420524
1.68721076824 0.287939906934
1.68921560576 0.28923547457
1.69122044327 0.285348771664
1.69322528079 0.279356771351
1.6952301183 0.281138176849
1.69723495582 0.270611689813
1.69923979333 0.267696662634
1.70124463084 0.273040879129
1.70324946836 0.26316217591
1.70525430587 0.2646196895
1.70725914339 0.261704662321
1.7092639809 0.2536073646
1.71126881842 0.257332121552
1.71327365593 0.258951581096
1.71527849344 0.255226824144
1.71728333096 0.252797634828
1.71928816847 0.255550716053
1.72129300599 0.25652239178
1.7232978435 0.252797634828
1.72530268101 0.250368445512
1.72730751853 0.247129526424
1.72931235604 0.251664013147
1.73131719356 0.251178175284
1.73332203107 0.250530391467
1.73532686859 0.250854283375
1.7373317061 0.255550716053
1.73933654361 0.248263148105
1.74134138113 0.248425094059
1.74334621864 0.242918931609
1.74535105616 0.236764985342
1.74735589367 0.235469417707
1.74936073119 0.230934930983
1.7513655687 0.236279147479
1.75337040621 0.228991579531
1.75537524373 0.23190660671
1.75738008124 0.233040228391
1.75938491876 0.225428768534
1.76138975627 0.230772985029
1.76339459379 0.221218173719
1.7653994313 0.217979254631
1.76740426881 0.221542065628
1.76940910633 0.213120875999
1.77141394384 0.215226173406
1.77341878136 0.222513741354
1.77542361887 0.21538811936
1.77742845639 0.209234173093
1.7794332939 0.212473092181
1.78143813141 0.216035903178
1.78344296893 0.206804983777
1.78544780644 0.216683686996
1.78745264396 0.203566064689
1.78945748147 0.200327145601
1.79146231899 0.201622713236
1.7934671565 0.198383794148
1.79547199401 0.201298821327
1.79747683153 0.192715685744
1.79948166904 0.200003253692
1.80148650656 0.193201523607
1.80349134407 0.196602388649
1.80549618158 0.198383794148
1.8075010191 0.195306821014
1.80950585661 0.191258172154
1.81151069413 0.186561739476
1.81351553164 0.18267503657
1.81552036916 0.188828982838
1.81752520667 0.182351144662
1.81953004418 0.176521090303
1.8215348817 0.177492766029
1.82353971921 0.173768009078
1.82554455673 0.174901630759
1.82754939424 0.173929955032
1.82955423176 0.174739684804
1.83155906927 0.167452116856
1.83356390678 0.173929955032
1.8355687443 0.1690715764
1.83757358181 0.168747684491
1.83957841933 0.167937954719
1.84158325684 0.166804333039
1.84358809436 0.166642387084
1.84559293187 0.170043252127
1.84759776938 0.168909630446
1.8496026069 0.160650386771
1.85160744441 0.158221197455
1.85361228193 0.162107900361
1.85561711944 0.155953954093
1.85762195696 0.160488440817
1.85962679447 0.15401060264
1.86163163198 0.150771683552
1.8636364695 0.149476115917
1.86564130701 0.158868981273
1.86764614453 0.152553089051
1.86965098204 0.147208872555
1.87165581956 0.150933629507
1.87366065707 0.14996195378
1.87566549458 0.148666386145
1.8776703321 0.153200872868
1.87967516961 0.145103575148
1.88168000713 0.141054926288
1.88368484464 0.145427467057
1.88568968216 0.137168223382
1.88769451967 0.141054926288
1.88969935718 0.139597412698
1.8917041947 0.131824006887
1.89370903221 0.133443466431
1.89571386973 0.136034601701
1.89771870724 0.132795682613
1.89972354475 0.135548763838
1.90172838227 0.126155898483
1.90373321978 0.131985952841
1.9057380573 0.13490098002
1.90774289481 0.135710709792
1.90974773233 0.129070925662
1.91175256984 0.12275503344
1.91375740735 0.118544438625
1.91576224487 0.116277195264
1.91776708238 0.116439141218
1.9197719199 0.116115249309
1.92177675741 0.122269195577
1.92378159493 0.125832006574
1.92578643244 0.124536438938
1.92779126995 0.122107249622
1.92979610747 0.124536438938
1.93180094498 0.121459465805
1.9338057825 0.118058600762
1.93581062001 0.120487790078
1.93781545753 0.118220546717
1.93982029504 0.11724887099
1.94182513255 0.116277195264
1.94382997007 0.111904654495
1.94583480758 0.111256870677
1.9478396451 0.113362168084
1.94984448261 0.117086925036
1.95184932013 0.111094924723
1.95385415764 0.10364541082
1.95585899515 0.106722383954
1.95786383267 0.103807356774
1.95986867018 0.107856005635
1.9618735077 0.0992728700511
1.96387834521 0.0999206538687
1.96588318273 0.101540113413
1.96788802024 0.10105427555
1.96989285775 0.0944144914189
1.97189769527 0.0965197888262
1.97390253278 0.0955481130997
1.9759073703 0.0960339509629
1.97791220781 0.0913375182852
1.97991704532 0.0992728700511
1.98192188284 0.0992728700511
1.98392672035 0.100730383641
1.98593155787 0.0879366532426
1.98793639538 0.0945764373733
1.9899412329 0.0885844370603
1.99194607041 0.0936047616469
1.99395090792 0.0989489781423
1.99595574544 0.0861552477442
1.99796058295 0.0974914645526
1.99996542047 0.0939286535557
2.00197025798 0.0950622752365
2.0039750955 0.086479139653
2.00597993301 0.0876127613338
2.00798477052 0.0840499503369
2.00998960804 0.0832402205649
2.01199444555 0.0850216260633
2.01399928307 0.0817827069752
2.01600412058 0.0775721121606
2.0180089581 0.0767623823886
2.02001379561 0.0817827069752
2.02201863312 0.0859933017898
2.02402347064 0.0814588150664
2.02602830815 0.0736854092549
2.02803314567 0.0735234633005
2.03003798318 0.0704464901668
2.0320428207 0.0741712471181
2.03404765821 0.0787057338415
2.03605249572 0.0753048687989
2.03805733324 0.0720659497108
2.04006217075 0.0748190309357
2.04206700827 0.0707703820756
2.04407184578 0.0735234633005
2.0460766833 0.066559787261
2.04808152081 0.0676934089418
2.05008635832 0.0733615173461
2.05209119584 0.0778960040694
2.05409603335 0.0696367603947
2.05610087087 0.066559787261
2.05810570838 0.0662358953522
2.0601105459 0.0681792468051
2.06211538341 0.0702845442123
2.06412022092 0.067369517033
2.06612505844 0.0638067060361
2.06812989595 0.0607297329024
2.07013473347 0.0685031387139
2.07213957098 0.0670456251242
2.07414440849 0.0641305979449
2.07614924601 0.0547377325893
2.07815408352 0.0618633545832
2.08015892104 0.0592722193127
2.08216375855 0.0638067060361
2.08416859607 0.0595961112215
2.08617343358 0.0578147057231
2.08817827109 0.0595961112215
2.09018310861 0.0594341652671
2.09218794612 0.0514988135012
2.09419278364 0.0602438950392
2.09619762115 0.0558713542702
2.09820245867 0.0623491924464
2.10020729618 0.0550616244981
2.10221213369 0.0560333002246
2.10421697121 0.0545757866349
2.10622180872 0.0583005435863
2.10822664624 0.0531182730453
2.11023148375 0.0602438950392
2.11223632127 0.0524704892276
2.11424115878 0.0560333002246
2.11624599629 0.0487457322763
2.11825083381 0.0477740565499
2.12025567132 0.0536041109085
2.12226050884 0.0498793539571
2.12426534635 0.0468023808234
2.12627018387 0.046640434869
2.12827502138 0.0487457322763
2.13027985889 0.0490696241851
2.13228469641 0.0435634617353
2.13428953392 0.0482598944131
2.13629437144 0.0427537319633
2.13829920895 0.0408103805104
2.14030404647 0.0421059481456
2.14230888398 0.0459926510514
2.14431372149 0.0434015157809
2.14631855901 0.0432395698265
2.14832339652 0.0451829212794
2.15032823404 0.045020975325
2.15233307155 0.0421059481456
2.15433790906 0.0403245426472
2.15634274658 0.0390289750119
2.15834758409 0.0388670290575
2.16035242161 0.0409723264648
2.16235725912 0.0372475695135
2.16436209664 0.0438873536441
2.16636693415 0.0425917860089
2.16837177166 0.0448590293706
2.17037660918 0.0422678941001
2.17238144669 0.041458164328
2.17438628421 0.0417820562368
2.17639112172 0.0338467044709
2.17839595924 0.0364378397414
2.18040079675 0.0442112455529
2.18240563426 0.0344944882885
2.18441047178 0.0344944882885
2.18641530929 0.0385431371487
2.18842014681 0.034656434243
2.19042498432 0.0314175151548
2.19242982184 0.0331989206533
2.19443465935 0.0372475695135
2.19643949686 0.0330369746989
2.19844433438 0.0336847585165
2.20044917189 0.0377334073767
2.20245400941 0.0338467044709
2.20445884692 0.0344944882885
2.20646368444 0.0356281099694
2.20846852195 0.0296361096564
2.21047335946 0.0304458394284
2.21247819698 0.0322272449269
2.21448303449 0.0338467044709
2.21648787201 0.0291502717931
2.21849270952 0.0276927582035
2.22049754704 0.0291502717931
2.22250238455 0.0309316772916
2.22450722206 0.0322272449269
2.22651205958 0.0306077853828
2.22851689709 0.0260732986594
2.23052173461 0.0301219475196
2.23252657212 0.031903353018
2.23453140964 0.0293122177475
2.23653624715 0.0299600015652
2.23854108466 0.029474163702
2.24054592218 0.0244538391154
2.24255075969 0.0257494067506
2.24455559721 0.026721082477
2.24656043472 0.025911352705
2.24856527223 0.0283405420211
2.25057010975 0.0268830284314
2.25257494726 0.025911352705
2.25457978478 0.0291502717931
2.25658462229 0.0275308122491
2.25858945981 0.0265591365226
2.26059429732 0.029474163702
2.26259913483 0.0270449743859
2.26460397235 0.0221865957537
2.26660880986 0.0252635688874
2.26861364738 0.0239680012521
2.27061848489 0.025101622933
2.27262332241 0.0239680012521
2.27462815992 0.0194335145288
2.27663299743 0.0221865957537
2.27863783495 0.0231582714801
2.28064267246 0.0210529740728
2.28264750998 0.0195954604832
2.28465234749 0.0225104876625
2.28665718501 0.0225104876625
2.28866202252 0.0220246497993
2.29066686003 0.0204051902552
2.29267169755 0.0205671362096
2.29467653506 0.0218627038449
2.29668137258 0.0187857307111
2.29868621009 0.0220246497993
2.30069104761 0.0226724336169
2.30269588512 0.0221865957537
2.30470072263 0.0233202174345
2.30670556015 0.0176521090303
2.30871039766 0.0171662711671
2.31071523518 0.0192715685744
2.31272007269 0.0186237847567
2.31472491021 0.0152229197142
2.31672974772 0.0131176223069
2.31873458523 0.0173282171215
2.32073942275 0.0137654061245
2.32274426026 0.0192715685744
2.32474909778 0.0158707035318
2.32675393529 0.0158707035318
2.32875877281 0.0173282171215
2.33076361032 0.0126317844437
2.33276844783 0.0124698384893
2.33477328535 0.0153848656686
2.33677812286 0.0152229197142
2.33878296038 0.0197574064376
2.34078779789 0.0152229197142
2.3427926354 0.0136034601701
2.34479747292 0.0166804333039
2.34680231043 0.0139273520789
2.34880714795 0.0178140549847
2.35081198546 0.0142512439878
2.35281682298 0.021538811936
2.35482166049 0.015546811623
2.356826498 0.0150609737598
2.35883133552 0.0171662711671
2.36083617303 0.0134415142157
2.36284101055 0.011174270854
2.36484584806 0.0124698384893
2.36685068558 0.0126317844437
2.36885552309 0.0144131899422
2.3708603606 0.014737081851
2.37286519812 0.0123078925349
2.37487003563 0.0118220546717
2.37687487315 0.0158707035318
2.37887971066 0.0134415142157
2.38088454818 0.0139273520789
2.38288938569 0.011174270854
2.3848942232 0.0100406491732
2.38689906072 0.0121459465805
2.38890389823 0.00890702749235
2.39090873575 0.0116601087173
2.39291357326 0.00825924367472
2.39491841078 0.0108503789452
2.39692324829 0.0119840006261
2.3989280858 0.0145751358966
2.40093292332 0.010364541082
2.40293776083 0.00939286535557
2.40494259835 0.00923091940116
2.40694743586 0.0100406491732
2.40895227338 0.00631589222185
2.41095711089 0.0113362168084
2.4129619484 0.0077734058115
2.41496678592 0.010364541082
2.41697162343 0.00955481130997
2.41897646095 0.0102025951276
2.42098129846 0.0126317844437
2.42298613597 0.00842118962913
2.42499097349 0.00906897344675
2.426995811 0.00939286535557
2.42900064852 0.0110123248996
2.43100548603 0.00793535176591
2.43301032355 0.00906897344675
2.43501516106 0.00583005435863
2.43701999857 0.00971675726438
2.43902483609 0.00923091940116
2.4410296736 0.00793535176591
2.44303451112 0.00696367603947
2.44503934863 0.0114981627628
2.44704418615 0.00793535176591
2.44904902366 0.00550616244981
2.45105386117 0.00858313558354
2.45305869869 0.00550616244981
2.4550635362 0.00696367603947
2.45706837372 0.00906897344675
2.45907321123 0.00744951390269
2.46107804875 0.00550616244981
2.46308288626 0.00534421649541
2.46508772377 0.00842118962913
2.46709256129 0.00923091940116
2.4690973988 0.00712562199388
2.47110223632 0.00923091940116
2.47310707383 0.00615394626744
2.47511191135 0.00890702749235
2.47711674886 0.00647783817625
2.47912158637 0.00631589222185
2.48112642389 0.005182270541
2.4831312614 0.00712562199388
2.48513609892 0.00680173008507
2.48714093643 0.00631589222185
2.48914577395 0.00631589222185
2.49115061146 0.00453448672338
2.49315544897 0.00793535176591
2.49516028649 0.00712562199388
2.497165124 0.00728756794828
2.49916996152 0.00599200031303
2.50117479903 0.00388670290575
2.50317963655 0.00663978413066
2.50518447406 0.00793535176591
2.50718931157 0.00437254076897
2.50919414909 0.0050203245866
2.5111989866 0.00534421649541
2.51320382412 0.00534421649541
2.51520866163 0.00599200031303
2.51721349914 0.00583005435863
2.51921833666 0.00421059481456
2.52122317417 0.00583005435863
2.52322801169 0.00485837863219
2.5252328492 0.00485837863219
2.52723768672 0.00599200031303
2.52924252423 0.00340086504253
2.53124736174 0.005182270541
2.53325219926 0.00388670290575
2.53525703677 0.00453448672338
2.53726187429 0.00534421649541
2.5392667118 0.00437254076897
2.54127154932 0.00275308122491
2.54327638683 0.00323891908813
2.54528122434 0.00275308122491
2.54728606186 0.00291502717931
2.54929089937 0.00469643267778
2.55129573689 0.00534421649541
2.5533005744 0.00372475695135
2.55530541192 0.0050203245866
2.55731024943 0.00372475695135
2.55931508694 0.00566810840422
2.56131992446 0.00453448672338
2.56332476197 0.00275308122491
2.56532959949 0.005182270541
2.567334437 0.00307697313372
2.56933927452 0.00356281099694
2.57134411203 0.00566810840422
2.57334894954 0.00388670290575
2.57535378706 0.00372475695135
2.57735862457 0.00356281099694
2.57936346209 0.00161945954406
2.5813682996 0.00437254076897
2.58337313712 0.00356281099694
2.58537797463 0.00437254076897
2.58738281214 0.00453448672338
2.58938764966 0.00275308122491
2.59139248717 0.00453448672338
2.59339732469 0.00388670290575
2.5954021622 0.00161945954406
2.59740699971 0.00242918931609
2.59941183723 0.0025911352705
2.60141667474 0.00307697313372
2.60342151226 0.00323891908813
2.60542634977 0.00323891908813
2.60743118729 0.00275308122491
2.6094360248 0.00291502717931
2.61144086231 0.00291502717931
2.61344569983 0.00323891908813
2.61545053734 0.00356281099694
2.61745537486 0.00210529740728
2.61946021237 0.00421059481456
2.62146504989 0.00534421649541
2.6234698874 0.00437254076897
2.62547472491 0.00388670290575
2.62747956243 0.00437254076897
2.62948439994 0.00178140549847
2.63148923746 0.00226724336169
2.63349407497 0.00275308122491
2.63549891249 0.00291502717931
2.63750375 0.00178140549847
2.63950858751 0.00275308122491
2.64151342503 0.00242918931609
2.64351826254 0.00242918931609
2.64552310006 0.0025911352705
2.64752793757 0.00242918931609
2.64953277509 0.00145751358966
2.6515376126 0.00226724336169
2.65354245011 0.00161945954406
2.65554728763 0.00194335145288
2.65755212514 0.00178140549847
2.65955696266 0.00242918931609
2.66156180017 0.00275308122491
2.66356663769 0.00178140549847
2.6655714752 0.00275308122491
2.66757631271 0.00161945954406
2.66958115023 0.00161945954406
2.67158598774 0.00178140549847
2.67359082526 0.00226724336169
2.67559566277 0.00226724336169
2.67760050029 0.00178140549847
2.6796053378 0.00323891908813
2.68161017531 0.00226724336169
2.68361501283 0.00210529740728
2.68561985034 0.00145751358966
2.68762468786 0.00178140549847
2.68962952537 0.0025911352705
2.69163436288 0.00242918931609
2.6936392004 0.00210529740728
2.69564403791 0.000971675726438
2.69764887543 0.00275308122491
2.69965371294 0.000809729772032
2.70165855046 0.00323891908813
2.70366338797 0.00113362168084
2.70566822548 0.00291502717931
2.707673063 0.00275308122491
2.70967790051 0.000971675726438
2.71168273803 0.00161945954406
2.71368757554 0.000323891908813
2.71569241306 0.00145751358966
2.71769725057 0.00226724336169
2.71970208808 0.00145751358966
2.7217069256 0.0025911352705
2.72371176311 0.000971675726438
2.72571660063 0.000485837863219
2.72772143814 0.00226724336169
2.72972627566 0.000647783817625
2.73173111317 0.000971675726438
2.73373595068 0.000647783817625
2.7357407882 0.00226724336169
2.73774562571 0.00161945954406
2.73975046323 0.00194335145288
2.74175530074 0.00178140549847
2.74376013826 0.00242918931609
2.74576497577 0.000809729772032
2.74776981328 0.000323891908813
2.7497746508 0.00161945954406
2.75177948831 0.00210529740728
2.75378432583 0.000809729772032
2.75578916334 0.00161945954406
2.75779400086 0.000323891908813
2.75979883837 0.000161945954406
2.76180367588 0.000485837863219
2.7638085134 0.000971675726438
2.76581335091 0.000323891908813
2.76781818843 0.000971675726438
2.76982302594 0.000161945954406
2.77182786345 0.00210529740728
2.77383270097 0.000809729772032
2.77583753848 0.000809729772032
2.777842376 0.00161945954406
2.77984721351 0.000647783817625
2.78185205103 0.00113362168084
2.78385688854 0.00113362168084
2.78586172605 0.000809729772032
2.78786656357 0.000323891908813
2.78987140108 0.000323891908813
2.7918762386 0.00113362168084
2.79388107611 0.000323891908813
2.79588591363 0.000323891908813
2.79789075114 0.000485837863219
2.79989558865 0.000485837863219
2.80190042617 0.000647783817625
2.80390526368 0.000485837863219
2.8059101012 0.000485837863219
2.80791493871 0.00113362168084
2.80991977623 0.000971675726438
2.81192461374 0.000647783817625
2.81392945125 0.000485837863219
2.81593428877 0.000971675726438
2.81793912628 0.000323891908813
2.8199439638 0.000647783817625
2.82194880131 0.000809729772032
2.82395363883 0.000647783817625
2.82595847634 0.000647783817625
2.82796331385 0.000485837863219
2.82996815137 0.0
2.83197298888 0.000323891908813
2.8339778264 0.000971675726438
2.83598266391 0.000323891908813
2.83798750143 0.000485837863219
2.83999233894 0.000809729772032
2.84199717645 0.000971675726438
2.84400201397 0.00113362168084
2.84600685148 0.000485837863219
2.848011689 0.000647783817625
2.85001652651 0.000161945954406
2.85202136403 0.00113362168084
2.85402620154 0.000647783817625
2.85603103905 0.000323891908813
2.85803587657 0.0
2.86004071408 0.000647783817625
2.8620455516 0.000323891908813
2.86405038911 0.000323891908813
2.86605522662 0.0
2.86806006414 0.00194335145288
2.87006490165 0.0
2.87206973917 0.000161945954406
2.87407457668 0.000809729772032
2.8760794142 0.000161945954406
2.87808425171 0.00113362168084
2.88008908922 0.0
2.88209392674 0.0
2.88409876425 0.0
2.88610360177 0.000323891908813
2.88810843928 0.000323891908813
2.8901132768 0.000161945954406
2.89211811431 0.000485837863219
2.89412295182 0.0
2.89612778934 0.0
2.89813262685 0.000971675726438
2.90013746437 0.000161945954406
2.90214230188 0.000647783817625
2.9041471394 0.000647783817625
2.90615197691 0.000485837863219
2.90815681442 0.000161945954406
2.91016165194 0.000323891908813
2.91216648945 0.000485837863219
2.91417132697 0.000485837863219
2.91617616448 0.000809729772032
2.918181002 0.000161945954406
2.92018583951 0.000161945954406
2.92219067702 0.0
2.92419551454 0.0
2.92620035205 0.000323891908813
2.92820518957 0.0
2.93021002708 0.0
2.9322148646 0.0
2.93421970211 0.000971675726438
2.93622453962 0.0
2.93822937714 0.000323891908813
2.94023421465 0.0
2.94223905217 0.0
2.94424388968 0.0
2.94624872719 0.0
2.94825356471 0.0
2.95025840222 0.000323891908813
2.95226323974 0.000809729772032
2.95426807725 0.000485837863219
2.95627291477 0.0
2.95827775228 0.0
2.96028258979 0.0
2.96228742731 0.000323891908813
2.96429226482 0.000323891908813
2.96629710234 0.000323891908813
2.96830193985 0.0
2.97030677737 0.0
2.97231161488 0.0
2.97431645239 0.000809729772032
2.97632128991 0.000161945954406
2.97832612742 0.0
2.98033096494 0.000323891908813
2.98233580245 0.000323891908813
2.98434063997 0.0
2.98634547748 0.000323891908813
2.98835031499 0.0
2.99035515251 0.0
2.99235999002 0.0
2.99436482754 0.000323891908813
2.99636966505 0.0
2.99837450257 0.000809729772032
3.00037934008 0.000323891908813
3.00238417759 0.000971675726438
3.00438901511 0.000323891908813
3.00639385262 0.000485837863219
3.00839869014 0.000323891908813
3.01040352765 0.0
3.01240836517 0.0
3.01441320268 0.0
3.01641804019 0.0
3.01842287771 0.0
3.02042771522 0.0
3.02243255274 0.0
3.02443739025 0.0
3.02644222777 0.000323891908813
3.02844706528 0.0
3.03045190279 0.000161945954406
3.03245674031 0.000485837863219
3.03446157782 0.0
3.03646641534 0.0
3.03847125285 0.000323891908813
3.04047609036 0.000161945954406
3.04248092788 0.000161945954406
3.04448576539 0.0
3.04649060291 0.000161945954406
3.04849544042 0.000161945954406
3.05050027794 0.000647783817625
3.05250511545 0.0
3.05450995296 0.0
3.05651479048 0.0
3.05851962799 0.0
3.06052446551 0.000647783817625
3.06252930302 0.0
3.06453414054 0.0
3.06653897805 0.0
3.06854381556 0.0
3.07054865308 0.000161945954406
3.07255349059 0.000161945954406
3.07455832811 0.0
3.07656316562 0.0
3.07856800314 0.0
3.08057284065 0.000161945954406
3.08257767816 0.000485837863219
3.08458251568 0.0
3.08658735319 0.000323891908813
3.08859219071 0.000323891908813
3.09059702822 0.0
3.09260186574 0.0
3.09460670325 0.0
3.09661154076 0.000323891908813
3.09861637828 0.0
3.10062121579 0.0
3.10262605331 0.0
3.10463089082 0.000323891908813
3.10663572834 0.000161945954406
3.10864056585 0.000161945954406
3.11064540336 0.0
3.11265024088 0.0
3.11465507839 0.0
3.11665991591 0.0
3.11866475342 0.0
3.12066959094 0.0
3.12267442845 0.0
3.12467926596 0.000161945954406
3.12668410348 0.000161945954406
3.12868894099 0.0
3.13069377851 0.0
3.13269861602 0.000161945954406
3.13470345353 0.000161945954406
3.13670829105 0.0
3.13871312856 0.0
3.14071796608 0.0
3.14272280359 0.0
3.14472764111 0.0
3.14673247862 0.0
3.14873731613 0.0
3.15074215365 0.0
3.15274699116 0.0
3.15475182868 0.0
3.15675666619 0.0
3.15876150371 0.000323891908813
3.16076634122 0.0
3.16277117873 0.0
3.16477601625 0.0
3.16678085376 0.0
3.16878569128 0.0
3.17079052879 0.0
3.17279536631 0.0
3.17480020382 0.0
3.17680504133 0.0
3.17880987885 0.0
3.18081471636 0.0
3.18281955388 0.0
3.18482439139 0.0
3.18682922891 0.0
3.18883406642 0.0
3.19083890393 0.0
3.19284374145 0.0
3.19484857896 0.0
3.19685341648 0.0
3.19885825399 0.0
3.20086309151 0.0
3.20286792902 0.0
3.20487276653 0.0
3.20687760405 0.0
3.20888244156 0.0
3.21088727908 0.0
3.21289211659 0.0
3.2148969541 0.0
3.21690179162 0.0
3.21890662913 0.0
3.22091146665 0.000161945954406
3.22291630416 0.000161945954406
3.22492114168 0.0
3.22692597919 0.0
3.2289308167 0.0
3.23093565422 0.0
3.23294049173 0.0
3.23494532925 0.0
3.23695016676 0.0
3.23895500428 0.0
3.24095984179 0.0
3.2429646793 0.0
3.24496951682 0.0
3.24697435433 0.0
3.24897919185 0.0
3.25098402936 0.0
3.25298886688 0.0
3.25499370439 0.0
3.2569985419 0.0
3.25900337942 0.0
3.26100821693 0.0
3.26301305445 0.0
3.26501789196 0.0
3.26702272948 0.0
3.26902756699 0.0
3.2710324045 0.0
3.27303724202 0.0
3.27504207953 0.0
3.27704691705 0.0
3.27905175456 0.000323891908813
3.28105659208 0.0
3.28306142959 0.0
3.2850662671 0.0
3.28707110462 0.0
3.28907594213 0.0
3.29108077965 0.0
3.29308561716 0.0
3.29509045468 0.0
3.29709529219 0.0
3.2991001297 0.0
3.30110496722 0.0
3.30310980473 0.0
3.30511464225 0.0
3.30711947976 0.0
3.30912431727 0.0
3.31112915479 0.0
3.3131339923 0.0
3.31513882982 0.0
3.31714366733 0.0
3.31914850485 0.0
3.32115334236 0.0
3.32315817987 0.0
3.32516301739 0.0
3.3271678549 0.0
3.32917269242 0.0
3.33117752993 0.0
3.33318236745 0.0
3.33518720496 0.0
3.33719204247 0.0
3.33919687999 0.0
3.3412017175 0.0
3.34320655502 0.0
3.34521139253 0.0
3.34721623005 0.0
3.34922106756 0.0
3.35122590507 0.0
3.35323074259 0.0
3.3552355801 0.0
3.35724041762 0.0
3.35924525513 0.0
3.36125009265 0.0
3.36325493016 0.0
3.36525976767 0.0
3.36726460519 0.000323891908813
3.3692694427 0.0
3.37127428022 0.0
3.37327911773 0.0
3.37528395525 0.0
3.37728879276 0.0
3.37929363027 0.0
3.38129846779 0.000323891908813
3.3833033053 0.0
3.38530814282 0.0
3.38731298033 0.0
3.38931781784 0.0
3.39132265536 0.0
3.39332749287 0.0
3.39533233039 0.0
3.3973371679 0.0
3.39934200542 0.0
3.40134684293 0.0
3.40335168044 0.0
3.40535651796 0.0
3.40736135547 0.0
3.40936619299 0.0
3.4113710305 0.0
3.41337586802 0.0
3.41538070553 0.0
3.41738554304 0.0
3.41939038056 0.0
3.42139521807 0.0
3.42340005559 0.0
3.4254048931 0.0
3.42740973062 0.0
3.42941456813 0.0
3.43141940564 0.0
3.43342424316 0.0
3.43542908067 0.0
3.43743391819 0.0
3.4394387557 0.0
3.44144359322 0.0
3.44344843073 0.0
3.44545326824 0.0
3.44745810576 0.0
3.44946294327 0.0
3.45146778079 0.0
3.4534726183 0.0
3.45547745582 0.0
3.45748229333 0.0
3.45948713084 0.0
3.46149196836 0.0
3.46349680587 0.0
3.46550164339 0.0
3.4675064809 0.0
3.46951131842 0.0
3.47151615593 0.0
3.47352099344 0.0
3.47552583096 0.0
3.47753066847 0.0
3.47953550599 0.0
3.4815403435 0.0
3.48354518101 0.0
3.48555001853 0.0
3.48755485604 0.0
3.48955969356 0.0
3.49156453107 0.0
3.49356936859 0.0
3.4955742061 0.0
3.49757904361 0.0
3.49958388113 0.0
3.50158871864 0.0
3.50359355616 0.0
3.50559839367 0.0
3.50760323119 0.0
3.5096080687 0.0
3.51161290621 0.0
3.51361774373 0.0
3.51562258124 0.000161945954406
