0.10 1.50119650958603439680435e-8
0.11 2.13996889019347824518772e-8
0.12 3.76197489354427931667791e-8
0.13 6.65030431925733166059495e-8
0.14 1.19210395864438772573511e-7
0.15 2.19715190677532544212250e-7
0.16 4.28014384675017301130669e-7
0.17 9.48040550478906235097980e-7
0.18 3.5897262052906456e-06
0.19 0.013017964827843996
0.2 0.02023345898732753
0.21000000000000002 0.025343528291311875
0.22000000000000003 0.029449967841498302
0.23000000000000004 0.032915903666829366
0.24000000000000005 0.035912573288103294
0.25000000000000006 0.03853459463244272
0.26000000000000006 0.040838601123214996
0.2700000000000001 0.0428595375123876
0.2800000000000001 0.04461851218449253
0.2900000000000001 0.04612692558206371
0.3000000000000001 0.047388682220128694
0.3100000000000001 0.048401319714992
0.3200000000000001 0.049156423443515534
0.3300000000000001 0.04963947964908163
0.34000000000000014 0.049829184618833525
0.35000000000000014 0.04969610653349871
0.36000000000000015 0.04920044340481383
0.37000000000000016 0.04828834615437094
0.38000000000000017 0.04688580324245668
0.3900000000000002 0.044887845387805284
0.4000000000000002 0.04213795907316717
0.4100000000000002 0.0383838295483432
0.4200000000000002 0.033163063719731
0.4300000000000002 0.025395512546724404
0.4400000000000002 0.009699050859243262
0.45000000000000023 0.000876464883933707
0.46000000000000024 0.0011244875750371964
0.47000000000000025 0.0015070024937125347
0.48000000000000026 0.0020229482219172633
0.49000000000000027 0.002699613668241177
0.5000000000000002 0.0035751464324454184
0.5100000000000002 0.004697091720822149
0.5200000000000002 0.006123006549704831
0.5300000000000002 0.007921600447502387
0.5400000000000003 0.010174073287209583
0.5500000000000003 0.012975537428560904
0.5600000000000003 0.016436459562450437
0.5700000000000003 0.020684066505260203
0.5800000000000003 0.025863656627947183
0.5900000000000003 0.03213975230866247
0.6000000000000003 0.039697021510773395
0.6100000000000003 0.04874088918596827
0.6200000000000003 0.059497753435204255
0.6300000000000003 0.07221471633529628
0.6400000000000003 0.08715873772533189
0.6500000000000004 0.1046151208396163
0.6600000000000004 0.12488524377716587
0.6700000000000004 0.148283459675809
0.6800000000000004 0.1751331029084149
0.6900000000000004 0.2057615577235394
0.7000000000000004 0.24049437074510113
0.7100000000000004 0.2796484187902223
0.7200000000000004 0.32352417840217496
0.7300000000000004 0.37239718251757203
0.7400000000000004 0.4265087916365254
0.7500000000000004 0.4860564503722644
0.7600000000000005 0.5511836434799456
0.7700000000000005 0.621969806571918
0.7800000000000005 0.698420483391677
0.7900000000000005 0.7804580515895098
0.8000000000000005 0.8679133603319733
0.8100000000000005 0.9605186334206404
0.8200000000000005 1.0579019895013575
0.8300000000000005 1.1595839146341504
0.8400000000000005 1.2649759919047825
0.8500000000000005 1.3733821462420792
0.8600000000000005 1.4840026026246083
0.8700000000000006 1.5959406819261197
0.8800000000000006 1.7082124736794515
0.8900000000000006 1.819759331702192
0.9000000000000006 1.9294630396979935
0.9100000000000006 2.036163394293978
0.9200000000000006 2.1386778555375505
0.9300000000000006 2.2358228255842256
0.9400000000000006 2.326436036939381
0.9500000000000006 2.4093994701664108
0.9600000000000006 2.483662175453716
0.9700000000000006 2.5482623509653615
0.9800000000000006 2.602348031537478
0.9900000000000007 2.645195766565037
1.0000000000000007 2.67622671504336
1.0100000000000007 2.6950196572460414
1.0200000000000007 2.7013205145404457
1.0300000000000007 2.6950480760230664
1.0400000000000007 2.6762957521753337
1.0500000000000007 2.6453293020259276
1.0600000000000007 2.602580610910166
1.0700000000000007 2.5486377216665304
1.0800000000000007 2.4842314401221377
1.0900000000000007 2.410218940364874
1.1000000000000008 2.327564882230801
1.1100000000000008 2.237320620541594
1.1200000000000008 2.1406021294113793
1.1300000000000008 2.0385672848380825
1.1400000000000008 1.932393145292645
1.1500000000000008 1.8232538429118061
1.1600000000000008 1.7122996508039392
1.1700000000000008 1.6006377261963793
1.1800000000000008 1.4893149495313551
1.1900000000000008 1.3793031893633343
1.2000000000000008 1.271487226553508
1.2100000000000009 1.1666554729958716
1.2200000000000009 1.0654935239941332
1.2300000000000009 0.9685804930507173
1.2400000000000009 0.8763879964977261
1.2500000000000009 0.7892815850182134
1.260000000000001 0.7075243644979969
1.270000000000001 0.6312825001109547
1.280000000000001 0.5606322793930739
1.290000000000001 0.49556838674899256
1.300000000000001 0.43601304704548954
1.310000000000001 0.3818257056179238
1.320000000000001 0.3328129337180443
1.330000000000001 0.288738278132007
1.340000000000001 0.24933180922704012
1.350000000000001 0.214299161182783
1.360000000000001 0.1833298994768079
1.370000000000001 0.15610509226170982
1.380000000000001 0.13230400179067633
1.390000000000001 0.11160985037122954
1.400000000000001 0.09371464738485394
1.410000000000001 0.07832309484717263
1.420000000000001 0.06515561224924793
1.430000000000001 0.053950541637090135
1.440000000000001 0.04446560832282023
1.450000000000001 0.03647872257175667
1.460000000000001 0.02978821320701369
1.470000000000001 0.024212585529143862
1.480000000000001 0.01958989434844963
1.490000000000001 0.01577681818965863
1.500000000000001 0.012647514059739297
1.5100000000000011 0.01009232390375513
1.5200000000000011 0.008016394667250504
1.5300000000000011 0.00633826431124648
1.5400000000000011 0.004988456608305072
1.5500000000000012 0.003908118482450779
1.5600000000000012 0.003047725293962892
1.5700000000000012 0.0023658720154570087
1.5800000000000012 0.001828161799229393
1.5900000000000012 0.0014061980097366037
1.6000000000000012 0.0010766814051110683
1.6100000000000012 0.0008206106931872251
1.6200000000000012 0.0006225821131900178
1.6300000000000012 0.000470181828425482
1.6400000000000012 0.000353464313532458
1.6500000000000012 0.00026450361742580924
1.6600000000000013 0.00019702205202649418
1.6700000000000013 0.0001461045524110112
1.6800000000000013 0.00010799106695194827
1.6900000000000013 0.00007957450872915801
1.7000000000000013 0.00006193781888322615
