0.00214800102302 0.000179113636766
0.00360800306905 0.000179113636766
0.00506800511509 0.0
0.00652800716113 0.000179113636766
0.00798800920716 0.00107468182059
0.0094480112532 0.000716454547062
0.0109080132992 0.000716454547062
0.0123680153453 0.000716454547062
0.0138280173913 0.000895568183828
0.0152880194373 0.000358227273531
0.0167480214834 0.000537340910297
0.0182080235294 0.000358227273531
0.0196680255754 0.000895568183828
0.0211280276215 0.000179113636766
0.0225880296675 0.000895568183828
0.0240480317136 0.00214936364119
0.0255080337596 0.00125379545736
0.0269680358056 0.00125379545736
0.0284280378517 0.00197025000442
0.0298880398977 0.00125379545736
0.0313480419437 0.00125379545736
0.0328080439898 0.00179113636766
0.0342680460358 0.00179113636766
0.0357280480818 0.000716454547062
0.0371880501279 0.00179113636766
0.0386480521739 0.000895568183828
0.0401080542199 0.000895568183828
0.041568056266 0.00179113636766
0.043028058312 0.00197025000442
0.0444880603581 0.000895568183828
0.0459480624041 0.00197025000442
0.0474080644501 0.00197025000442
0.0488680664962 0.00232847727795
0.0503280685422 0.00232847727795
0.0517880705882 0.00214936364119
0.0532480726343 0.00161202273089
0.0547080746803 0.00286581818825
0.0561680767263 0.00268670455148
0.0576280787724 0.00107468182059
0.0590880808184 0.00179113636766
0.0605480828645 0.00197025000442
0.0620080849105 0.00143290909412
0.0634680869565 0.00322404546178
0.0649280890026 0.00304493182501
0.0663880910486 0.00304493182501
0.0678480930946 0.00268670455148
0.0693080951407 0.00161202273089
0.0707680971867 0.00214936364119
0.0722280992327 0.0046569545559
0.0736881012788 0.00411961364561
0.0751481033248 0.00358227273531
0.0766081053708 0.0046569545559
0.0780681074169 0.00250759091472
0.0795281094629 0.0046569545559
0.080988111509 0.00447784091914
0.082448113555 0.00555252273973
0.083908115601 0.0051942954662
0.0853681176471 0.00555252273973
0.0868281196931 0.00394050000884
0.0882881217391 0.00555252273973
0.0897481237852 0.0046569545559
0.0912081258312 0.00734365910739
0.0926681278772 0.00752277274415
0.0941281299233 0.00806011365445
0.0955881319693 0.00823922729122
0.0970481340153 0.00841834092798
0.0985081360614 0.00823922729122
0.0999681381074 0.0103885909324
0.101428140153 0.00967213638534
0.102888142199 0.0112841591162
0.104348144246 0.00949302274857
0.105808146292 0.0112841591162
0.107268148338 0.0121797273001
0.108728150384 0.0125379545736
0.11018815243 0.0134335227574
0.111648154476 0.0137917500309
0.113108156522 0.0171949091295
0.114568158568 0.0164784545824
0.116028160614 0.0148664318515
0.11748816266 0.0177322500398
0.118948164706 0.0188069318604
0.120408166752 0.0166575682192
0.121868168798 0.0211354091383
0.123328170844 0.019881613681
0.12478817289 0.0209562955016
0.126248174936 0.0223892045957
0.127708176982 0.0250759091472
0.129168179028 0.0241803409634
0.130628181074 0.0268670455148
0.13208818312 0.0281208409722
0.133548185166 0.0291955227928
0.135008187212 0.0274043864251
0.136468189258 0.0248967955104
0.137928191304 0.0291955227928
0.13938819335 0.0322404546178
0.140848195396 0.0236430000531
0.142308197442 0.0277626136987
0.143768199488 0.0345689318958
0.145228201535 0.0338524773487
0.146688203581 0.0325986818913
0.148148205627 0.0342107046222
0.149608207673 0.0390467728149
0.151068209719 0.035106272806
0.152528211765 0.0399423409987
0.153988213811 0.0394050000884
0.155448215857 0.0381512046311
0.156908217903 0.0385094319046
0.158368219949 0.0410170228193
0.159828221995 0.0442410682811
0.161288224041 0.0388676591781
0.162748226087 0.0401214546355
0.164208228133 0.0456739773752
0.165668230179 0.0406587955458
0.167128232225 0.0433455000973
0.168588234271 0.0456739773752
0.170048236317 0.0445992955546
0.171508238363 0.043524613734
0.172968240409 0.0503309319311
0.174428242455 0.0456739773752
0.175888244501 0.0444201819179
0.177348246547 0.0467486591958
0.178808248593 0.0462113182855
0.180268250639 0.0490771364738
0.181728252685 0.0490771364738
0.183188254731 0.0499727046576
0.184648256777 0.048898022837
0.186108258824 0.0453157501017
0.18756826087 0.0490771364738
0.189028262916 0.0514056137517
0.190488264962 0.0499727046576
0.191948267008 0.0574954774017
0.193408269054 0.0510473864782
0.1948682711 0.0539132046664
0.196328273146 0.0544505455767
0.197788275192 0.0514056137517
0.199248277238 0.0535549773929
0.200708279284 0.0585701592223
0.20216828133 0.0551670001238
0.203628283376 0.0571372501282
0.205088285422 0.0510473864782
0.206548287468 0.0587492728591
0.208008289514 0.0548087728503
0.20946829156 0.054987886487
0.210928293606 0.0612568637738
0.212388295652 0.0576745910385
0.213848297698 0.0616150910474
0.215308299744 0.0585701592223
0.21676830179 0.0571372501282
0.218228303836 0.0632271137782
0.219688305882 0.0601821819532
0.221148307928 0.0605404092268
0.222608309974 0.0587492728591
0.22406831202 0.0668093865136
0.225528314066 0.0691378637915
0.226988316113 0.0617942046841
0.228448318159 0.0591075001326
0.229908320205 0.0598239546797
0.231368322251 0.063406227415
0.232828324297 0.0621524319576
0.234288326343 0.0625106592312
0.235748328389 0.063406227415
0.237208330435 0.0594657274062
0.238668332481 0.0639435683253
0.240128334527 0.0677049546974
0.241588336573 0.0628688865047
0.243048338619 0.0669885001503
0.244508340665 0.0680631819709
0.245968342711 0.071824568343
0.247428344757 0.0644809092356
0.248888346803 0.0678840683341
0.250348348849 0.0617942046841
0.251808350895 0.0659138183297
0.253268352941 0.0650182501459
0.254728354987 0.0673467274238
0.256188357033 0.0684214092444
0.257648359079 0.0702125456121
0.259108361125 0.0650182501459
0.260568363171 0.0682422956077
0.262028365217 0.0720036819798
0.263488367263 0.0693169774283
0.264948369309 0.0653764774194
0.266408371355 0.0686005228812
0.267868373402 0.0696752047018
0.269328375448 0.0739739319842
0.270788377494 0.068779636518
0.27224837954 0.0732574774371
0.273708381586 0.0720036819798
0.275168383632 0.0686005228812
0.276628385678 0.0746903865312
0.278088387724 0.0728992501636
0.27954838977 0.0727201365268
0.281008391816 0.0720036819798
0.282468393862 0.0680631819709
0.283928395908 0.0727201365268
0.285388397954 0.0752277274415
0.2868484 0.0750486138048
0.288308402046 0.0764815228989
0.289768404092 0.0750486138048
0.291228406138 0.0711081137959
0.292688408184 0.0768397501724
0.29414841023 0.0757650683518
0.295608412276 0.0788100001768
0.297068414322 0.0727201365268
0.298528416368 0.0732574774371
0.299988418414 0.0793473410871
0.30144842046 0.0712872274327
0.302908422506 0.074869500168
0.304368424552 0.0723619092533
0.305828426598 0.0770188638092
0.307288428645 0.0736157047106
0.308748430691 0.0730783638003
0.310208432737 0.0780935456298
0.311668434783 0.0791682274504
0.313128436829 0.0791682274504
0.314588438875 0.0745112728945
0.316048440921 0.0759441819886
0.317508442967 0.0757650683518
0.318968445013 0.0841834092798
0.320428447059 0.0743321592577
0.321888449105 0.0696752047018
0.323348451151 0.0804220229077
0.324808453197 0.077197977446
0.326268455243 0.0789891138136
0.327728457289 0.0780935456298
0.329188459335 0.0807802501813
0.330648461381 0.0834669547327
0.332108463427 0.0759441819886
0.333568465473 0.077197977446
0.335028467519 0.0784517729033
0.336488469565 0.0746903865312
0.337948471611 0.0793473410871
0.339408473657 0.0859745456475
0.340868475703 0.0761232956254
0.342328477749 0.0789891138136
0.343788479795 0.080242909271
0.345248481841 0.0780935456298
0.346708483887 0.0773770910827
0.348168485934 0.0754068410783
0.34962848798 0.0754068410783
0.351088490026 0.0788100001768
0.352548492072 0.0798846819974
0.354008494118 0.077197977446
0.355468496164 0.0777353183563
0.35692849821 0.0816758183651
0.358388500256 0.0766606365357
0.359848502302 0.0782726592665
0.361308504348 0.0825713865489
0.362768506394 0.0793473410871
0.36422850844 0.0820340456386
0.365688510486 0.0759441819886
0.367148512532 0.0813175910916
0.368608514578 0.0791682274504
0.370068516624 0.0754068410783
0.37152851867 0.0784517729033
0.372988520716 0.0798846819974
0.374448522762 0.0788100001768
0.375908524808 0.0750486138048
0.377368526854 0.0811384774548
0.3788285289 0.0784517729033
0.380288530946 0.0773770910827
0.381748532992 0.0777353183563
0.383208535038 0.0806011365445
0.384668537084 0.0757650683518
0.38612853913 0.0712872274327
0.387588541176 0.0635853410518
0.389048543223 0.0789891138136
0.390508545269 0.0813175910916
0.391968547315 0.0820340456386
0.393428549361 0.0770188638092
0.394888551407 0.0727201365268
0.396348553453 0.0725410228901
0.397808555499 0.0721827956165
0.399268557545 0.0775562047195
0.400728559591 0.0793473410871
0.402188561637 0.0780935456298
0.403648563683 0.0716454547062
0.405108565729 0.0693169774283
0.406568567775 0.0766606365357
0.408028569821 0.0662720456033
0.409488571867 0.0746903865312
0.410948573913 0.0791682274504
0.412408575959 0.0746903865312
0.413868578005 0.0669885001503
0.415328580051 0.0668093865136
0.416788582097 0.0759441819886
0.418248584143 0.0712872274327
0.419708586189 0.0734365910739
0.421168588235 0.0773770910827
0.422628590281 0.0709290001592
0.424088592327 0.0628688865047
0.425548594373 0.0686005228812
0.427008596419 0.0736157047106
0.428468598465 0.0643017955988
0.429928600512 0.0659138183297
0.431388602558 0.0673467274238
0.432848604604 0.0651973637827
0.43430860665 0.0673467274238
0.435768608696 0.0689587501547
0.437228610742 0.0705707728856
0.438688612788 0.0643017955988
0.440148614834 0.0598239546797
0.44160861688 0.0635853410518
0.443068618926 0.0677049546974
0.444528620972 0.0592866137694
0.445988623018 0.0678840683341
0.447448625064 0.0605404092268
0.44890862711 0.0614359774106
0.450368629156 0.0628688865047
0.451828631202 0.0589283864959
0.453288633248 0.0653764774194
0.454748635294 0.0617942046841
0.45620863734 0.0605404092268
0.457668639386 0.0531967501194
0.459128641432 0.0600030683165
0.460588643478 0.0669885001503
0.462048645524 0.0557043410341
0.46350864757 0.051942954662
0.464968649616 0.0639435683253
0.466428651662 0.0591075001326
0.467888653708 0.0621524319576
0.469348655754 0.057316363765
0.470808657801 0.0601821819532
0.472268659847 0.063406227415
0.473728661893 0.0625106592312
0.475188663939 0.0592866137694
0.476648665985 0.0601821819532
0.478108668031 0.0614359774106
0.479568670077 0.0630480001415
0.481028672123 0.0632271137782
0.482488674169 0.0666302728768
0.483948676215 0.0659138183297
0.485408678261 0.0660929319665
0.486868680307 0.0669885001503
0.488328682353 0.0655555910562
0.489788684399 0.0693169774283
0.491248686445 0.0682422956077
0.492708688491 0.0764815228989
0.494168690537 0.0720036819798
0.495628692583 0.0761232956254
0.497088694629 0.0757650683518
0.498548696675 0.0766606365357
0.500008698721 0.0814967047283
0.501468700767 0.0831087274592
0.502928702813 0.0788100001768
0.504388704859 0.0797055683607
0.505848706905 0.086332772921
0.507308708951 0.0881239092887
0.508768710997 0.0800637956342
0.510228713043 0.0877656820151
0.51168871509 0.0888403638357
0.513148717136 0.0904523865666
0.514608719182 0.0888403638357
0.516068721228 0.0922435229343
0.517528723274 0.0927808638446
0.51898872532 0.0927808638446
0.520448727366 0.0951093411225
0.521908729412 0.0995871820416
0.523368731458 0.0999454093152
0.524828733504 0.0997662956784
0.52628873555 0.104244136598
0.527748737596 0.107468182059
0.529208739642 0.0992289547681
0.530668741688 0.109259318427
0.532128743734 0.106214386602
0.53358874578 0.114811841167
0.535048747826 0.113916272983
0.536508749872 0.10908020479
0.537968751918 0.119468795723
0.539428753964 0.121439045727
0.54088875601 0.116065636624
0.542348758056 0.123946636642
0.543808760102 0.129857386655
0.545268762148 0.121618159364
0.546728764194 0.132723204843
0.54818876624 0.132006750296
0.549648768286 0.131648523023
0.551108770332 0.132723204843
0.552568772379 0.141141545771
0.554028774425 0.127708023014
0.555488776471 0.137021932126
0.556948778517 0.147947863968
0.558408780563 0.147410523058
0.559868782609 0.144902932143
0.561328784655 0.143649136686
0.562788786701 0.150276341246
0.564248788747 0.151530136704
0.565708790793 0.158694682174
0.567168792839 0.159232023085
0.568628794885 0.15009722761
0.570088796931 0.173202886752
0.571548798977 0.161023159452
0.573008801023 0.164963659461
0.574468803069 0.172128204932
0.575928805115 0.171411750385
0.577388807161 0.176426932214
0.578848809207 0.170516182201
0.580308811253 0.186994636783
0.581768813299 0.183233250411
0.583228815345 0.180009204949
0.584688817391 0.18771109133
0.586148819437 0.185382614052
0.587608821483 0.192188932249
0.589068823529 0.192368045886
0.590528825575 0.204547773186
0.591988827621 0.202219295908
0.593448829668 0.206697136827
0.594908831714 0.213324341388
0.59636883376 0.207771818648
0.597828835806 0.211891432294
0.599288837852 0.21708572776
0.600748839898 0.21708572776
0.602208841944 0.221205341405
0.60366884399 0.229444568697
0.605128846036 0.229623682333
0.606588848082 0.234280636889
0.608048850128 0.238042023261
0.609508852174 0.237683795988
0.61096885422 0.238042023261
0.612428856266 0.252371114203
0.613888858312 0.248788841467
0.615348860358 0.259893886947
0.616808862404 0.254520477844
0.61826886445 0.262401477862
0.619728866496 0.258640091489
0.621188868542 0.265983750597
0.622648870588 0.275118546072
0.624108872634 0.276014114256
0.62556887468 0.273148296067
0.627028876726 0.287656500645
0.628488878772 0.282103977906
0.629948880818 0.290880546107
0.631408882864 0.291059659744
0.63286888491 0.293746364296
0.634328886957 0.299119773398
0.635788889003 0.302881159771
0.637248891049 0.302881159771
0.638708893095 0.31953872799
0.640168895141 0.315777341618
0.641628897187 0.327419728007
0.643088899233 0.31398620525
0.644548901279 0.327419728007
0.646008903325 0.335121614388
0.647468905371 0.335838068935
0.648928907417 0.343539955316
0.650388909463 0.34336084168
0.651848911509 0.365570932639
0.653308913555 0.351420955334
0.654768915601 0.356794364437
0.656228917647 0.368615864464
0.657688919693 0.367003841733
0.659148921739 0.378108887212
0.660608923785 0.374168387203
0.662068925831 0.385094319046
0.663528927877 0.384915205409
0.664988929923 0.389393046328
0.666448931969 0.391900637243
0.667908934015 0.400856319081
0.669368936061 0.391900637243
0.670828938107 0.405692387274
0.672288940153 0.418230341848
0.673748942199 0.407841750915
0.675208944246 0.429335387327
0.676668946292 0.420917046399
0.678128948338 0.423782864587
0.679588950384 0.445634728273
0.68104895243 0.448500546461
0.682508954476 0.436858160071
0.683968956522 0.461575841945
0.685428958568 0.452261932833
0.686888960614 0.473039114698
0.68834896266 0.473934682882
0.689808964706 0.477696069254
0.691268966752 0.485577069271
0.692728968798 0.478412523801
0.694188970844 0.488622001096
0.69564897289 0.502951092038
0.697108974936 0.511548546602
0.698568976982 0.504384001132
0.700028979028 0.51280234206
0.701488981074 0.523728273902
0.70294898312 0.53214661483
0.704408985166 0.53107193301
0.705868987212 0.541460523942
0.707328989258 0.545221910314
0.708788991304 0.550953546691
0.71024899335 0.557043410341
0.711708995396 0.570297819462
0.713168997442 0.565282637632
0.714628999488 0.578895274026
0.716089001535 0.569939592188
0.717549003581 0.595194614972
0.719009005627 0.59250791042
0.720469007673 0.595194614972
0.721929009719 0.596806637703
0.723389011765 0.59752309225
0.724849013811 0.613464205922
0.726309015857 0.601284478622
0.727769017903 0.62188254685
0.729229019949 0.635316069607
0.730689021995 0.636569865065
0.732149024041 0.642838842352
0.733609026087 0.654302115105
0.735069028133 0.654839456015
0.736529030179 0.665765387858
0.737989032225 0.659138183297
0.739449034271 0.686542569722
0.740909036317 0.673288160602
0.742369038363 0.698901410659
0.743829040409 0.697826728839
0.745289042455 0.696393819744
0.746749044501 0.716633660699
0.748209046547 0.720932387981
0.749669048593 0.722544410712
0.751129050639 0.724693774353
0.752589052685 0.741530456209
0.754049054731 0.744396274398
0.755509056777 0.74260513803
0.756969058824 0.758546251702
0.75842906087 0.757829797155
0.759889062916 0.771263319912
0.761349064962 0.780577229024
0.762809067008 0.789712024499
0.764269069054 0.794906319966
0.7657290711 0.783084819939
0.767189073146 0.814787933647
0.768649075192 0.800637956342
0.770109077238 0.823564501848
0.771569079284 0.819624001839
0.77302908133 0.837535365516
0.774489083376 0.848282183722
0.775949085422 0.828042342767
0.777409087468 0.863148615573
0.778869089514 0.863148615573
0.78032909156 0.871208729228
0.781789093606 0.874074547416
0.783249095652 0.878373274698
0.784709097698 0.8993295702
0.786169099744 0.89377704746
0.78762910179 0.915449797509
0.789089103836 0.922793456616
0.790549105882 0.919748524791
0.792009107928 0.936585206647
0.793469109974 0.955571252144
0.79492911202 0.940346593019
0.796389114066 0.953421888503
0.797849116113 0.96076554761
0.799309118159 0.963989593072
0.800769120205 0.991393979497
0.802229122251 0.975452865825
0.803689124297 0.989065502219
0.805149126343 0.994438911322
0.806609128389 1.00858888863
0.808069130435 1.00912622954
0.809529132481 1.02023127502
0.810989134527 1.02829138867
0.812449136573 1.02399266139
0.813909138619 1.04100845688
0.815369140665 1.03742618415
0.816829142711 1.06930841149
0.818289144757 1.05014325236
0.819749146803 1.07557738878
0.821209148849 1.08668243426
0.822669150895 1.09151850245
0.824129152941 1.10495202521
0.825589154987 1.11193745704
0.827049157033 1.12304250252
0.828509159079 1.12304250252
0.829969161125 1.14399879802
0.831429163171 1.14202854802
0.832889165217 1.14399879802
0.834349167263 1.1619101617
0.835809169309 1.16477597989
0.837269171355 1.16764179807
0.838729173402 1.17498545718
0.840189175448 1.18304557084
0.841649177494 1.1862696163
0.84310917954 1.18752341176
0.844569181586 1.20310629815
0.846029183632 1.20991261635
0.847489185678 1.20561388907
0.848949187724 1.2174353891
0.85040918977 1.22979423003
0.851869191816 1.23068979822
0.853329193862 1.2471682528
0.854789195908 1.24788470735
0.856249197954 1.255944821
0.8577092 1.26722898012
0.859169202046 1.2681245483
0.860629204092 1.28066250287
0.862089206138 1.29893209382
0.863549208184 1.295887162
0.86500921023 1.31093270749
0.866469212276 1.30538018475
0.867929214322 1.32866495753
0.869389216368 1.33529216209
0.870849218414 1.33797886664
0.87230922046 1.34603898029
0.873769222506 1.3553528894
0.875229224552 1.36000984396
0.876689226598 1.35589023032
0.878149228645 1.37075666217
0.879609230691 1.39278763949
0.881069232737 1.38562309402
0.882529234783 1.40263888951
0.883989236829 1.39851927587
0.885449238875 1.41911734409
0.886909240921 1.4142812759
0.888369242967 1.41302748044
0.889829245013 1.43004327594
0.891289247059 1.43452111686
0.892749249105 1.44186477596
0.894209251151 1.43720782141
0.895669253197 1.46031348055
0.897129255243 1.46049259419
0.898589257289 1.46855270784
0.900049259335 1.46694068511
0.901509261381 1.47464257149
0.902969263427 1.49022545789
0.904429265473 1.47929952605
0.905889267519 1.50813682157
0.907349269565 1.51977920796
0.908809271611 1.51727161704
0.910269273657 1.52282413978
0.911729275703 1.53733234436
0.913189277749 1.53786968527
0.914649279795 1.54790004893
0.916109281841 1.54915384439
0.917569283887 1.55255700348
0.919029285934 1.56957279898
0.92048928798 1.56634875351
0.921949290026 1.57834936718
0.923409292072 1.58694682174
0.924869294118 1.58873795811
0.926329296164 1.60199236723
0.92778929821 1.60127591268
0.929249300256 1.60808223088
0.930709302302 1.62832207184
0.932169304348 1.61309741271
0.933629306394 1.63190434457
0.93508930844 1.63584484458
0.936549310486 1.62599359456
0.938009312532 1.64193470823
0.939469314578 1.63638218549
0.940929316624 1.66289100373
0.94238931867 1.65984607191
0.943849320716 1.65859227645
0.945309322762 1.66754795829
0.946769324808 1.6856384356
0.948229326854 1.68348907196
0.9496893289 1.67775743558
0.951149330946 1.69047450379
0.952609332992 1.70605739019
0.954069335038 1.70641561747
0.955529337084 1.71160991293
0.95698933913 1.71035611747
0.958449341176 1.71787889022
0.959909343223 1.72683457206
0.961369345269 1.71895357204
0.962829347315 1.72468520842
0.964289349361 1.73990986754
0.965749351407 1.72701368569
0.967209353453 1.72271495841
0.968669355499 1.741163663
0.970129357545 1.75549275394
0.971589359591 1.74725352665
0.973049361637 1.74492504937
0.974509363683 1.76104527668
0.975969365729 1.76265729941
0.977429367775 1.76462754941
0.978889369821 1.75907502667
0.980349371867 1.77537436762
0.981809373913 1.77716550399
0.983269375959 1.76731425397
0.984729378005 1.77573259489
0.986189380051 1.77788195853
0.987649382097 1.76641868578
0.989109384143 1.79131548129
0.990569386189 1.78271802673
0.992029388235 1.79024079947
0.993489390281 1.81048064043
0.994949392327 1.79740534494
0.996409394373 1.81370468589
0.997869396419 1.79704711767
0.999329398465 1.81871986772
1.00078940051 1.81871986772
1.00224940256 1.80779393587
1.0037094046 1.81800341317
1.00516940665 1.81460025407
1.0066294087 1.8371685723
1.00808941074 1.81639139044
1.00954941279 1.83072048138
1.01100941483 1.8196154359
1.01246941688 1.83269073139
1.01392941893 1.80707748133
1.01538942097 1.82731732228
1.01684942302 1.83376541321
1.01830942506 1.83913882231
1.01976942711 1.82212302682
1.02122942916 1.84325843595
1.0226894312 1.82552618591
1.02414943325 1.83663123139
1.02560943529 1.81979454954
1.02706943734 1.83681034503
1.02852943939 1.83985527686
1.02998944143 1.81728695862
1.03144944348 1.83000402683
1.03290944552 1.82695909501
1.03436944757 1.83412364048
1.03582944962 1.82606352682
1.03728945166 1.82194391318
1.03874945371 1.83448186775
1.04020945575 1.82176479954
1.0416694578 1.8283920041
1.04312945985 1.82445150409
1.04458946189 1.84433311777
1.04604946394 1.84469134505
1.04750946598 1.8386014814
1.04896946803 1.84075084504
1.05042947008 1.83770591321
1.05188947212 1.83698945867
1.05334947417 1.83251161775
1.05480947621 1.84773627687
1.05626947826 1.83537743594
1.05772948031 1.84325843595
1.05918948235 1.83125782229
1.0606494844 1.84361666323
1.06210948645 1.83412364048
1.06356948849 1.82194391318
1.06502949054 1.83842236776
1.06648949258 1.83089959502
1.06794949463 1.82677998137
1.06940949668 1.82892934501
1.07086949872 1.82713820865
1.07232950077 1.83000402683
1.07378950281 1.83484009503
1.07524950486 1.8317951632
1.07670950691 1.81674961771
1.07816950895 1.824988845
1.079629511 1.81406291316
1.08108951304 1.81101798134
1.08254951509 1.81854075408
1.08400951714 1.80224141314
1.08546951918 1.78594207219
1.08692952123 1.79991293586
1.08838952327 1.78415093582
1.08984952532 1.78486739037
1.09130952737 1.76641868578
1.09276952941 1.78056866309
1.09422953146 1.77483702671
1.0956895335 1.76928450397
1.09714953555 1.76498577669
1.0986095376 1.7621199585
1.10006953964 1.76516489032
1.10152954169 1.76659779942
1.10298954373 1.76659779942
1.10444954578 1.75620920849
1.10590954783 1.7499402312
1.10736954987 1.74528327664
1.10882955192 1.74152189027
1.11028955396 1.73041684479
1.11174955601 1.73382000389
1.11320955806 1.72916304933
1.1146695601 1.72074470841
1.11612956215 1.72038648113
1.11758956419 1.70838586747
1.11904956624 1.70766941292
1.12050956829 1.71089345838
1.12196957033 1.69405677653
1.12342957238 1.70301245837
1.12488957442 1.69602702653
1.12634957647 1.68169793559
1.12780957852 1.68295173105
1.12926958056 1.6714884583
1.13072958261 1.67166757193
1.13218958465 1.66002518554
1.1336495867 1.65089039007
1.13510958875 1.66342834464
1.13656959079 1.64694989006
1.13802959284 1.64963659461
1.13948959488 1.63477016276
1.14094959693 1.64694989006
1.14240959898 1.63262079912
1.14386960102 1.61632145817
1.14532960307 1.62491891274
1.14678960512 1.6159632309
1.14824960716 1.60826134452
1.14970960921 1.60664932179
1.15116961125 1.60736577633
1.1526296133 1.58909618538
1.15408961535 1.58049873082
1.15554961739 1.57422975353
1.15700961944 1.56240825351
1.15846962148 1.56473673078
1.15992962353 1.56849811716
1.16138962558 1.54592979892
1.16284962762 1.56061711714
1.16430962967 1.53016779889
1.16576963171 1.54395954892
1.16722963376 1.52318236705
1.16868963581 1.51548048067
1.17014963785 1.50276341246
1.1716096399 1.50347986701
1.17306964194 1.49541975336
1.17452964399 1.50777859429
1.17598964604 1.47231409421
1.17744964808 1.47732927604
1.17890965013 1.48592673061
1.18036965217 1.47679193513
1.18182965422 1.46264195783
1.18328965627 1.45888057146
1.18474965831 1.4440141396
1.18620966036 1.43702870777
1.1876696624 1.4386407305
1.18912966445 1.4142812759
1.1905896665 1.41338570772
1.19204966854 1.40604204861
1.19350967059 1.39601168495
1.19496967263 1.38920536675
1.19642967468 1.38866802584
1.19788967673 1.37398070763
1.19934967877 1.36986109398
1.20080968082 1.3446060712
1.20226968286 1.34424784393
1.20372968491 1.34281493483
1.20518968696 1.33977000301
1.206649689 1.3412029121
1.20810969105 1.32257509388
1.20956969309 1.335829503
1.21102969514 1.32006750296
1.21248969719 1.31182827567
1.21394969923 1.30645486657
1.21540970128 1.295887162
1.21686970332 1.29015552562
1.21832970537 1.29266311654
1.21978970742 1.27278150286
1.22124970946 1.27958782105
1.22270971151 1.24824293462
1.22416971355 1.25952709374
1.2256297156 1.23552586641
1.22708971765 1.2383916846
1.22854971969 1.2296151164
1.23000972174 1.21707716182
1.23146972379 1.2174353891
1.23292972583 1.20507654816
1.23438972788 1.20561388907
1.23584972992 1.1950461845
1.23730973197 1.18035886629
1.23876973402 1.1672835708
1.24022973606 1.18268734356
1.24168973811 1.15546207077
1.24314974015 1.15868611624
1.2446097422 1.13683425255
1.24606974425 1.13396843436
1.24752974629 1.12931147981
1.24898974834 1.11247479795
1.25044975038 1.09993684338
1.25190975243 1.10817607067
1.25336975448 1.09993684338
1.25482975652 1.09366786609
1.25628975857 1.07933877515
1.25774976061 1.07074132058
1.25920976266 1.06715904785
1.26066976471 1.05838247965
1.26212976675 1.04584452507
1.2635897688 1.04638186598
1.26504977084 1.02166418411
1.26650977289 1.02488822957
1.26796977494 1.01449963864
1.26942977698 1.00267813861
1.27088977903 0.987274365852
1.27234978107 0.991393979497
1.27380978312 0.979214252197
1.27526978517 0.971512365816
1.27672978721 0.985841456758
1.27818978926 0.9602282067
1.2796497913 0.93533141119
1.28110979335 0.942316843024
1.2825697954 0.932465593001
1.28402979744 0.934256729369
1.28548979949 0.925480161168
1.28694980153 0.922435229343
1.28840980358 0.921718774796
1.28986980563 0.898434002016
1.29132980767 0.902195388388
1.29278980972 0.893956161097
1.29424981176 0.868522024676
1.29570981381 0.88213466107
1.29716981586 0.866014433761
1.2986298179 0.858849888291
1.30008981995 0.862253047389
1.30154982199 0.863148615573
1.30300982404 0.847028388264
1.30446982609 0.850073320089
1.30592982813 0.817474638198
1.30738983018 0.834669547327
1.30884983223 0.82177336548
1.31030983427 0.792756956324
1.31176983632 0.793652524508
1.31322983836 0.799384160885
1.31468984041 0.761591183527
1.31614984246 0.769293069908
1.3176098445 0.757113342608
1.31906984655 0.745829183492
1.32052984859 0.742784251667
1.32198985064 0.723081751623
1.32344985269 0.72988806982
1.32490985473 0.725410228901
1.32636985678 0.722902637986
1.32782985882 0.707857092497
1.32928986087 0.726305797084
1.33074986292 0.709290001592
1.33220986496 0.696752047018
1.33366986701 0.697647615202
1.33512986905 0.690662183368
1.3365898711 0.690303956094
1.33804987315 0.686900796996
1.33950987519 0.675795751516
1.34096987724 0.671497024234
1.34242987928 0.654123001468
1.34388988133 0.669347660593
1.34534988338 0.649107819638
1.34680988542 0.640868592347
1.34826988747 0.626539501406
1.34972988951 0.639435683253
1.35118989156 0.626360387769
1.35264989361 0.621166092303
1.35410989565 0.627076842316
1.3555698977 0.612568637738
1.35702989974 0.599314228618
1.35848990179 0.590537660416
1.35994990384 0.595015501335
1.36140990588 0.586059819497
1.36286990793 0.564745296722
1.36432990997 0.561700364897
1.36578991202 0.567969342184
1.36724991407 0.557222523978
1.36870991611 0.546475705772
1.37016991816 0.545938364861
1.3716299202 0.53716179666
1.37308992225 0.543968114857
1.3745499243 0.529280796642
1.37600992634 0.51889220571
1.37746992839 0.511906773876
1.37892993043 0.510115637508
1.38038993248 0.504204887495
1.38184993453 0.502951092038
1.38330993657 0.505279569316
1.38476993862 0.493637182926
1.38622994066 0.492562501105
1.38768994271 0.473397341971
1.38914994476 0.47017329651
1.3906099468 0.47733784198
1.39206994885 0.455485978295
1.3935299509 0.45960559194
1.39498995294 0.448142319187
1.39644995499 0.449037887371
1.39790995703 0.451187251012
1.39936995908 0.427902478233
1.40082996113 0.434529682793
1.40228996317 0.430051841874
1.40374996522 0.418051228211
1.40520996726 0.406767069095
1.40666996931 0.407304410005
1.40812997136 0.418409455484
1.4095899734 0.396378478162
1.41104997545 0.406767069095
1.41250997749 0.394945569068
1.41396997954 0.391005069059
1.41542998159 0.396378478162
1.41688998363 0.379183569033
1.41834998568 0.373093705383
1.41980998772 0.368078523553
1.42126998977 0.366645614459
1.42272999182 0.361093091719
1.42418999386 0.359301955352
1.42564999591 0.350883614424
1.42710999795 0.339778568944
1.42857 0.344793750774
1.43003000205 0.329748205285
1.43149000409 0.323121000725
1.43295000614 0.330822887106
1.43441000818 0.334226046205
1.43587001023 0.327777955281
1.43733001228 0.324195682546
1.43879001432 0.322583659815
1.44025001637 0.314165318887
1.44171001841 0.31398620525
1.44317002046 0.297149523394
1.44463002251 0.30735900069
1.44609002455 0.300373568856
1.4475500266 0.302881159771
1.44901002864 0.294641932479
1.45047003069 0.293746364296
1.45193003274 0.289805864287
1.45339003478 0.286940046098
1.45485003683 0.268849568785
1.45631003887 0.27744702335
1.45777004092 0.271715386973
1.45923004297 0.269028682422
1.46069004501 0.25416225057
1.46215004706 0.266879318781
1.4636100491 0.255057818754
1.46507005115 0.262759705135
1.4665300532 0.243952773275
1.46799005524 0.24753504601
1.46945005729 0.243415432364
1.47091005934 0.236788227804
1.47237006138 0.241266068723
1.47383006343 0.233564182342
1.47529006547 0.228369886876
1.47675006752 0.231056591428
1.47821006957 0.218339523217
1.47967007161 0.233922409616
1.48113007366 0.226220523235
1.4825900757 0.21654838685
1.48405007775 0.215652818666
1.4855100798 0.215115477755
1.48697008184 0.208846500469
1.48843008389 0.209025614105
1.48989008593 0.208667386832
1.49135008798 0.203114864092
1.49281009003 0.202398409545
1.49427009207 0.203293977729
1.49573009412 0.196487659532
1.49719009616 0.18771109133
1.49865009821 0.183412364048
1.50011010026 0.182158568591
1.5015701023 0.175352250393
1.50303010435 0.182516795864
1.50449010639 0.182158568591
1.50595010844 0.179113636766
1.50741011049 0.16890415947
1.50887011253 0.172128204932
1.51033011458 0.173382000389
1.51179011662 0.165680114008
1.51325011867 0.167471250376
1.51471012072 0.166575682192
1.51617012276 0.154933295802
1.51763012481 0.161381386726
1.51909012685 0.15117190943
1.5205501289 0.159590250358
1.52201013095 0.146873182148
1.52347013299 0.140245977587
1.52493013504 0.142574454865
1.52639013708 0.148664318515
1.52785013913 0.145440273054
1.52931014118 0.139171295767
1.53077014322 0.143470023049
1.53223014527 0.141499773045
1.53369014731 0.135589023032
1.53515014936 0.135230795758
1.53661015141 0.135589023032
1.53807015345 0.12734979574
1.5395301555 0.127887136651
1.54099015754 0.124842204826
1.54245015959 0.127528909377
1.54391016164 0.116423863898
1.54537016368 0.117856772992
1.54683016573 0.115707409351
1.54829016777 0.11409538662
1.54975016982 0.113378932073
1.55121017187 0.109617545701
1.55267017391 0.110513113884
1.55413017596 0.102273886593
1.55559017801 0.110154886611
1.55705018005 0.109438432064
1.5585101821 0.104781477508
1.55997018414 0.097796045674
1.56143018619 0.10191565932
1.56289018824 0.102632113867
1.56435019028 0.0933182047549
1.56581019233 0.0911688411137
1.56727019437 0.0943928865754
1.56873019642 0.0927808638446
1.57019019847 0.0852580911004
1.57165020051 0.0883030229254
1.57311020256 0.0852580911004
1.5745702046 0.0822131592754
1.57603020665 0.0874074547416
1.5774902087 0.0788100001768
1.57895021074 0.0854372047372
1.58041021279 0.0820340456386
1.58187021483 0.0829296138225
1.58333021688 0.0818549320019
1.58479021893 0.0836460683695
1.58625022097 0.0818549320019
1.58771022302 0.0773770910827
1.58917022506 0.0768397501724
1.59063022711 0.0791682274504
1.59209022916 0.077914431993
1.5935502312 0.0788100001768
1.59501023325 0.0763024092621
1.59647023529 0.0720036819798
1.59793023734 0.0720036819798
1.59939023939 0.0714663410695
1.60085024143 0.0721827956165
1.60231024348 0.071824568343
1.60377024552 0.06645115924
1.60523024757 0.0625106592312
1.60669024962 0.0560625683076
1.60815025166 0.0596448410429
1.60961025371 0.0617942046841
1.61107025575 0.0621524319576
1.6125302578 0.0601821819532
1.61399025985 0.0619733183209
1.61545026189 0.0582119319488
1.61691026394 0.0583910455856
1.61837026598 0.0583910455856
1.61983026803 0.0589283864959
1.62129027008 0.0574954774017
1.62275027212 0.0530176364826
1.62421027417 0.0567790228547
1.62567027621 0.0512265001149
1.62713027826 0.0528385228458
1.62859028031 0.0512265001149
1.63005028235 0.0512265001149
1.6315102844 0.048898022837
1.63297028645 0.0487189092002
1.63443028849 0.046569545559
1.63589029054 0.0469277728326
1.63735029258 0.0460322046487
1.63881029463 0.0356436137163
1.64027029668 0.0440619546443
1.64173029872 0.0437037273708
1.64319030077 0.0424499319134
1.64465030281 0.043524613734
1.64611030486 0.0438828410076
1.64757030691 0.0442410682811
1.64903030895 0.0422708182767
1.650490311 0.042808159187
1.65195031304 0.0360018409899
1.65341031509 0.0395841137252
1.65487031714 0.0349271591693
1.65633031918 0.0401214546355
1.65779032123 0.0329569091649
1.65925032327 0.0345689318958
1.66071032532 0.0334942500752
1.66217032737 0.0342107046222
1.66363032941 0.0349271591693
1.66509033146 0.035106272806
1.6665503335 0.0324195682546
1.66801033555 0.0324195682546
1.6694703376 0.0354645000796
1.67093033964 0.0329569091649
1.67239034169 0.0309866591604
1.67385034373 0.0297328637031
1.67531034578 0.0297328637031
1.67677034783 0.0288372955193
1.67823034987 0.0256132500575
1.67969035192 0.0261505909678
1.68115035396 0.0277626136987
1.68261035601 0.0279417273354
1.68407035806 0.0266879318781
1.6855303601 0.0240012273266
1.68699036215 0.0299119773398
1.68845036419 0.0232847727795
1.68991036624 0.0250759091472
1.69137036829 0.0243594546001
1.69283037033 0.0231056591428
1.69429037238 0.0248967955104
1.69575037442 0.0247176818736
1.69721037647 0.0214936364119
1.69867037852 0.0238221136898
1.70013038056 0.0216727500486
1.70159038261 0.0243594546001
1.70305038465 0.0245385682369
1.7045103867 0.0214936364119
1.70597038875 0.022926545506
1.70743039079 0.0197025000442
1.70889039284 0.0195233864074
1.71035039488 0.0184487045869
1.71181039693 0.0211354091383
1.71327039898 0.019881613681
1.71473040102 0.0150455454883
1.71619040307 0.019881613681
1.71765040512 0.020598068228
1.71911040716 0.0166575682192
1.72057040921 0.0182695909501
1.72203041125 0.0166575682192
1.7234904133 0.0161202273089
1.72495041535 0.0188069318604
1.72641041739 0.0171949091295
1.72787041944 0.0189860454971
1.72933042148 0.0162993409457
1.73079042353 0.0188069318604
1.73225042558 0.0188069318604
1.73371042762 0.0162993409457
1.73517042967 0.0148664318515
1.73663043171 0.0148664318515
1.73809043376 0.017553136403
1.73955043581 0.017553136403
1.74101043785 0.0148664318515
1.7424704399 0.0136126363942
1.74393044194 0.0118215000265
1.74539044399 0.0128961818471
1.74685044604 0.0128961818471
1.74831044808 0.0125379545736
1.74977045013 0.0118215000265
1.75123045217 0.00949302274857
1.75269045422 0.0121797273001
1.75415045627 0.0109259318427
1.75561045831 0.0130752954839
1.75707046036 0.0141499773045
1.7585304624 0.0118215000265
1.75999046445 0.0116423863898
1.7614504665 0.0141499773045
1.76291046854 0.011463272753
1.76437047059 0.00913479547504
1.76583047263 0.00859745456475
1.76729047468 0.0118215000265
1.76875047673 0.00949302274857
1.77021047877 0.0120006136633
1.77167048082 0.0100303636589
1.77313048286 0.0107468182059
1.77459048491 0.00931390911181
1.77605048696 0.00931390911181
1.777510489 0.00806011365445
1.77897049105 0.00806011365445
1.78043049309 0.00913479547504
1.78189049514 0.00931390911181
1.78335049719 0.00841834092798
1.78481049923 0.00841834092798
1.78627050128 0.0103885909324
1.78773050332 0.00823922729122
1.78919050537 0.00680631819709
1.79065050742 0.00823922729122
1.79211050946 0.00537340910297
1.79357051151 0.00716454547062
1.79503051355 0.00949302274857
1.7964905156 0.00841834092798
1.79795051765 0.00698543183386
1.79941051969 0.00644809092356
1.80087052174 0.00895568183828
1.80233052379 0.00806011365445
1.80379052583 0.00626897728679
1.80525052788 0.00823922729122
1.80671052992 0.00698543183386
1.80817053197 0.00913479547504
1.80963053402 0.00716454547062
1.81109053606 0.00537340910297
1.81255053811 0.00680631819709
1.81401054015 0.0057316363765
1.8154705422 0.00608986365003
1.81693054425 0.00626897728679
1.81839054629 0.00716454547062
1.81985054834 0.00823922729122
1.82131055038 0.0046569545559
1.82277055243 0.00608986365003
1.82423055448 0.00734365910739
1.82569055652 0.00752277274415
1.82715055857 0.00591075001326
1.82861056061 0.00716454547062
1.83007056266 0.00644809092356
1.83153056471 0.0046569545559
1.83299056675 0.00591075001326
1.8344505688 0.00429872728237
1.83591057084 0.00394050000884
1.83737057289 0.00537340910297
1.83883057494 0.00268670455148
1.84029057698 0.00376138637208
1.84175057903 0.0046569545559
1.84321058107 0.00429872728237
1.84467058312 0.00411961364561
1.84613058517 0.00483606819267
1.84759058721 0.00788100001768
1.84905058926 0.00483606819267
1.8505105913 0.00429872728237
1.85197059335 0.00358227273531
1.8534305954 0.00411961364561
1.85489059744 0.0046569545559
1.85635059949 0.00161202273089
1.85781060153 0.00268670455148
1.85927060358 0.00501518182944
1.86073060563 0.00394050000884
1.86219060767 0.0051942954662
1.86365060972 0.00394050000884
1.86511061176 0.00411961364561
1.86657061381 0.00358227273531
1.86803061586 0.00376138637208
1.8694906179 0.00483606819267
1.87095061995 0.0051942954662
1.87241062199 0.00501518182944
1.87387062404 0.00376138637208
1.87533062609 0.00358227273531
1.87679062813 0.00376138637208
1.87825063018 0.00394050000884
1.87971063223 0.00394050000884
1.88117063427 0.00411961364561
1.88263063632 0.00322404546178
1.88409063836 0.00358227273531
1.88555064041 0.00376138637208
1.88701064246 0.00340315909855
1.8884706445 0.00304493182501
1.88993064655 0.00358227273531
1.89139064859 0.00268670455148
1.89285065064 0.00214936364119
1.89431065269 0.00214936364119
1.89577065473 0.00214936364119
1.89723065678 0.00286581818825
1.89869065882 0.00214936364119
1.90015066087 0.00304493182501
1.90161066292 0.00411961364561
1.90307066496 0.00286581818825
1.90453066701 0.00340315909855
1.90599066905 0.00358227273531
1.9074506711 0.00286581818825
1.90891067315 0.00214936364119
1.91037067519 0.00376138637208
1.91183067724 0.00250759091472
1.91329067928 0.00340315909855
1.91475068133 0.00125379545736
1.91621068338 0.00250759091472
1.91767068542 0.00250759091472
1.91913068747 0.00179113636766
1.92059068951 0.00161202273089
1.92205069156 0.00232847727795
1.92351069361 0.00232847727795
1.92497069565 0.00125379545736
1.9264306977 0.00214936364119
1.92789069974 0.00304493182501
1.92935070179 0.00268670455148
1.93081070384 0.00197025000442
1.93227070588 0.00161202273089
1.93373070793 0.00232847727795
1.93519070997 0.00107468182059
1.93665071202 0.00143290909412
1.93811071407 0.00250759091472
1.93957071611 0.00161202273089
1.94103071816 0.00268670455148
1.9424907202 0.00358227273531
1.94395072225 0.00214936364119
1.9454107243 0.00179113636766
1.94687072634 0.00161202273089
1.94833072839 0.00107468182059
1.94979073043 0.000895568183828
1.95125073248 0.00107468182059
1.95271073453 0.00125379545736
1.95417073657 0.00161202273089
1.95563073862 0.00143290909412
1.95709074066 0.00125379545736
1.95855074271 0.00161202273089
1.96001074476 0.00125379545736
1.9614707468 0.00125379545736
1.96293074885 0.00268670455148
1.9643907509 0.00232847727795
1.96585075294 0.00179113636766
1.96731075499 0.00143290909412
1.96877075703 0.00304493182501
1.97023075908 0.00250759091472
1.97169076113 0.00214936364119
1.97315076317 0.00161202273089
1.97461076522 0.00214936364119
1.97607076726 0.000537340910297
1.97753076931 0.00197025000442
1.97899077136 0.00125379545736
1.9804507734 0.00197025000442
1.98191077545 0.00125379545736
1.98337077749 0.00179113636766
1.98483077954 0.00268670455148
1.98629078159 0.00197025000442
1.98775078363 0.00125379545736
1.98921078568 0.00250759091472
1.99067078772 0.00125379545736
1.99213078977 0.000895568183828
1.99359079182 0.00161202273089
1.99505079386 0.00143290909412
1.99651079591 0.00107468182059
1.99797079795 0.00143290909412
1.9994308 0.000716454547062
2.00089080205 0.00143290909412
2.00235080409 0.00107468182059
2.00381080614 0.000358227273531
2.00527080818 0.00107468182059
2.00673081023 0.000716454547062
2.00819081228 0.000537340910297
2.00965081432 0.000537340910297
2.01111081637 0.00125379545736
2.01257081841 0.000895568183828
2.01403082046 0.00125379545736
2.01549082251 0.00143290909412
2.01695082455 0.00197025000442
2.0184108266 0.00125379545736
2.01987082864 0.00143290909412
2.02133083069 0.00143290909412
2.02279083274 0.000895568183828
2.02425083478 0.00125379545736
2.02571083683 0.00107468182059
2.02717083887 0.00125379545736
2.02863084092 0.00107468182059
2.03009084297 0.00107468182059
2.03155084501 0.00125379545736
2.03301084706 0.000895568183828
2.0344708491 0.000716454547062
2.03593085115 0.000895568183828
2.0373908532 0.000537340910297
2.03885085524 0.000537340910297
2.04031085729 0.000537340910297
2.04177085934 0.00143290909412
2.04323086138 0.000716454547062
2.04469086343 0.00125379545736
2.04615086547 0.000716454547062
2.04761086752 0.000716454547062
2.04907086957 0.000537340910297
2.05053087161 0.00107468182059
2.05199087366 0.000358227273531
2.0534508757 0.00161202273089
2.05491087775 0.000537340910297
2.0563708798 0.00125379545736
2.05783088184 0.000537340910297
2.05929088389 0.000537340910297
2.06075088593 0.000179113636766
2.06221088798 0.000537340910297
2.06367089003 0.000537340910297
2.06513089207 0.000716454547062
2.06659089412 0.000358227273531
2.06805089616 0.000358227273531
2.06951089821 0.000716454547062
2.07097090026 0.000358227273531
2.0724309023 0.000716454547062
2.07389090435 0.000537340910297
2.07535090639 0.00107468182059
2.07681090844 0.000895568183828
2.07827091049 0.00161202273089
2.07973091253 0.000895568183828
2.08119091458 0.000716454547062
2.08265091662 0.000716454547062
2.08411091867 0.000537340910297
2.08557092072 0.00107468182059
2.08703092276 0.000537340910297
2.08849092481 0.000716454547062
2.08995092685 0.0
2.0914109289 0.000179113636766
2.09287093095 0.000537340910297
2.09433093299 0.000537340910297
2.09579093504 0.000716454547062
2.09725093708 0.000179113636766
2.09871093913 0.000895568183828
2.10017094118 0.000895568183828
2.10163094322 0.0
2.10309094527 0.0
2.10455094731 0.000537340910297
2.10601094936 0.000716454547062
2.10747095141 0.000537340910297
2.10893095345 0.000537340910297
2.1103909555 0.000895568183828
2.11185095754 0.000537340910297
2.11331095959 0.000716454547062
2.11477096164 0.00125379545736
2.11623096368 0.000537340910297
2.11769096573 0.000895568183828
2.11915096777 0.000537340910297
2.12061096982 0.000895568183828
2.12207097187 0.000895568183828
2.12353097391 0.000537340910297
2.12499097596 0.000537340910297
2.12645097801 0.000358227273531
2.12791098005 0.000179113636766
2.1293709821 0.000179113636766
2.13083098414 0.00125379545736
2.13229098619 0.0
2.13375098824 0.000537340910297
2.13521099028 0.000716454547062
2.13667099233 0.000537340910297
2.13813099437 0.000358227273531
2.13959099642 0.000716454547062
2.14105099847 0.000537340910297
2.14251100051 0.000895568183828
2.14397100256 0.000716454547062
2.1454310046 0.000358227273531
2.14689100665 0.000358227273531
2.1483510087 0.00107468182059
2.14981101074 0.000358227273531
2.15127101279 0.000537340910297
2.15273101483 0.000179113636766
2.15419101688 0.000358227273531
2.15565101893 0.000716454547062
2.15711102097 0.000358227273531
2.15857102302 0.000179113636766
2.16003102506 0.0
2.16149102711 0.000179113636766
2.16295102916 0.0
2.1644110312 0.000358227273531
2.16587103325 0.000358227273531
2.16733103529 0.0
2.16879103734 0.000358227273531
2.17025103939 0.000179113636766
2.17171104143 0.000537340910297
2.17317104348 0.000895568183828
2.17463104552 0.0
2.17609104757 0.00125379545736
2.17755104962 0.0
2.17901105166 0.000716454547062
2.18047105371 0.0
2.18193105575 0.000179113636766
2.1833910578 0.000537340910297
2.18485105985 0.000179113636766
2.18631106189 0.000358227273531
2.18777106394 0.0
2.18923106598 0.000179113636766
2.19069106803 0.000179113636766
2.19215107008 0.000179113636766
2.19361107212 0.000716454547062
2.19507107417 0.0
2.19653107621 0.0
2.19799107826 0.000537340910297
2.19945108031 0.000358227273531
2.20091108235 0.000179113636766
2.2023710844 0.000179113636766
2.20383108645 0.0
2.20529108849 0.0
2.20675109054 0.000537340910297
2.20821109258 0.000537340910297
2.20967109463 0.0
2.21113109668 0.000179113636766
2.21259109872 0.000179113636766
2.21405110077 0.000358227273531
2.21551110281 0.000537340910297
2.21697110486 0.000895568183828
2.21843110691 0.000537340910297
2.21989110895 0.000895568183828
2.221351111 0.000179113636766
2.22281111304 0.000358227273531
2.22427111509 0.000358227273531
2.22573111714 0.0
2.22719111918 0.0
2.22865112123 0.000179113636766
2.23011112327 0.000179113636766
2.23157112532 0.000179113636766
2.23303112737 0.000179113636766
2.23449112941 0.0
2.23595113146 0.0
2.2374111335 0.0
2.23887113555 0.0
2.2403311376 0.0
2.24179113964 0.000537340910297
2.24325114169 0.000358227273531
2.24471114373 0.000179113636766
2.24617114578 0.000537340910297
2.24763114783 0.000179113636766
2.24909114987 0.000179113636766
2.25055115192 0.000179113636766
2.25201115396 0.0
2.25347115601 0.000179113636766
2.25493115806 0.000179113636766
2.2563911601 0.000179113636766
2.25785116215 0.0
2.25931116419 0.000179113636766
2.26077116624 0.000716454547062
2.26223116829 0.000358227273531
2.26369117033 0.000358227273531
2.26515117238 0.000537340910297
2.26661117442 0.000537340910297
2.26807117647 0.000358227273531
2.26953117852 0.000358227273531
2.27099118056 0.000179113636766
2.27245118261 0.000179113636766
2.27391118465 0.0
2.2753711867 0.0
2.27683118875 0.0
2.27829119079 0.0
2.27975119284 0.0
2.28121119488 0.0
2.28267119693 0.0
2.28413119898 0.0
2.28559120102 0.0
2.28705120307 0.0
2.28851120512 0.0
2.28997120716 0.0
2.29143120921 0.000179113636766
2.29289121125 0.000179113636766
2.2943512133 0.000537340910297
2.29581121535 0.000537340910297
2.29727121739 0.000358227273531
2.29873121944 0.0
2.30019122148 0.0
2.30165122353 0.000179113636766
2.30311122558 0.0
2.30457122762 0.000537340910297
2.30603122967 0.000358227273531
2.30749123171 0.000179113636766
2.30895123376 0.000179113636766
2.31041123581 0.000179113636766
2.31187123785 0.0
2.3133312399 0.000179113636766
2.31479124194 0.000179113636766
2.31625124399 0.000179113636766
2.31771124604 0.0
2.31917124808 0.000179113636766
2.32063125013 0.000179113636766
2.32209125217 0.000358227273531
2.32355125422 0.000358227273531
2.32501125627 0.0
2.32647125831 0.0
2.32793126036 0.000358227273531
2.3293912624 0.0
2.33085126445 0.0
2.3323112665 0.000179113636766
2.33377126854 0.000537340910297
2.33523127059 0.000895568183828
2.33669127263 0.000179113636766
2.33815127468 0.0
2.33961127673 0.000358227273531
2.34107127877 0.000179113636766
2.34253128082 0.000179113636766
2.34399128286 0.0
2.34545128491 0.0
2.34691128696 0.0
2.348371289 0.0
2.34983129105 0.0
2.35129129309 0.0
2.35275129514 0.0
2.35421129719 0.0
2.35567129923 0.0
2.35713130128 0.000179113636766
2.35859130332 0.0
2.36005130537 0.000179113636766
2.36151130742 0.0
2.36297130946 0.0
2.36443131151 0.0
2.36589131355 0.000179113636766
2.3673513156 0.0
2.36881131765 0.000179113636766
2.37027131969 0.0
2.37173132174 0.0
2.37319132379 0.000179113636766
2.37465132583 0.0
2.37611132788 0.000179113636766
2.37757132992 0.0
2.37903133197 0.000179113636766
2.38049133402 0.000179113636766
2.38195133606 0.0
2.38341133811 0.0
2.38487134015 0.000179113636766
2.3863313422 0.000179113636766
2.38779134425 0.0
2.38925134629 0.0
2.39071134834 0.0
2.39217135038 0.0
2.39363135243 0.000179113636766
2.39509135448 0.000179113636766
2.39655135652 0.0
2.39801135857 0.0
2.39947136061 0.0
2.40093136266 0.0
2.40239136471 0.0
2.40385136675 0.0
2.4053113688 0.0
2.40677137084 0.0
2.40823137289 0.0
2.40969137494 0.0
2.41115137698 0.0
2.41261137903 0.000358227273531
2.41407138107 0.0
2.41553138312 0.000179113636766
2.41699138517 0.000179113636766
2.41845138721 0.0
2.41991138926 0.000179113636766
2.4213713913 0.000179113636766
2.42283139335 0.000179113636766
2.4242913954 0.000358227273531
2.42575139744 0.0
2.42721139949 0.000179113636766
2.42867140153 0.0
2.43013140358 0.0
2.43159140563 0.0
2.43305140767 0.0
2.43451140972 0.0
2.43597141176 0.0
2.43743141381 0.0
2.43889141586 0.0
2.4403514179 0.0
2.44181141995 0.000179113636766
2.44327142199 0.000537340910297
2.44473142404 0.000179113636766
2.44619142609 0.000179113636766
2.44765142813 0.0
2.44911143018 0.0
2.45057143223 0.0
2.45203143427 0.0
2.45349143632 0.0
2.45495143836 0.000179113636766
2.45641144041 0.000179113636766
2.45787144246 0.0
2.4593314445 0.0
2.46079144655 0.000179113636766
2.46225144859 0.000179113636766
2.46371145064 0.0
2.46517145269 0.0
2.46663145473 0.0
2.46809145678 0.0
2.46955145882 0.000179113636766
2.47101146087 0.000179113636766
2.47247146292 0.0
2.47393146496 0.0
2.47539146701 0.0
2.47685146905 0.0
2.4783114711 0.0
2.47977147315 0.0
2.48123147519 0.0
2.48269147724 0.000358227273531
2.48415147928 0.0
2.48561148133 0.0
2.48707148338 0.0
2.48853148542 0.0
2.48999148747 0.0
2.49145148951 0.0
2.49291149156 0.0
2.49437149361 0.0
2.49583149565 0.0
2.4972914977 0.0
2.49875149974 0.0
2.50021150179 0.0
2.50167150384 0.0
2.50313150588 0.0
2.50459150793 0.0
2.50605150997 0.0
2.50751151202 0.0
2.50897151407 0.0
2.51043151611 0.0
2.51189151816 0.0
2.5133515202 0.000358227273531
2.51481152225 0.0
2.5162715243 0.0
2.51773152634 0.0
2.51919152839 0.0
2.52065153043 0.0
2.52211153248 0.0
2.52357153453 0.0
2.52503153657 0.0
2.52649153862 0.0
2.52795154066 0.0
2.52941154271 0.0
2.53087154476 0.0
2.5323315468 0.0
2.53379154885 0.000179113636766
2.5352515509 0.000358227273531
2.53671155294 0.000179113636766
2.53817155499 0.0
2.53963155703 0.0
2.54109155908 0.0
2.54255156113 0.0
2.54401156317 0.0
2.54547156522 0.0
2.54693156726 0.0
2.54839156931 0.0
2.54985157136 0.000358227273531
2.5513115734 0.000358227273531
2.55277157545 0.0
2.55423157749 0.0
2.55569157954 0.0
2.55715158159 0.0
2.55861158363 0.0
2.56007158568 0.0
2.56153158772 0.0
2.56299158977 0.0
2.56445159182 0.0
2.56591159386 0.0
2.56737159591 0.0
2.56883159795 0.0
2.5702916 0.0
2.57175160205 0.0
2.57321160409 0.0
2.57467160614 0.000358227273531
2.57613160818 0.0
2.57759161023 0.0
2.57905161228 0.0
2.58051161432 0.0
2.58197161637 0.0
2.58343161841 0.0
2.58489162046 0.0
2.58635162251 0.0
2.58781162455 0.0
2.5892716266 0.0
2.59073162864 0.0
2.59219163069 0.0
2.59365163274 0.0
2.59511163478 0.0
2.59657163683 0.0
2.59803163887 0.0
2.59949164092 0.0
2.60095164297 0.0
2.60241164501 0.0
2.60387164706 0.0
2.6053316491 0.0
2.60679165115 0.0
2.6082516532 0.0
2.60971165524 0.0
2.61117165729 0.000358227273531
2.61263165934 0.0
2.61409166138 0.0
2.61555166343 0.0
2.61701166547 0.0
2.61847166752 0.0
2.61993166957 0.0
2.62139167161 0.0
2.62285167366 0.0
2.6243116757 0.000358227273531
2.62577167775 0.0
2.6272316798 0.0
2.62869168184 0.0
2.63015168389 0.0
2.63161168593 0.0
2.63307168798 0.0
2.63453169003 0.0
2.63599169207 0.0
2.63745169412 0.0
2.63891169616 0.0
2.64037169821 0.0
2.64183170026 0.0
2.6432917023 0.0
2.64475170435 0.0
2.64621170639 0.0
2.64767170844 0.0
2.64913171049 0.0
2.65059171253 0.0
2.65205171458 0.0
2.65351171662 0.0
2.65497171867 0.0
2.65643172072 0.0
2.65789172276 0.0
2.65935172481 0.0
2.66081172685 0.0
2.6622717289 0.0
2.66373173095 0.0
2.66519173299 0.0
2.66665173504 0.0
2.66811173708 0.0
2.66957173913 0.0
2.67103174118 0.0
2.67249174322 0.0
2.67395174527 0.0
2.67541174731 0.0
2.67687174936 0.0
2.67833175141 0.0
2.67979175345 0.000358227273531
2.6812517555 0.0
2.68271175754 0.0
2.68417175959 0.0
2.68563176164 0.0
2.68709176368 0.0
2.68855176573 0.0
2.69001176777 0.0
2.69147176982 0.0
2.69293177187 0.0
2.69439177391 0.0
2.69585177596 0.0
2.69731177801 0.0
2.69877178005 0.0
2.7002317821 0.000358227273531
2.70169178414 0.0
2.70315178619 0.0
2.70461178824 0.0
2.70607179028 0.0
2.70753179233 0.0
2.70899179437 0.0
2.71045179642 0.0
2.71191179847 0.0
2.71337180051 0.0
2.71483180256 0.0
2.7162918046 0.0
2.71775180665 0.0
2.7192118087 0.0
2.72067181074 0.0
2.72213181279 0.0
2.72359181483 0.0
2.72505181688 0.0
2.72651181893 0.0
2.72797182097 0.0
2.72943182302 0.0
2.73089182506 0.0
2.73235182711 0.0
2.73381182916 0.0
2.7352718312 0.0
2.73673183325 0.0
2.73819183529 0.0
2.73965183734 0.0
2.74111183939 0.0
2.74257184143 0.0
2.74403184348 0.0
2.74549184552 0.0
2.74695184757 0.0
2.74841184962 0.0
2.74987185166 0.0
2.75133185371 0.0
2.75279185575 0.0
2.7542518578 0.0
2.75571185985 0.0
2.75717186189 0.0
2.75863186394 0.0
2.76009186598 0.0
2.76155186803 0.0
2.76301187008 0.0
2.76447187212 0.0
2.76593187417 0.0
2.76739187621 0.0
2.76885187826 0.0
2.77031188031 0.0
2.77177188235 0.0
2.7732318844 0.0
2.77469188645 0.0
2.77615188849 0.0
2.77761189054 0.0
2.77907189258 0.0
2.78053189463 0.0
2.78199189668 0.0
2.78345189872 0.0
2.78491190077 0.0
2.78637190281 0.0
2.78783190486 0.0
2.78929190691 0.0
2.79075190895 0.0
2.792211911 0.0
2.79367191304 0.0
2.79513191509 0.0
2.79659191714 0.0
2.79805191918 0.0
2.79951192123 0.0
2.80097192327 0.0
2.80243192532 0.0
2.80389192737 0.0
2.80535192941 0.0
2.80681193146 0.0
2.8082719335 0.0
2.80973193555 0.0
2.8111919376 0.0
2.81265193964 0.0
2.81411194169 0.0
2.81557194373 0.0
2.81703194578 0.0
2.81849194783 0.0
2.81995194987 0.0
2.82141195192 0.0
2.82287195396 0.0
2.82433195601 0.0
2.82579195806 0.0
2.8272519601 0.0
2.82871196215 0.0
2.83017196419 0.0
2.83163196624 0.0
2.83309196829 0.0
2.83455197033 0.0
2.83601197238 0.0
2.83747197442 0.0
2.83893197647 0.0
2.84039197852 0.0
2.84185198056 0.0
2.84331198261 0.0
2.84477198465 0.0
2.8462319867 0.0
2.84769198875 0.0
2.84915199079 0.0
2.85061199284 0.0
2.85207199488 0.0
2.85353199693 0.0
2.85499199898 0.000179113636766
