0.1504	0.
0.11950922377184751	0.2
0.11917850479278219	0.20202020202020204
0.11884065103459145	0.2040816326530612
0.1184954302851521	0.20618556701030927
0.1181426002080016	0.20833333333333331
0.11778190778895484	0.21052631578947367
0.11741308874607917	0.2127659574468085
0.1170358669007259	0.21505376344086025
0.11664995350599777	0.21739130434782608
0.11625504653005775	0.2197802197802198
0.11585082989039985	0.22222222222222224
0.11543697263476516	0.2247191011235955
0.11501312806520161	0.2272727272727273
0.11457893280015277	0.22988505747126436
0.11413400576934632	0.23255813953488372
0.11367794713643822	0.23529411764705882
0.11321033714292669	0.23809523809523808
0.11273073486700037	0.24096385542168675
0.11223867688956948	0.24390243902439024
0.11173367586016338	0.24691358024691357
0.11121521895358012	0.25
0.11068276620735722	0.25316455696202533
0.11057454662533178	0.25380710659898476
0.1104657398574182	0.2544529262086514
0.11035634115819107	0.2551020408163266
0.1102463457316584	0.2557544757033248
0.11013574873043351	0.2564102564102565
0.11002454525528496	0.25706940874035994
0.1099127303541958	0.2577319587628867
0.10980029902178301	0.25839793281653756
0.10968724619865512	0.25906735751295346
0.10957356677057371	0.2597402597402598
0.10945925556771714	0.2604166666666668
0.10934430736410554	0.26109660574412547
0.10922871687664822	0.26178010471204205
0.10911247876446437	0.26246719160105003
0.10899558762807324	0.26315789473684226
0.10887803800873466	0.2638522427440635
0.10875982438743505	0.2645502645502647
0.1086409411841748	0.2652519893899206
0.10852138275722617	0.2659574468085108
0.10840114340214135	0.26666666666666683
0.10828021735089989	0.2673796791443852
0.10815859877124132	0.26809651474530855
0.10803628176552701	0.26881720430107553
0.10791326036996848	0.2695417789757415
0.10778952855370004	0.2702702702702705
0.10766508021791169	0.2710027100271005
0.10753990919476485	0.27173913043478287
0.10741400924652587	0.27247956403269785
0.1072873740646496	0.2732240437158473
0.10715999726863461	0.27397260273972635
0.10703187240516257	0.2747252747252751
0.1069029929470103	0.2754820936639122
0.10677335229200954	0.2762430939226523
0.10664294376202224	0.27700831024930783
0.10651176060176262	0.2777777777777782
0.1063797959779652	0.2785515320334266
0.10624704297796059	0.27932960893854786
0.10611349460871271	0.2801120448179276
0.10597914379571441	0.28089887640449485
0.10584398338171346	0.2816901408450709
0.10570800612555338	0.28248587570621514
0.10557120470107884	0.2832861189801705
0.10543357169574218	0.28409090909090956
0.10529509960947675	0.2849002849002854
0.1051557808533592	0.28571428571428625
0.10501560774844121	0.2865329512893988
0.10487457252432919	0.287356321839081
0.10473266731780784	0.2881844380403464
0.10458988417171036	0.289017341040463
0.10444621503329281	0.28985507246376874
0.1043016517529176	0.2906976744186053
0.10415618608279617	0.2915451895043738
0.10400980967527401	0.2923976608187141
0.10386251408153503	0.29325513196481007
0.10371429075001493	0.2941176470588242
0.10356513102500439	0.29498525073746384
0.10341502614494068	0.2958579881656812
0.10326396724093312	0.29673590504451114
0.10311194533516735	0.29761904761904834
0.1029589513391998	0.2985074626865679
0.10280497605234697	0.29940119760479117
0.10265001016006699	0.3003003003003011
0.10249404423209577	0.30120481927710924
0.10233706872083041	0.30211480362537846
0.10217907395947237	0.30303030303030387
0.10202005016030385	0.3039513677811559
0.1018599874127654	0.3048780487804887
0.1016988756816008	0.3058103975535177
0.10153670480505492	0.30674846625766966
0.1013734644927728	0.30769230769230865
0.10120914432396164	0.3086419753086429
0.10104373374538436	0.3095975232198152
0.10087722206920366	0.31055900621118115
0.10070959847100645	0.31152647975077985
0.1005408519876718	0.31250000000000105
0.10037097151527799	0.3134796238244525
0.10019994580677749	0.31446540880503254
0.10002776346985157	0.31545741324921245
0.09985441296475989	0.3164556962025328
0.09967988260179396	0.3174603174603186
0.099504160539136	0.318471337579619
0.0993272347803998	0.31948881789137495
0.099149093172163	0.3205128205128217
0.09896972340156336	0.32154340836012985
0.09878911299373273	0.3225806451612916
0.09860724930932484	0.3236245954692569
0.09842411954174626	0.32467532467532595
0.09823971071466499	0.3257328990228026
0.098054009679251	0.32679738562091637
0.0978670031114031	0.3278688524590178
0.09767867750893229	0.328947368421054
0.09748901918887547	0.3300330033003315
0.09729801428438489	0.331125827814571
0.0971056487418799	0.33222591362126397
0.09691190831807613	0.33333333333333487
0.09671677857689978	0.33444816053511855
0.09661868814754483	0.3350083752093818
0.09652024488635476	0.33557046979865923
0.09642144693323193	0.3361344537815142
0.09632229241540544	0.3367003367003383
0.09622277944730877	0.3372681281618903
0.09612290613066105	0.33783783783783944
0.09602267055409856	0.33840947546531464
0.09592207079326631	0.3389830508474593
0.09582110491061052	0.33955857385399146
0.09571977095538227	0.3401360544217703
0.09561806696337376	0.3407155025553679
0.09551599095690254	0.34129692832764674
0.09541354094478388	0.34188034188034355
0.09531071492201658	0.34246575342465924
0.09520751086981405	0.34305317324185425
0.09510392675552849	0.3436426116838506
0.094999960532393	0.34423407917383997
0.09489561013951248	0.34482758620689835
0.0947908735016964	0.3454231433506063
0.09468574852944	0.3460207612456766
0.09458023311866229	0.3466204506065876
0.0944743251506633	0.34722222222222404
0.09436802249205206	0.3478260869565236
0.09426132299453722	0.3484320557491308
0.09415422449481738	0.34904013961605773
0.09404672481454454	0.3496503496503516
0.09393882176010981	0.35026269702276897
0.09383051312253488	0.35087719298245806
0.09372179667735098	0.35149384885764695
0.09361267018455575	0.35211267605634
0.09350313138832082	0.3527336860670214
0.09339317801697374	0.3533568904593659
0.09328280778289494	0.35398230088495775
0.09317206656855627	0.35460992907801625
0.09306091791527399	0.35523978685612995
0.09294934557940447	0.3558718861209985
0.09283734720791982	0.35650623885918215
0.09272492043118388	0.3571428571428592
0.09261206286265064	0.35778175313059246
0.09249877209890717	0.3584229390681025
0.09238504571939776	0.35906642728905064
0.09227088128632892	0.3597122302158295
0.09215627634460621	0.3603603603603625
0.09204122842152669	0.361010830324912
0.09192573502679034	0.36166365280289553
0.09180979365226735	0.36231884057971236
0.09169340177184467	0.36297640653357754
0.09157655684136574	0.3636363636363659
0.09145925629835142	0.3642987249544649
0.09134149756200043	0.3649635036496373
0.09122327803288535	0.3656307129798926
0.09110459509286357	0.3663003663003686
0.09098544610500811	0.3669724770642225
0.09086582841327048	0.36764705882353177
0.09074573934252236	0.36832412523020497
0.09062517619820992	0.3690036900369028
0.09050413626631798	0.36968576709796913
0.09038261681321937	0.3703703703703728
0.09026061508536315	0.37105751391465924
0.0901381283093154	0.3717472118959132
0.09001515369143105	0.3724394785847325
0.0898916884177561	0.3731343283582115
0.08976772965387446	0.3738317757009371
0.08964327454467498	0.3745318352059951
0.08951832021428147	0.3752345215759876
0.08939286376574972	0.3759398496240628
0.08926690228099375	0.3766478342749555
0.08914043282060453	0.37735849056604037
0.08901345242359651	0.3780718336483958
0.08888595810735096	0.37878787878788145
0.08875794686730154	0.3795066413662266
0.08862941567685077	0.380228136882132
0.08850036148717792	0.3809523809523837
0.08837078122699174	0.3816793893129799
0.08824067180243991	0.38240917782027045
0.08811003009683031	0.38314176245211007
0.08797885297048356	0.38387715930902394
0.08784713726058263	0.38461538461538747
0.08771487978090452	0.38535645472061947
0.08758207732171398	0.386100386100389
0.08744872664949235	0.3868471953578365
0.08731482450676145	0.3875968992248091
0.08718036761195097	0.38834951456310973
0.08704535265908857	0.38910505836576176
0.08690977631773952	0.3898635477582876
0.08677363523265985	0.390625000000003
0.08663692602366198	0.3913894324853259
0.08649964528550652	0.3921568627451011
0.08636178958748007	0.3929273084479402
0.08622335547341137	0.39370078740157793
0.08608433946131212	0.39447731755424376
0.08594473804321673	0.3952569169960506
0.08580454768501938	0.3960396039603992
0.08566376482617019	0.39682539682539997
0.08552238587955163	0.39761431411531134
0.08538040723119922	0.3984063745019953
0.0852378252400891	0.3992015968063905
0.0850946362379971	0.40000000000000324
0.08495083652915209	0.4008016032064161
0.0848064223901635	0.4016064257028146
0.08466139006965942	0.4024144869215326
0.08451573578813418	0.4032258064516163
0.08436945573777464	0.4040404040404075
0.0842225460820742	0.4048582995951452
0.08407500295581785	0.4056795131845876
0.08392682246468586	0.40650406504065395
0.08377800068506241	0.40733197556008505
0.08362853366390224	0.408163265306126
0.08347841741833448	0.4089979550102285
0.08332764793560746	0.40983606557377406
0.08317622117269563	0.41067761806981884
0.08302413305614877	0.41152263374485964
0.0828713794818762	0.4123711340206222
0.08271795631480808	0.41322314049587144
0.08256385938881797	0.4140786749482439
0.08240908450629503	0.4149377593361034
0.08225362743802013	0.4158004158004196
0.08209748392296849	0.41666666666667046
0.08194064966790832	0.41753653444676797
0.08178312034731625	0.41841004184100805
0.08162489160303404	0.41928721174004585
0.08146595904403173	0.4201680672268947
0.08130631824626429	0.42105263157895134
0.08114596475226052	0.4219409282700462
0.08098489407102716	0.42283298097251987
0.08082310167769731	0.4237288135593261
0.08066058301333014	0.4246284501061612
0.08049733348467311	0.4255319148936211
0.08033334846387478	0.4264392324093858
0.08016862328827444	0.4273504273504315
0.0800031532601049	0.4282655246252719
0.07983693364626468	0.4291845493562274
0.07966995967812693	0.4301075268817247
0.07950222655116337	0.431034482758625
0.0793337294248399	0.43196544276458315
0.07916446342222326	0.4329004329004372
0.07899442362981546	0.4338394793926291
0.07882360509734423	0.4347826086956566
0.0786520028373741	0.43572984749455784
0.07847961182521676	0.43668122270742804
0.07830642699855729	0.43763676148796954
0.07813244325723014	0.43859649122807476
0.0779576554630878	0.43956043956044416
0.07778205843955766	0.44052863436123807
0.07760564697160023	0.4415011037527641
0.07742841580528192	0.4424778761061994
0.07725035964764825	0.44345898004435064
0.07707147316647278	0.44444444444444925
0.07689175098995601	0.44543429844098476
0.07671118770655298	0.4464285714285763
0.07652977786468804	0.4474272930648818
0.07634751597252522	0.4484304932735475
0.07616439649780497	0.449438202247196
0.07598041386748444	0.4504504504504554
0.07579556246763165	0.4514672686230298
0.07560983664313821	0.4524886877828105
0.07542323069749096	0.4535147392290301
0.07523573889259487	0.4545454545454597
0.07504735544850241	0.4555808656036498
0.07485807454326422	0.4566210045662153
0.07466789031265401	0.4576659038901654
0.07447679684997442	0.45871559633028053
0.07428478820594592	0.45977011494253406
0.0740918583883344	0.46082949308756294
0.0738980013619689	0.46189376443418556
0.07370321104837727	0.4629629629629684
0.0735074813256551	0.46403712296984306
0.07331080602837899	0.465116279069773
0.07311317894729574	0.4662004662004718
0.07291459382926711	0.4672897196261738
0.0727150443770435	0.4683840749414576
0.07251452424911138	0.4694835680751231
0.0723130270596354	0.4705882352941234
0.07211054637820005	0.47169811320755295
0.07190707572978074	0.47281323877069137
0.07170260859454305	0.4739336492891054
0.07149713840777336	0.47505938242280876
0.07129065855979624	0.47619047619048216
0.07108316239582464	0.47732696897375304
0.0708746432159014	0.47846889952153715
0.07066509427484344	0.4796163069544426
0.07045450878213558	0.4807692307692369
0.07024287990194691	0.4819277108433797
0.07003020075300337	0.4830917874396198
0.06981646440866027	0.48426150121066003
0.06960166389678808	0.48543689320388983
0.06938579219983404	0.4866180048661864
0.06916884225486016	0.4878048780487869
0.06895080695346434	0.4889975550122314
0.06873167914196025	0.4901960784313791
0.06851145162134564	0.49140049140049796
0.068290117147399	0.49261083743843026
0.06806766843082121	0.49382716049383385
0.06784409813727532	0.4950495049505018
0.06761939888759491	0.49627791563276114
0.0673935632578798	0.4975124378109521
0.06716658377969337	0.49875311720698945
0.0669384529403039	0.5000000000000069
0.06670916318278702	0.5012531328320872
0.06666316549302033	0.5015045135406289
0.06661712108161878	0.5017561465128019
0.06657102988749283	0.5020080321285212
0.06652489184950762	0.5022601707684652
0.06647870690641268	0.5025125628140776
0.06643247499693525	0.5027652086475688
0.06638619605970558	0.5030181086519188
0.0663398700332768	0.503271263210878
0.06629349685617573	0.5035246727089702
0.06624707646680286	0.5037783375314936
0.06620060880354076	0.5040322580645236
0.0661540938046751	0.5042864346949143
0.06610753140841205	0.5045408678103002
0.06606092155293264	0.504795557799099
0.06601426417629339	0.5050505050505127
0.06596755921654224	0.5053057099545302
0.06592080661161887	0.5055611729019289
0.06587400629937863	0.5058168942842769
0.06582715821767703	0.506072874493935
0.0657802623042228	0.5063291139240585
0.06573331849672566	0.5065856129685996
0.06568632673277458	0.5068423720223091
0.06563928694990338	0.5070993914807382
0.06559219908561906	0.5073566717402415
0.06554506307729208	0.5076142131979777
0.06549787886229672	0.5078720162519127
0.06545064637789012	0.5081300813008213
0.06540336556127363	0.5083884087442889
0.0653560363496055	0.5086469989827144
0.06530865867993867	0.5089058524173112
0.06526123248930066	0.5091649694501102
0.06521375771462125	0.5094243504839616
0.06516623429277157	0.5096839959225365
0.0651186621605704	0.5099439061703299
0.0650710412547499	0.5102040816326617
0.06502337151199919	0.51046452271568
0.06497565286893212	0.5107252298263621
0.06492788526207505	0.5109862033725178
0.06488006862793615	0.51124744376279
0.06483220290290218	0.5115089514066585
0.06478428802335318	0.5117707267144409
0.06473632392557098	0.5120327700972952
0.06468831054575996	0.5122950819672222
0.0646402478200955	0.512557662737067
0.06459213568465039	0.512820512820522
0.06454397407548343	0.5130836326321282
0.06449576292854668	0.5133470225872783
0.06444750217973126	0.5136106831022178
0.06439919176489747	0.5138746145940485
0.06435083161979815	0.5141388174807292
0.0643024216801702	0.5144032921810794
0.06425396188165088	0.5146680391147805
0.06420545215981346	0.5149330587023783
0.06415689245021035	0.5151983513652852
0.064108282688277	0.5154639175257829
0.0640596228094353	0.5157297576070237
0.06401091274902003	0.5159958720330335
0.06396215244228913	0.516262261228714
0.06391334182447843	0.5165289256198445
0.06386448083072419	0.5167958656330849
0.0638155693961378	0.5170630816959769
0.06376660745574558	0.5173305742369474
0.06371759494449847	0.5175983436853103
0.06366853179733592	0.5178663904712686
0.06361941794908335	0.5181347150259169
0.06357025333456268	0.518403317781244
0.06352103788847643	0.5186721991701347
0.06347177154549903	0.5189413596263726
0.06342245424026335	0.5192107995846418
0.06337308590729157	0.5194805194805299
0.06332366648110924	0.5197505197505302
0.06327419589614049	0.5200208008320438
0.06322467408674191	0.5202913631633821
0.06317510098726804	0.5205622071837691
0.06312547653195316	0.520833333333344
0.06307580065502369	0.5211047420531635
0.063026073290612	0.5213764337852037
0.06297629437280483	0.5216484089723635
0.062926463835651	0.521920668058466
0.06287658161310579	0.5221932114882617
0.06282664763911466	0.52246603970743
0.06277666184752875	0.5227391531625829
0.06272662417215105	0.5230125523012664
0.06267653454675054	0.523286237571963
0.06262639290500657	0.523560209424095
0.06257619918058736	0.523834468308026
0.06252595330706875	0.5241090146750638
0.062475655217980305	0.5243838489774629
0.06242530484681129	0.524658971668427
0.0623749021269792	0.5249343832021113
0.06232444699187388	0.525210084033625
0.06227393937481365	0.5254860746190342
0.06222337920904761	0.525762355415364
0.06217276642781867	0.5260389268806009
0.062122100964266964	0.5263157894736961
0.062071382751527626	0.5265929436545669
0.06202061172265254	0.5268703898841005
0.061969787810632004	0.5271481286241554
0.0619189109484626	0.5274261603375647
0.061867981069016156	0.5277044854881388
0.061816998105182146	0.5279831045406668
0.0617659619897536	0.5282620179609209
0.0617148726554876	0.528541226215657
0.06166373003510302	0.5288207297726194
0.061612534061247365	0.5291005291005415
0.06156128466655876	0.5293806246691495
0.061509981783585285	0.529661016949165
0.0614586253448389	0.5299417064123072
0.06140721528280668	0.5302226935312957
0.061355751529899194	0.5305039787798536
0.06130423401851246	0.5307855626327092
0.06125266268096035	0.5310674455655996
0.06120103744951981	0.5313496280552732
0.061149358256455705	0.5316321105794919
0.061097625033935433	0.5319148936170343
0.061045837714141925	0.5321979776476979
0.060993996229164654	0.5324813631523028
0.060942100511051644	0.5327650506126929
0.060890150491853465	0.5330490405117403
0.06083814610351853	0.5333333333333465
0.06078608727800292	0.5336179295624466
0.060733973947187964	0.5339028296850107
0.06068180604290474	0.5341880341880476
0.060629583497006215	0.5344735435596073
0.060577306241217314	0.5347593582887835
0.060524974207293095	0.5350454788657172
0.06047258732691632	0.5353319057815982
0.060420145531718226	0.5356186395286693
0.06036764875333417	0.5359056806002281
0.06031509692330771	0.5361930294906304
0.06026248997320205	0.5364806866952929
0.06020982783448889	0.5367686527106956
0.060157110438625074	0.5370569280343856
0.060104337717055624	0.5373455131649791
0.06005150960113553	0.5376344086021647
0.059998626022237087	0.537923614846706
0.05994568691167109	0.5382131324004448
0.059892692200703146	0.5385029617663041
0.05983964182059209	0.5387931034482902
0.059786535702535705	0.539083557951497
0.05973337377772732	0.5393743257821073
0.05968015597730938	0.5396654074473971
0.05962688223238395	0.5399568034557382
0.059573552474043154	0.5402485143166004
0.059520166633328056	0.5405405405405552
0.05946672464127486	0.5408328826392793
0.059413226428865866	0.541125541125556
0.05935967192704298	0.5414185165132797
0.0593060610667644	0.5417118093174581
0.05925239377891388	0.5420054200542156
0.05919866999438206	0.542299349240796
0.05914488964400746	0.5425935973955659
0.05909105265860046	0.5428881650380174
0.0590371589689833	0.5431830526887714
0.05898320850589361	0.5434782608695806
0.05892920120010483	0.5437737901033325
0.0588751369823217	0.5440696409140524
0.05882101578323296	0.5443658138269072
0.05876683753352623	0.5446623093682074
0.058712602163837876	0.5449591280654108
0.05865830960481008	0.5452562704471259
0.05860395978705228	0.5455537370431145
0.05854955264112417	0.5458515283842953
0.058495088097623785	0.5461496450027468
0.058440566087075145	0.54644808743171
0.05838598654002608	0.5467468562055928
0.058331349386972764	0.5470459518599723
0.058276654558400365	0.5473453749315981
0.05822190198480692	0.5476451259583952
0.05816709159662872	0.5479452054794685
0.05811222332432932	0.5482456140351042
0.05805729709832598	0.5485463521667745
0.05800231284903052	0.5488474204171405
0.057947270506859425	0.5491488193300551
0.05789217000218197	0.5494505494505662
0.05783701126539832	0.5497526113249205
0.057781794226859	0.5500550055005669
0.05772651881691257	0.5503577325261588
0.057671184965921884	0.5506607929515588
0.05761579260420643	0.5509641873278406
0.05756034166211274	0.5512679162072938
0.05750483206994837	0.5515719801434258
0.05744926375801919	0.5518763796909664
0.05739363665665126	0.5521811154058703
0.05733795069612799	0.5524861878453212
0.05728220580676266	0.5527915975677343
0.0572264019188436	0.5530973451327608
0.057170538962650785	0.5534034311012903
0.05711461686849045	0.553709856035455
0.05705863556662824	0.5540166204986327
0.05700259498736952	0.5543237250554501
0.05694649506099947	0.554631170271787
0.056890335717788745	0.5549389567147792
0.05683411688804653	0.5552470849528219
0.05677783850204729	0.5555555555555736
0.05672150049010921	0.5558643690939592
0.05666510278251999	0.5561735261401739
0.05660864530957126	0.5564830272676866
0.056552128001601594	0.5567928730512433
0.05649555078890714	0.5571030640668707
0.0564389136018326	0.5574136008918802
0.056382216370710204	0.5577244841048706
0.05632545902586671	0.5580357142857328
0.05626864149768756	0.5583472920156523
0.05621176371651226	0.5586592178771137
0.05615482561274559	0.5589714924539037
0.056097827116769965	0.559284116331115
0.05604076815897904	0.5595970900951504
0.05598364866982364	0.5599104143337256
0.055926468579720334	0.5602240896358733
0.055869227819143316	0.5605381165919474
0.055811926318559725	0.5608524957936255
0.055754564008455264	0.5611672278339137
0.05569714081936194	0.5614823133071501
0.055639656681793825	0.5617977528090081
0.055582111526336415	0.5621135469365006
0.05552450528354867	0.5624296962879836
0.055466837884039846	0.5627462014631597
0.05540910925845194	0.5630630630630827
0.05535131933741993	0.5633802816901605
0.05529346805165872	0.5636978579481596
0.055235555331861814	0.5640157924422082
0.055177581108765764	0.564334085778801
0.055119545313160836	0.564652738565802
0.05506144787583456	0.5649717514124495
0.055003288727646156	0.5652911249293588
0.05494506779945316	0.5656108597285271
0.05488678502215813	0.5659309564233367
0.054828440326716577	0.5662514156285594
0.054770033644091914	0.5665722379603604
0.05471156490532407	0.5668934240363017
0.05465303404146177	0.5672149744753467
0.05459444098359441	0.567536889897864
0.054535785662883404	0.5678591709256312
0.05447706801048785	0.568181818181839
0.05441828795766446	0.5685048322910954
0.054359445435673046	0.5688282138794294
0.054300540375827946	0.5691519635742954
0.05424157270951268	0.569476082004577
0.054182542368138124	0.569800569800591
0.05412344928317911	0.5701254275940919
0.05406429338615712	0.5704506560182758
0.054005074608629355	0.570776255707784
0.05394579288225503	0.571102227298708
0.05388644813868469	0.5714285714285929
0.05382704030968771	0.5717552887364424
0.053767569327056536	0.5720823798627219
0.053708035122635556	0.5724098454493636
0.05364843762836275	0.5727376861397699
0.05358877677620926	0.5730659025788185
0.05352905249823358	0.573394495412866
0.05346926472654574	0.5737234652897525
0.05340941339330558	0.5740528128588052
0.05334949843078056	0.5743825387708437
0.053289519771274746	0.5747126436781833
0.05322947734718375	0.57504312823464
0.053169371090958525	0.5753739930955346
0.05310920093512475	0.5757052389176966
0.053048966812303124	0.5760368663594696
0.052988668655160304	0.5763688760807144
0.05292830639648332	0.576701268742814
0.052867879969092674	0.5770340450086784
0.05280738930590817	0.5773672055427481
0.052746834339957055	0.5777007510109994
0.052686215004297224	0.578034682080948
0.052625531232130277	0.5783689994216542
0.05256478295670614	0.5787037037037269
0.0525039701113684	0.5790387955993285
0.05244309262958058	0.5793742757821787
0.052382150444841354	0.5797101449275598
0.052321143490811184	0.5800464037123205
0.05226007170119785	0.5803830528148815
0.05219893500981224	0.5807200929152386
0.052137733350584956	0.5810575246949686
0.052076466657521865	0.5813953488372332
0.052015134864752205	0.5817335660267837
0.051953737906497884	0.5820721769499658
0.051892275717072334	0.5824111822947242
0.051830748230933796	0.582750582750607
0.05176915538260096	0.5830903790087707
0.051707497106759016	0.5834305717619848
0.051645773338154746	0.5837711617046363
0.0515839840116636	0.5841121495327348
0.05152212906229848	0.5844535359439171
0.05146020842515995	0.5847953216374516
0.05139822203549635	0.5851375073142437
0.051336169828657366	0.58548009367684
0.05127405174010713	0.5858230814294333
0.05121186770547668	0.5861664712778679
0.05114961766047375	0.5865102639296439
0.05108730154097439	0.586854460093922
0.05102491928296687	0.5871990604815285
0.05096247082255774	0.5875440658049608
0.05089995609602105	0.5878894767783911
0.05083737503974614	0.5882352941176726
0.05077472759027688	0.5885815185403435
0.05071201368427751	0.5889281507656323
0.05064923325855718	0.5892751915144631
0.05058638625010185	0.5896226415094599
0.05052347259599171	0.5899705014749522
0.05046049223351112	0.59031877213698
0.05039744510005502	0.5906674542232985
0.05033433113317788	0.5910165484633833
0.05027115027061099	0.5913660555884356
0.05020790245021538	0.5917159763313874
0.050144587610041993	0.5920663114269064
0.05008120568827456	0.592417061611401
0.05001775662326674	0.5927682276230261
0.04995424035356205	0.5931198102016875
0.04989065681783282	0.5934718100890477
0.04982700595496195	0.5938242280285305
0.049763287703981224	0.5941770647653271
0.049699502004088354	0.5945303210464005
0.0496356487946991	0.5948839976204913
0.049571728015358266	0.5952380952381225
0.04950773960583712	0.5955926146516057
0.04944368350606299	0.5959475566150454
0.04937955965615352	0.5963029218843447
0.049315367996429806	0.5966587112172115
0.04925110846738924	0.597014925373162
0.04918678100973728	0.5973715651135284
0.04912238556436712	0.5977286312014625
0.04905792207236099	0.5980861244019419
0.048993390475034024	0.5984440454817755
0.0489287907138604	0.598802395209609
0.04886412273057446	0.5991611743559301
0.048799386467072325	0.5995203836930739
0.04873458186547996	0.5998800239952294
0.04866970886815001	0.6002400960384439
0.048604767417628404	0.6006006006006293
0.04853975745670665	0.6009615384615672
0.04847467892837583	0.6013229104029152
0.04840953177585605	0.6016847172082118
0.04834431594261713	0.6020469596628827
0.0482790313723224	0.6024096385542459
0.04821367800891005	0.602772754671518
0.04814825579651669	0.6031363088058194
0.04808276467953325	0.6035003017501803
0.0480172046026041	0.6038647342995463
0.04795157551059563	0.6042296072507848
0.04788587734864251	0.6045949214026899
0.04782011006211431	0.6049606775559886
0.04775427359663236	0.605326876513347
0.047688367898097724	0.6056935190793757
0.04762239291263766	0.606060606060636
0.04755634858666993	0.6064281382656457
0.047490234866860576	0.6067961165048845
0.047424051700135327	0.6071645415908014
0.04735779903372929	0.6075334143378189
0.047291476815102734	0.6079027355623405
0.04722508499203927	0.6082725060827556
0.0471586235125641	0.6086427267194463
0.04709209232499969	0.6090133982947933
0.04702549137798115	0.6093845216331815
0.046958820620384256	0.6097560975610066
0.046892080001422615	0.6101281269066815
0.04682526947058764	0.6105006105006416
0.046758388977660985	0.610873549175352
0.04669143847275028	0.6112469437653125
0.046624417906245705	0.611620795107065
0.046557327228875296	0.6119951040391992
0.04649016639165393	0.6123698714023587
0.04642293534591898	0.6127450980392475
0.046355634043347006	0.6131207847946364
0.046288262435907966	0.6134969325153693
0.04622082047593242	0.6138735420503696
0.04615330811605797	0.6142506142506464
0.04608572530925123	0.6146281499693008
0.04601807200884953	0.6150061500615329
0.04595036209554083	0.6153846153846478
0.04588259053225557	0.6157635467980621
0.04581474829236875	0.6161429451633105
0.04574683533035585	0.6165228113440525
0.04567885165336591	0.6169031462060784
0.045610797111864415	0.6172839506173169
0.045542671713843484	0.6176652254478403
0.04547447541520079	0.6180469715698724
0.04540620817226054	0.6184291898577945
0.04533786994167426	0.6188118811881521
0.0452694606805116	0.619195046439662
0.045200980346188566	0.6195786864932182
0.045132428896541316	0.6199628022318997
0.04506380628976865	0.6203473945409766
0.04499511248449624	0.6207324643079172
0.04492634743970868	0.6211180124223942
0.044857511114831654	0.6215040397762925
0.044788603469667315	0.6218905472637157
0.04471962446446294	0.6222775357809925
0.044650574059844086	0.6226650062266844
0.044581452216893434	0.623052959501592
0.04451225889708063	0.6234413965087627
0.04444299406234086	0.6238303181534969
0.044373657675009615	0.6242197253433556
0.044304249697890874	0.6246096189881674
0.04423477009419898	0.625000000000035
0.04416521882762579	0.6253908692933432
0.04409559586228579	0.6257822277847659
0.044025901162774286	0.6261740763932723
0.04395613469412199	0.6265664160401353
0.043886296421851025	0.6269592476489378
0.04381638631192362	0.6273525721455809
0.0437464043308063	0.6277463904582901
0.043676350445417296	0.6281407035176232
0.04360622462317901	0.6285355122564777
0.04353602683198411	0.6289308176100982
0.0434657570402422	0.6293266205160831
0.0433954152168327	0.629722921914393
0.04332500133117033	0.6301197227473574
0.04325451535313474	0.6305170239596823
0.043183957253167614	0.6309148264984582
0.04311332700218725	0.6313131313131668
0.04304262457166964	0.6317119393556893
0.04297184993358631	0.6321112515803138
0.04290100306047064	0.6325110689437421
0.04283008392537372	0.6329113924050989
0.04275909250190939	0.6333122229259381
0.042688028764217394	0.6337135614702512
0.04261689268701886	0.6341154090044745
0.04254568424557009	0.6345177664974977
0.042474403415717676	0.6349206349206706
0.042403050173848406	0.6353240152478122
0.04233162449696049	0.6357279084552171
0.04226012636259935	0.6361323155216645
0.04218855574893537	0.6365372374284255
0.04211691263468979	0.6369426751592716
0.042045196999225695	0.6373486297004821
0.041973408822470956	0.6377551020408524
0.041901548085000184	0.6381620931717016
0.04182961476797556	0.6385696040868816
0.04175760885320418	0.6389776357827838
0.041685530323094855	0.6393861892583483
0.041613379160721456	0.6397952655150714
0.04154115534977027	0.6402048655570146
0.041468858874599335	0.6406149903908115
0.04139648972018914	0.6410256410256774
0.04132404787221388	0.6414368184734167
0.0412515333169754	0.6418485237484318
0.0411789460414868	0.6422607578677307
0.04110628603339363	0.6426735218509362
0.041033553281070875	0.6430868167202939
0.04096074777353899	0.6435006435006801
0.040887869500558296	0.6439150032196117
0.04081491845255092	0.6443298969072532
0.04074189462069172	0.6447453255964262
0.04066879799682857	0.6451612903226174
0.040595628573571116	0.6455777921239878
0.04052238634422472	0.6459948320413805
0.04044907130286459	0.6464124111183303
0.04037568344427621	0.6468305304010719
0.04030222276402682	0.6472491909385483
0.04022868925841332	0.6476683937824204
0.0401550829245174	0.6480881399870753
0.040081403760185576	0.648508430609635
0.040007651764038143	0.6489292667099656
0.03993382693548225	0.6493506493506864
0.03985992927473515	0.6497725795971782
0.03978595878278069	0.6501950585175925
0.03971191546145016	0.650618087182861
0.039637799313350305	0.6510416666667039
0.039563610341949544	0.65146579804564
0.03948934855150836	0.6518904823989944
0.039415013947165636	0.652315720808909
0.039340606534862155	0.6527415143603508
0.039266126321431775	0.6531678641411218
0.03919157331454152	0.6535947712418676
0.03911694752274561	0.6540222367560873
0.03904224895545421	0.6544502617801423
0.03896747762298932	0.6548788474132662
0.03889263353653845	0.6553079947575737
0.03881771670822272	0.6557377049180706
0.03874272715102782	0.6561679790026624
0.03866766487890355	0.6565988181221651
0.0385925299066915	0.6570302233903138
0.03851732225018984	0.6574621959237723
0.03844204192611918	0.6578947368421433
0.03836668895217163	0.6583278472679774
0.0382912633469814	0.6587615283267838
0.038215765130167396	0.6591957811470388
0.038140194322305074	0.6596306068601965
0.03806455094498124	0.6600660066006981
0.037988835020749206	0.6605019815059827
0.03791304657319837	0.6609385327164956
0.03783718562690158	0.6613756613756996
0.03776125220747132	0.6618133686300847
0.03768524634153999	0.6622516556291774
0.037609168056791785	0.662690523525552
0.037533017381944506	0.6631299734748395
0.03745679434680307	0.6635700066357385
0.03738049894211527	0.6640106241700252
0.03730413128011167	0.6644518272425635
0.0372276913536022	0.6648936170213151
0.03715117919672553	0.6653359946773507
0.03707459484468585	0.6657789613848588
0.036997938333845584	0.666222518321158
0.036921209701656854	0.6666666666667054
0.03684440898674017	0.6671114076051088
0.036767536228837445	0.6675567423231363
0.03669059146886812	0.6680026720107269
0.036613574748900236	0.6684491978610014
0.036536486112202504	0.6688963210702731
0.03645932560320536	0.6693440428380577
0.03638209326756268	0.6697923643670853
0.03630478915211819	0.67024128686331
0.036227413304953354	0.6706908115359211
0.03614996577535808	0.6711409395973545
0.036072446613897635	0.6715916722633032
0.03599485587234745	0.6720430107527274
0.035917193603788734	0.672494956287867
0.035839459862541036	0.6729475100942519
0.03576165470424382	0.6734006734007127
0.03568377818579758	0.6738544474393926
0.03560583036545264	0.6743088334457576
0.03552781130273548	0.6747638326586091
0.03544972105854723	0.6752194463200936
0.0353715596951014	0.6756756756757153
0.035293327275983374	0.6761325219743466
0.035215023866134114	0.67658998646824
0.035136649531894625	0.677048070413039
0.03505820434096173	0.6775067750677904
0.034979688362477265	0.6779661016949551
0.034901101666966826	0.6784260515604199
0.034822444326400886	0.678886625933509
0.034743716414181204	0.6793478260869965
0.03466491800518086	0.6798096532971167
0.034586049175706214	0.6802721088435775
0.034507110003579394	0.6807351940095705
0.03442810056808293	0.681198910081784
0.034349020950029174	0.6816632583504151
0.03426987123172361	0.6821282401091808
0.034190651497032015	0.6825938566553303
0.03411136183133038	0.6830601092896578
0.034032002321588026	0.6835269993165134
0.03395257305631273	0.683994528043816
0.0338730741256242	0.6844626967830658
0.03379350562121775	0.6849315068493556
0.03371386763642298	0.685400959561384
0.03363416026617404	0.6858710562414672
0.03355438360707139	0.686341798215552
0.03347453775734128	0.6868131868132276
0.03339462281690297	0.6872852233677383
0.03331463888734725	0.6877579092159968
0.03323458607197029	0.6882312456985956
0.03315446447576818	0.6887052341598204
0.03307427420548629	0.6891798759476632
0.03299401536958914	0.689655172413834
0.03291368807832133	0.6901311249137747
0.032833292443674486	0.6906077348066709
0.03275282857945656	0.6910850034554661
0.03267229660125493	0.6915629322268737
0.032591696626503366	0.6920415224913907
0.03251102877443263	0.6925207756233099
0.03243029316616946	0.6930006930007343
0.032349489924662245	0.6934812760055892
0.03226861917478239	0.6939625260236361
0.032187681043266816	0.6944444444444858
0.032106675658796456	0.694927032661612
0.03202560315195767	0.6954102920723643
0.0319444636553116	0.6958942240779817
0.03186325730335821	0.6963788300836071
0.031781984232604185	0.6968641114982996
0.03170064458153565	0.6973500697350488
0.03161923849067241	0.6978367062107884
0.031537766102550976	0.6983240223464106
0.03145622756177486	0.6988120195667784
0.03137462301499826	0.6993006993007412
0.0312929526109864	0.6997900629811477
0.031211216500581423	0.70028011204486
0.031129414836773683	0.700770847932768
0.03104754777466889	0.7012622720898037
0.03096561547156338	0.7017543859649544
0.03088361808689356	0.7022471910112782
0.03080155578233027	0.7027406886859172
0.030719428721724323	0.7032348804501126
0.030637237071189944	0.703729767769219
0.030554980999071897	0.7042253521127184
0.030472660676005396	0.7047216349542356
0.03039027627490129	0.7052186177715516
0.030307827970996855	0.7057163020466197
0.030225315941848192	0.7062146892655794
0.030142740367376467	0.7067137809187706
0.03006010142985495	0.70721357850075
0.029977399313970872	0.7077140835103046
0.029894634206804688	0.7082152974504676
0.029811806297884387	0.7087172218285333
0.029728915779174327	0.7092198581560714
0.0296459628451367	0.709723207948943
0.029562947692700414	0.7102272727273157
0.029479870521341357	0.7107320540156792
0.029396731533048837	0.7112375533428595
0.02931353093239056	0.711743772242036
0.029230268926501015	0.7122507122507554
0.029146945725137107	0.7127583749109484
0.02906356154065512	0.7132667617689449
0.028980116588092686	0.7137758743754895
0.028896611085126513	0.7142857142857577
0.028813045252151743	0.7147962830593715
0.028729419312264675	0.7153075822604155
0.028645733491313857	0.7158196134574523
0.0285619880178991	0.7163323782235393
0.02847818312342589	0.7168458781362443
0.028394319042081857	0.717360114777662
0.028310396010917758	0.7178750897344299
0.02822641426982497	0.718390804597745
0.028142374061590706	0.7189072609633796
0.0280582756318918	0.7194244604316986
0.027974119229364464	0.7199424046076753
0.027889905105573726	0.7204610951009085
0.02780563351509375	0.720980533525639
0.027721304715486304	0.7215007215007656
0.027636918967358606	0.7220216606498636
0.027552476534366852	0.7225433526012003
0.027467977683271354	0.7230657989877521
0.0273834226839194	0.7235890014472224
0.027298811809324336	0.7241129616220575
0.02721414533563976	0.7246376811594647
0.027129423542229615	0.7251631617114296
0.027044646711659442	0.7256894049347324
0.026959815129766175	0.7262164124909669
0.026874929085631383	0.7267441860465563
0.02678998887166509	0.727272727272772
0.026704994783587586	0.7278020378457507
0.026619947120494106	0.7283321194465124
0.026534846184853442	0.7288629737609778
0.026449692282564247	0.7293946024799867
0.026364485722955074	0.7299270072993151
0.026279226818839034	0.7304601899196944
0.026193915886527225	0.7309941520468287
0.026108553245878085	0.7315288953914132
0.026023139220288753	0.7320644216691521
0.025937674136779155	0.7326007326007778
0.025852158325969626	0.7331378299120688
0.025766592122155076	0.7336757153338679
0.025680975863300655	0.7342143906021013
0.025595309891106963	0.7347538574577972
0.025509594551003455	0.7352941176471044
0.025423830192229345	0.7358351729213113
0.025338017167801784	0.7363770250368645
0.02525215583462006	0.7369196757553884
0.025166246553435023	0.7374631268437036
0.025080289688929648	0.7380073800738465
0.024994285609713087	0.7385524372230887
0.024908234688394905	0.7390983000739558
0.024822137301573444	0.7396449704142471
0.02473599382992187	0.7401924500370556
0.024649804658165228	0.7407407407407868
0.024563570175168054	0.7412898443291789
0.024477290773929388	0.7418397626113221
0.024390966851654223	0.7423904974016795
0.024304598809745094	0.7429420505201058
0.02421818705388551	0.7434944237918679
0.024131731994036572	0.7440476190476655
0.024045234044507112	0.7446016381236503
0.02395869362395145	0.7451564828614475
0.023872111155453596	0.7457121551081748
0.023785487066516613	0.7462686567164646
0.023698821789147704	0.7468259895444829
0.02361211575984922	0.7473841554559512
0.02352536941970585	0.7479431563201665
0.02343858321437267	0.7485029940120229
0.02335175759416289	0.7490636704120319
0.023264893014041176	0.749625187406344
0.023177989933715143	0.7501875468867687
0.02309104881761635	0.750750750750798
0.02300407013499662	0.7513148009016251
0.02291705435993039	0.7518796992481676
0.022830001971376065	0.7524454477050888
0.02274291345320424	0.7530120481928184
0.022655789294260386	0.7535795026375757
0.02256862998837303	0.7541478129713899
0.022481436034439067	0.754716981132123
0.022394207936424253	0.7552870090634917
0.02230694620344357	0.7558578987150892
0.022219651349776774	0.7564296520424079
0.022132323894935295	0.7570022710068608
0.02204496436368108	0.7575757575758055
0.02195757328610516	0.7581501137225649
0.02187015119763665	0.7587253414264516
0.021782698639119517	0.7593014426727891
0.021695216156834393	0.7598784194529357
0.021607704302572327	0.7604562737643067
0.021520163633640187	0.7610350076103983
0.021432594712963472	0.7616146230008098
0.021344998109079444	0.7621951219512678
0.021257374396224656	0.7627765064836487
0.0211697241543583	0.7633587786260027
0.021082047969241294	0.7639419404125771
0.020994346432437742	0.7645259938838406
0.020906620141422135	0.7651109410865062
0.020818869699580373	0.7656967840735556
0.02073109571629815	0.7662835249042633
0.020643298806976115	0.7668711656442206
0.02055547959312446	0.7674597083653598
0.02046763870236782	0.7680491551459783
0.020379776768545944	0.768639508070764
0.02029189443171705	0.7692307692308182
0.020203992338262776	0.7698229407236827
0.02011607114089532	0.770416024653362
0.020028131498747975	0.77101002313035
0.019940174077405955	0.7716049382716543
0.019852199548977652	0.7722007722008216
0.01976420859213637	0.772797527047963
0.019676201892196488	0.7733952049497789
0.01958818014114263	0.7739938080495852
0.019500144037722482	0.7745933384973386
0.01941209428746467	0.7751937984496621
0.01932403160277976	0.7757951900698713
0.019235956702976394	0.7763975155280002
0.01914787031436024	0.7770007770008269
0.019059773170260322	0.7776049766719006
0.01897166601111915	0.7782101167315676
0.01888354958452683	0.7788161993769971
0.01879542464530912	0.7794232268122092
0.018707291955563476	0.7800312012481002
0.018619152284746504	0.7806401249024703
0.018531006409713457	0.7812500000000504
0.018442855114808768	0.781860828772529
0.018354699191903818	0.7824726134585795
0.018266539440481393	0.7830853563038876
0.018178376667687	0.7836990595611791
0.018090211688415167	0.7843137254902467
0.01800204532534794	0.7849293563579786
0.017913878409052474	0.7855459544383856
0.017825711778020004	0.7861635220126295
0.017737546278765833	0.7867820613690518
0.01764938276586522	0.7874015748032006
0.01756122210205623	0.7880220646178604
0.017473065158276287	0.7886435331230796
0.01738491281376895	0.7892659826361996
0.017296765956119425	0.7898894154818838
0.017208625481365696	0.7905138339921463
0.017120492294032372	0.7911392405063805
0.0170323673072382	0.7917656373713895
0.016944251442741733	0.7923930269414146
0.0168561456310466	0.7930214115781642
0.01676805081144811	0.7936507936508453
0.01667996793213103	0.7942811755361916
0.016591897950229167	0.7949125596184938
0.016503841883872723	0.7955449482896303
0.01641580060433126	0.7961783439490966
0.016327775148166163	0.7968127490040361
0.01623976650912641	0.7974481658692706
0.016151775690334602	0.7980845969673307
0.01606380370433518	0.7987220447284868
0.015975851573200726	0.7993605115907798
0.01588792032860021	0.8000000000000524
0.01580001101189376	0.8006405124099804
0.015712124674202597	0.8012820512821038
0.015624262376514408	0.8019246190858585
0.015536425189744133	0.8025682182986081
0.015448614194850257	0.8032128514056752
0.01536083048289388	0.8038585209003745
0.015273075155147033	0.8045052292840432
0.015185349323171731	0.8051529790660755
0.01509765410892196	0.8058017727639532
0.015009990644811125	0.8064516129032789
0.014922360073833726	0.8071025020178095
0.014834763549626895	0.8077544426494878
0.01474720223660025	0.8084074373484769
0.014659677309988095	0.8090614886731926
0.01457218995598639	0.8097165991903368
0.014484741371810007	0.810372771474932
0.014397332765823966	0.8110300081103538
0.01430996535761186	0.8116883116883654
0.01422264037810398	0.8123476848091521
0.014135359069643938	0.8130081300813546
0.014048122686123116	0.8136696501221043
0.013960932493049104	0.8143322475570571
0.013873789767683924	0.8149959250204291
0.013786695799106078	0.8156606851550297
0.013699651888357246	0.8163265306122991
0.013612659348510909	0.8169934640523419
0.013525719504811377	0.8176614881439628
0.01343883369474919	0.8183306055647026
0.013352003268195575	0.8190008190008735
0.013265229587495153	0.8196721311475956
0.013178514027589064	0.8203445447088324
0.013091857976109489	0.8210180623974275
0.013005262833517219	0.8216926869351411
0.012918730013180045	0.8223684210526865
0.012832260941526336	0.8230452674897669
0.012745857058128527	0.8237232289951126
0.012659519815843488	0.8244023083265184
0.012573250680909111	0.8250825082508804
0.01248705113308474	0.8257638315442337
0.012400922665746623	0.826446280991791
0.012314866786039696	0.8271298593879793
0.012228885014963099	0.8278145695364793
0.012142978887536486	0.8285004142502628
0.012057149952877249	0.8291873963516311
0.011971399774375249	0.829875518672255
0.011885729929770146	0.830564784053212
0.011800142011325248	0.8312551953450267
0.011714637625924122	0.8319467554077099
0.011629218395220525	0.8326394671107972
0.011543885955756313	0.8333333333333894
0.011458641959110493	0.8340283569641929
0.011373488072011915	0.8347245409015589
0.011288425976500637	0.8354218880535234
0.011203457370042353	0.8361204013378492
0.01111858396568392	0.836820083682065
0.01103380749217629	0.8375209380235071
0.010949129694133468	0.838222967309361
0.010864552332156434	0.8389261744967011
0.010780077182995979	0.8396305625525338
0.01069570603968042	0.8403361344538385
0.010611440711672197	0.8410428931876096
0.010527283025010199	0.8417508417508989
0.010443234822470449	0.8424599831508575
0.01035929796369486	0.843170320404779
0.010275474325368576	0.8438818565401417
0.010191765801351031	0.844594594594652
0.010108174302854033	0.8453085376162873
0.010024701758574707	0.8460236886633401
0.009941350114871808	0.8467400508044608
0.009858121335913057	0.8474576271187018
0.009775017403848143	0.8481764206955624
0.009692040318958439	0.8488964346350325
0.009609192099837027	0.8496176720476366
0.009526474783532128	0.8503401360544799
0.009443890425743335	0.8510638297872921
0.0093614411009597	0.851788756388474
0.009279128902665315	0.852514919011141
0.009196955943473892	0.853242320819171
0.009114924355338555	0.8539709649872489
0.009033036289698827	0.8547008547009133
0.00895129387805184	0.8554319931566028
0.008869699390791004	0.8561643835617027
0.008788254999139964	0.8568980291345918
0.008706962934331151	0.8576329331046901
0.0086258254480091	0.8583690987125053
0.008544844812395683	0.8591065292096811
0.008464023320507991	0.8598452278590446
0.008383363286320167	0.8605851979346547
0.00830286704497794	0.8613264427218509
0.00822253695297475	0.8620689655173008
0.008142375388366006	0.8628127696290501
0.008062384750944713	0.8635578583765708
0.007982567462466682	0.8643042350908116
0.007902925966827038	0.8650519031142466
0.007823462730288496	0.8658008658009257
0.007744180241663237	0.8665511265165244
0.007665081012544123	0.8673026886383949
0.007586167577492736	0.8680555555556158
0.007507442494271932	0.8688097306690437
0.007428908344040966	0.8695652173913647
0.007350567731590732	0.8703220191471449
0.007272423285543799	0.8710801393728828
0.007194477658594208	0.8718395815170614
0.007116733527707416	0.8726003490402002
0.007039193594372884	0.8733624454149079
0.006961860584805614	0.874125874125935
0.006884737250197529	0.8748906386702272
0.006807826366927902	0.8756567425569788
0.006731130736824174	0.8764241893076861
0.006654653187369645	0.8771929824562015
0.006578396571970245	0.8779631255487883
0.006502363770171868	0.8787346221441739
0.00642655768792613	0.8795074758136059
0.006350981257818853	0.8802816901409066
0.006275637439334406	0.8810572687225287
0.006200529219091866	0.8818342151676102
0.006125659611117412	0.8826125330980318
0.006051031657081547	0.8833922261484718
0.005976648426577782	0.8841732979664635
0.00590251301736475	0.8849557522124516
0.0058286285556540165	0.8857395925598497
0.005754998196355085	0.8865248226950978
0.005681625123364446	0.88731144631772
0.005608512549821048	0.8880994671403821
0.005535663718403244	0.8888888888889515
0.005463081901583143	0.8896797153025537
0.005390770401932565	0.8904719501336336
0.005318732552386478	0.891265597148013
0.005246971716548121	0.8920606601249514
0.005175491288966547	0.8928571428572059
0.00510429469543895	0.8936550491510908
0.005033385393298505	0.8944543828265392
0.00496276687172785	0.8952551477171627
0.004892442652042754	0.8960573476703143
0.0048224162880199	0.8968609865471487
0.0047526913661828365	0.8976660682226849
0.004683271506141468	0.898472596585868
0.004614160360878451	0.8992805755396321
0.004545361617094548	0.900090009000964
0.00447687899551194	0.900900900900965
0.004408716251213367	0.9017132551849154
0.004340877173959726	0.9025270758123385
0.004273365588536167	0.9033423667570653
0.004206185355074178	0.9041591320072977
0.004139340369405933	0.9049773755656754
0.004072834563393184	0.90579710144934
0.004006671905289143	0.9066183136900012
0.003940856400075364	0.9074410163340031
0.00387539208982945	0.9082652134423901
0.003810283054071172	0.909090909090974
0.003745533410137761	0.9099181073704019
0.003681147313535182	0.9107468123862218
0.003617128958325864	0.9115770282589531
0.003553482577482588	0.9124087591241531
0.003490212443287474	0.9132420091324857
0.0034273228676971073	0.9140767824497914
0.003364818202740613	0.9149130832571563
0.003302702840900646	0.9157509157509816
0.003240981215519744	0.916590284143054
0.003179657801184288	0.9174311926606166
0.0031187371141468134	0.918273645546439
0.003058223712714844	0.9191176470588898
0.002998122197676041	0.9199632014720074
0.0029384372127102994	0.9208103130755729
0.0028791734448136526	0.9216589861751817
0.0028203356247177534	0.9225092250923177
0.002761928527331818	0.923361034164425
0.002703956972164959	0.9242144177449838
0.0026464258237801326	0.9250693802035823
0.002589339992225212	0.9259259259259931
0.0025327044334966286	0.9267840593142471
0.0024765241499823372	0.9276437847867093
0.0024208041909334543	0.9285051067781547
0.002365549652918544	0.9293680297398444
0.002310765680303093	0.9302325581396025
0.002256457465717911	0.9310986964618927
0.0022026302505485243	0.9319664492078963
0.0021492893254113025	0.9328358208955903
0.0020964400306553877	0.9337068160598252
0.0020440877568528386	0.9345794392524047
0.0019922379453056046	0.9354536950421637
0.0019408960885522054	0.9363295880150496
0.0018900677308862038	0.9372071227742016
0.0018397584688685385	0.9380863039400311
0.0017899739518648778	0.9389671361503036
0.0017407198825664136	0.9398496240602192
0.0016920020175370098	0.940733772342496
0.0016438261677526958	0.9416195856874514
0.0015961981991554602	0.9425070688030852
0.0015491240332064023	0.9433962264151636
0.0015026096474546184	0.9442870632673027
0.0014566610761018934	0.9451795841210525
0.0014112844105844341	0.9460737937559826
0.0013664858001483653	0.9469696969697666
0.001322271452450302	0.9478672985782689
0.0012786476341435486	0.9487666034156297
0.001235620671490821	0.949667616334353
0.0011931969509665413	0.9505703422053934
0.001151382919884117	0.9514747859182435
0.001110185087011871	0.9523809523810228
0.001069610023213966	0.9532888465205662
0.0010296643620825812	0.9541984732825135
0.0009903548005931045	0.9551098376313983
0.000951688099752293	0.9560229445507401
0.0009136710852671336	0.9569377990431333
0.0008763106482110095	0.9578544061303393
0.0008396137457063338	0.958772770853379
0.0008035874016069876	0.959692898272624
0.0007682387071997088	0.9606147934678909
0.0007335748219003343	0.9615384615385331
0.0006996029739725541	0.9624639076035366
0.0006663304612419559	0.9633911368016133
0.0006337646518313905	0.9643201542912966
0.0006019129848929261	0.9652509652510373
0.0005707829713604566	0.9661835748792992
0.0005403821947002477	0.9671179883946563
0.0005107183116813354	0.9680542110358904
0.00048179905314483954	0.9689922480620881
0.0004536322247942445	0.9699321047527399
0.0004262257079814177	0.9708737864078397
0.00039958746051735154	0.9718172983479835
0.0003737255174799239	0.9727626459144699
0.00034864799204130083	0.9737098344694013
0.0003243630762978431	0.9746588693957847
0.0003008790421173918	0.9756097560976345
0.00027820424199085763	0.9765625000000735
0.00025634710990052843	0.9775171065494382
0.00023531616219141108	0.978473581213381
0.0002151199984634558	0.979431929480975
0.0001957673024653078	0.9803921568628191
0.0001772668430066576	0.9813542688911437
0.00015962747487673447	0.982318271119917
0.00014285813977976095	0.9832841691249515
0.00012696786727622194	0.9842519685040114
0.00011196577574286144	0.9852216748769218
0.00009786107333815525	0.9861932938856763
0.0000846630589864566	0.9871668311945467
0.00007238112336958694	0.9881422924901937
0.00006102474993533798	0.9891196834817764
0.00005060351591562195	0.9900990099010654
0.00004112709336083004	0.991080277502553
0.00003260525018511782	0.9920634920635676
0.000025047851227633593	0.9930486593843855
0.00001846485932531346	0.9940357852883462
0.000012866336402209944	0.9950248756219665
8.26244457063514e-6	0.996015936255056
4.663447249578498e-6	0.9970089730808339
2.079710295401831e-6	0.9980039920160444
5.217031494750758e-7	0.9990009990010753
