0.0641742081247 0.000359405145943
0.0653565205742 0.000359405145943
0.0665388330237 0.000599008576571
0.0677211454733 0.000119801715314
0.0689034579228 0.000359405145943
0.0700857703723 0.000239603430628
0.0712680828218 0.000119801715314
0.0724503952713 0.000359405145943
0.0736327077209 0.000359405145943
0.0748150201704 0.000718810291885
0.0759973326199 0.000359405145943
0.0771796450694 0.000599008576571
0.078361957519 0.000718810291885
0.0795442699685 0.000479206861257
0.080726582418 0.000958413722514
0.0819088948675 0.00143762058377
0.083091207317 0.00191682744503
0.0842735197666 0.0008386120072
0.0854558322161 0.00179702572971
0.0866381446656 0.00107821543783
0.0878204571151 0.00227623259097
0.0890027695647 0.00131781886846
0.0901850820142 0.00323464631348
0.0913673944637 0.00203662916034
0.0925497069132 0.00203662916034
0.0937320193627 0.00299504288286
0.0949143318123 0.00227623259097
0.0960966442618 0.00299504288286
0.0972789567113 0.00347424974411
0.0984612691608 0.00383365489006
0.0996435816103 0.00383365489006
0.10082589406 0.00467226689726
0.102008206509 0.004193060036
0.103190518959 0.00383365489006
0.104372831408 0.00431286175131
0.105555143858 0.00634949091165
0.106737456307 0.00658909434228
0.107919768757 0.00634949091165
0.109102081207 0.00539107718914
0.110284393656 0.00634949091165
0.111466706106 0.00694849948823
0.112649018555 0.00766730978011
0.113831331005 0.0067088960576
0.115013643454 0.008386120072
0.116195955904 0.00790691321074
0.117378268353 0.0092247320792
0.118560580803 0.00934453379451
0.119742893252 0.00874552521794
0.120925205702 0.00850592178731
0.122107518151 0.0118603698161
0.123289830601 0.00934453379451
0.12447214305 0.00970393894045
0.1256544555 0.0110217578089
0.126836767949 0.0126989818233
0.128019080399 0.0126989818233
0.129201392848 0.0123395766774
0.130383705298 0.014496007553
0.131566017747 0.012579180108
0.132748330197 0.0166524384287
0.133930642646 0.014855412699
0.135112955096 0.0164128349981
0.136295267546 0.0161732315674
0.137477579995 0.0137771972611
0.138659892445 0.0147356109837
0.139842204894 0.0179702572971
0.141024517344 0.0176108521512
0.142206829793 0.0180900590125
0.143389142243 0.0219237139025
0.144571454692 0.0192880761656
0.145753767142 0.0165326367134
0.146936079591 0.0214445070412
0.148118392041 0.0220435156178
0.14930070449 0.0220435156178
0.15048301694 0.0230019293403
0.151665329389 0.0196474813115
0.152847641839 0.0233613344863
0.154029954288 0.0218039121872
0.155212266738 0.0255177653619
0.156394579187 0.0222831190484
0.157576891637 0.0255177653619
0.158759204086 0.0264761790844
0.159941516536 0.0276741962376
0.161123828985 0.0276741962376
0.162306141435 0.0277939979529
0.163488453885 0.0281534030988
0.164670766334 0.0305494374051
0.165853078784 0.031627652843
0.167035391233 0.031268247697
0.168217703683 0.0334246785727
0.169400016132 0.0297108253979
0.170582328582 0.0374979368934
0.171764641031 0.0370187300321
0.172946953481 0.037737540324
0.17412926593 0.035461307733
0.17531157838 0.0380969454699
0.176493890829 0.0364197214555
0.177676203279 0.0450454449582
0.178858515728 0.0414513934987
0.180040828178 0.037378135178
0.181223140627 0.0449256432428
0.182405453077 0.0413315917834
0.183587765526 0.0450454449582
0.184770077976 0.0443266346663
0.185952390425 0.0407325832068
0.187134702875 0.0455246518194
0.188317015324 0.0494781084248
0.189499327774 0.0516345393004
0.190681640224 0.0524731513076
0.191863952673 0.0495979101401
0.193046265123 0.0528325564536
0.194228577572 0.0529523581689
0.195410890022 0.0549889873292
0.196593202471 0.0563068061977
0.197775514921 0.0540305736067
0.19895782737 0.0549889873292
0.20014013982 0.0610988748103
0.201322452269 0.0595414525112
0.202504764719 0.058702840504
0.203687077168 0.0604998662337
0.204869389618 0.0594216507959
0.206051702067 0.0638543142625
0.207234014517 0.0694849948823
0.208416326966 0.0642137194084
0.209598639416 0.0711622188967
0.210780951865 0.0703236068895
0.211963264315 0.0646929262697
0.213145576764 0.0684067794444
0.214327889214 0.071282020612
0.215510201663 0.0679275725832
0.216692514113 0.079308735538
0.217874826563 0.0740374600642
0.219057139012 0.0721206326192
0.220239451462 0.0736780549183
0.221421763911 0.0767928995164
0.222604076361 0.079308735538
0.22378638881 0.0757146840786
0.22496870126 0.0775117098083
0.226151013709 0.0795483389687
0.227333326159 0.0779909166696
0.228515638608 0.0760740892245
0.229697951058 0.0863770367416
0.230880263507 0.0788295286768
0.232062575957 0.0873354504641
0.233244888406 0.0938047430911
0.234427200856 0.0908097002082
0.235609513305 0.0962007773973
0.236791825755 0.0892522779091
0.237974138204 0.0988364151343
0.239156450654 0.0928463293685
0.240338763103 0.0942839499523
0.241521075553 0.0991958202802
0.242703388002 0.102310664878
0.243885700452 0.100513639149
0.245068012902 0.0945235533829
0.246250325351 0.103388880316
0.247432637801 0.105185906046
0.24861495025 0.107821543783
0.2497972627 0.108180948929
0.250979575149 0.106982931776
0.252161887599 0.105784914622
0.253344200048 0.115968060424
0.254526512498 0.109259164367
0.255708824947 0.116207663855
0.256891137397 0.11249381068
0.258073449846 0.11249381068
0.259255762296 0.12375517192
0.260438074745 0.115848258709
0.261620387195 0.119442310168
0.262802699644 0.129745257685
0.263985012094 0.122557154766
0.265167324543 0.126989818233
0.266349636993 0.125072990788
0.267531949442 0.128547240532
0.268714261892 0.132021490276
0.269896574341 0.127948231956
0.271078886791 0.134776929729
0.272261199241 0.127349223379
0.27344351169 0.134417524583
0.27462582414 0.138251179473
0.275808136589 0.135974946882
0.276990449039 0.135016533159
0.278172761488 0.140168006918
0.279355073938 0.142444239509
0.280537386387 0.140767015494
0.281719698837 0.149272937282
0.282902011286 0.149392738997
0.284084323736 0.145439282391
0.285266636185 0.145439282391
0.286448948635 0.155981833339
0.287631261084 0.15059075615
0.288813573534 0.157419453923
0.289995885983 0.164008548265
0.291178198433 0.167602599725
0.292360510882 0.168561013447
0.293542823332 0.162211522535
0.294725135781 0.158497669361
0.295907448231 0.161133307098
0.29708976068 0.16772240144
0.29827207313 0.164727358557
0.29945438558 0.170358039177
0.300636698029 0.164847160272
0.301819010479 0.172754073483
0.303001322928 0.175150107789
0.304183635378 0.181978805562
0.305365947827 0.176348124943
0.306548260277 0.186171865598
0.307730572726 0.177546142096
0.308912885176 0.179942176402
0.310095197625 0.18868770162
0.311277510075 0.192042149649
0.312459822524 0.194917390816
0.313642134974 0.187729287897
0.314824447423 0.195037192532
0.316006759873 0.198271838845
0.317189072322 0.195636201108
0.318371384772 0.19839164056
0.319553697221 0.197792631984
0.320736009671 0.201386683443
0.32191832212 0.21145002753
0.32310063457 0.199469855998
0.324282947019 0.213846061836
0.325465259469 0.198990649137
0.326647571919 0.204980734903
0.327829884368 0.214325268697
0.329012196818 0.218877733879
0.330194509267 0.210252010376
0.331376821717 0.213965863551
0.332559134166 0.221273768185
0.333741446616 0.216601501288
0.334923759065 0.219237139025
0.336106071515 0.220674759609
0.337288383964 0.222471785339
0.338470696414 0.216361897858
0.339653008863 0.220914363039
0.340835321313 0.229899491688
0.342017633762 0.231816319133
0.343199946212 0.239843034059
0.344382258661 0.239004422052
0.345564571111 0.243077680373
0.34674688356 0.236967792892
0.34792919601 0.231936120848
0.349111508459 0.230857905411
0.350293820909 0.244994507818
0.351476133358 0.25338062789
0.352658445808 0.244275697526
0.353840758258 0.250984593583
0.355023070707 0.256375670772
0.356205383157 0.257933093072
0.357387695606 0.251703403875
0.358570008056 0.256974679349
0.359752320505 0.275543945223
0.360934632955 0.264761790844
0.362116945404 0.263803377122
0.363299257854 0.27254890234
0.364481570303 0.263443971976
0.365663882753 0.267157825151
0.366846195202 0.269314256026
0.368028507652 0.277939979529
0.369210820101 0.277700376098
0.370393132551 0.271231083471
0.371575445 0.268835049165
0.37275775745 0.280455815551
0.373940069899 0.284529073871
0.375122382349 0.290758763068
0.376304694798 0.288482530477
0.377487007248 0.295910236826
0.378669319697 0.289440944199
0.379851632147 0.292795392228
0.381033944597 0.286565703032
0.382216257046 0.282612246426
0.383398569496 0.307411201496
0.384580881945 0.304056753468
0.385763194395 0.297707262556
0.386945506844 0.307531003212
0.388127819294 0.316156726714
0.389310131743 0.305853779197
0.390492444193 0.309328028941
0.391674756642 0.314958709561
0.392857069092 0.329574518829
0.394039381541 0.319750778174
0.395221693991 0.315437916422
0.39640400644 0.316036924999
0.39758631889 0.33161114799
0.398768631339 0.330892337698
0.399950943789 0.333767578865
0.401133256238 0.341554690361
0.402315568688 0.334965596019
0.403497881137 0.336642820033
0.404680193587 0.326579475947
0.405862506036 0.348622991564
0.407044818486 0.345028940105
0.408227130936 0.348263586419
0.409409443385 0.346107155543
0.410591755835 0.351378431017
0.411774068284 0.348143784703
0.412956380734 0.360363559665
0.414138693183 0.355212085907
0.415321005633 0.351138827586
0.416503318082 0.370666507182
0.417685630532 0.361920981964
0.418867942981 0.356529904775
0.420050255431 0.370426903752
0.42123256788 0.371624920905
0.42241488033 0.370426903752
0.423597192779 0.373421946634
0.424779505229 0.37737540324
0.425961817678 0.367072455723
0.427144130128 0.376057584371
0.428326442577 0.38707934218
0.429508755027 0.365395231708
0.430691067476 0.385402118166
0.431873379926 0.383365489006
0.433055692375 0.395225858822
0.434238004825 0.387678350757
0.435420317275 0.396184272544
0.436602629724 0.392350617654
0.437784942174 0.399538720573
0.438967254623 0.405049599477
0.440149567073 0.395465462252
0.441331879522 0.388277359333
0.442514191972 0.411518892104
0.443696504421 0.41547234871
0.444878816871 0.409362461229
0.44606112932 0.419665408746
0.44724344177 0.406367418346
0.448425754219 0.415352546994
0.449608066669 0.408404047506
0.450790379118 0.414873340133
0.451972691568 0.417389176155
0.453155004017 0.420144615607
0.454337316467 0.419905012176
0.455519628916 0.424457477358
0.456701941366 0.435958442029
0.457884253815 0.42877033911
0.459066566265 0.438713881481
0.460248878714 0.442427734655
0.461431191164 0.439672295203
0.462613503614 0.43847427805
0.463795816063 0.450095044436
0.464978128513 0.457762354216
0.466160440962 0.439312890057
0.467342753412 0.45740294907
0.468525065861 0.44997524272
0.469707378311 0.456324733632
0.47088969076 0.459199974799
0.47207200321 0.473456378922
0.473254315659 0.483160317862
0.474436628109 0.458001957646
0.475618940558 0.458840569654
0.476801253008 0.466388077718
0.477983565457 0.469383120601
0.479165877907 0.474414792644
0.480348190356 0.472977172061
0.481530502806 0.481363292133
0.482712815255 0.472497965199
0.483895127705 0.479925671549
0.485077440154 0.477290033812
0.486259752604 0.491546437934
0.487442065053 0.503886014612
0.488624377503 0.491426636219
0.489806689953 0.50340680775
0.490989002402 0.498015730561
0.492171314852 0.486514765891
0.493353627301 0.490228619066
0.494535939751 0.498494937423
0.4957182522 0.512990944976
0.49690056465 0.511193919246
0.498082877099 0.505802842057
0.499265189549 0.515147375851
0.500447501998 0.532997831433
0.501629814448 0.511074117531
0.502812126897 0.515386979282
0.503994439347 0.50879788494
0.505176751796 0.523413694208
0.506359064246 0.526768142237
0.507541376695 0.533117633148
0.508723689145 0.526408737091
0.509906001594 0.54150375322
0.511088314044 0.544618597819
0.512270626493 0.537789900046
0.513452938943 0.535034460593
0.514635251392 0.543899787527
0.515817563842 0.532039417711
0.516999876292 0.530122590266
0.518182188741 0.54533740811
0.519364501191 0.563187863692
0.52054681364 0.553603726467
0.52172912609 0.560073019094
0.522911438539 0.550488881869
0.524093750989 0.544618597819
0.525276063438 0.563427467123
0.526458375888 0.560552225955
0.527640688337 0.561271036247
0.528823000787 0.554082933328
0.530005313236 0.564745285991
0.531187625686 0.572053190626
0.532369938135 0.563307665408
0.533552250585 0.564385880845
0.534734563034 0.590023447923
0.535916875484 0.575647242085
0.537099187933 0.582356138143
0.538281500383 0.577204664384
0.539463812832 0.589783844492
0.540646125282 0.57373041464
0.541828437731 0.598050162849
0.543010750181 0.580199707267
0.544193062631 0.593377895951
0.54537537508 0.594935318251
0.54655768753 0.61769764416
0.547739999979 0.614103592701
0.548922312429 0.600086792009
0.550104624878 0.598768973141
0.551286937328 0.601524412593
0.552469249777 0.601404610877
0.553651562227 0.612665972117
0.554833874676 0.622849117919
0.556016187126 0.610988748103
0.557198499575 0.615661015
0.558380812025 0.617937247591
0.559563124474 0.624406540218
0.560745436924 0.624885747079
0.561927749373 0.630276824268
0.563110061823 0.63458968602
0.564292374272 0.640100564924
0.565474686722 0.625724359086
0.566656999171 0.639741159778
0.567839311621 0.63842334091
0.56902162407 0.632073849998
0.57020393652 0.638063935764
0.57138624897 0.63482928945
0.572568561419 0.638782746056
0.573750873869 0.63842334091
0.574933186318 0.645731245544
0.576115498768 0.646569857551
0.577297811217 0.639860961493
0.578480123667 0.645851047259
0.579662436116 0.664420313133
0.580844748566 0.660826261673
0.582027061015 0.64633025412
0.583209373465 0.655315382769
0.584391685914 0.66525892514
0.585573998364 0.652679745032
0.586756310813 0.650762917587
0.587938623263 0.676280682949
0.589120935712 0.685864820174
0.590303248162 0.658550029082
0.591485560611 0.683109380722
0.592667873061 0.671249010906
0.59385018551 0.685864820174
0.59503249796 0.678077708679
0.596214810409 0.684666803021
0.597397122859 0.683947992729
0.598579435309 0.685745018459
0.599761747758 0.681671760138
0.600944060208 0.702756862033
0.602126372657 0.681312354992
0.603308685107 0.68802125105
0.604490997556 0.709705361522
0.605673310006 0.708866749514
0.606855622455 0.700360827727
0.608037934905 0.719529102177
0.609220247354 0.706231111777
0.610402559804 0.701798448311
0.611584872253 0.700959836304
0.612767184703 0.708267740938
0.613949497152 0.717732076448
0.615131809602 0.708387542653
0.616314122051 0.72252414506
0.617496434501 0.728035023965
0.61867874695 0.727436015388
0.6198610594 0.7337855063
0.621043371849 0.735103325168
0.622225684299 0.729233041118
0.623407996748 0.726477601666
0.624590309198 0.714138024988
0.625772621648 0.724081567359
0.626954934097 0.724440972505
0.628137246547 0.747442901846
0.629319558996 0.740853807503
0.630501871446 0.735582532029
0.631684183895 0.719289498747
0.632866496345 0.747682505276
0.634048808794 0.756667633925
0.635231121244 0.738098368051
0.636413433693 0.751276556736
0.637595746143 0.73402510973
0.638778058592 0.748161712137
0.639960371042 0.767449788303
0.641142683491 0.762298314545
0.642324995941 0.771523046624
0.64350730839 0.765053753997
0.64468962084 0.771523046624
0.645871933289 0.776195313521
0.647054245739 0.761699305968
0.648236558188 0.759902280238
0.649418870638 0.758105254509
0.650601183087 0.780987382134
0.651783495537 0.780148770126
0.652965807987 0.779310158119
0.654148120436 0.786977467899
0.655330432886 0.766611176296
0.656512745335 0.782065597571
0.657695057785 0.79284775195
0.658877370234 0.802312087459
0.660059682684 0.790092312497
0.661241995133 0.777872537535
0.662424307583 0.795722993117
0.663606620032 0.799916053153
0.664788932482 0.793566562242
0.665971244931 0.803869509759
0.667153557381 0.797400217132
0.66833586983 0.769246814033
0.66951818228 0.799796251438
0.670700494729 0.810099198955
0.671882807179 0.803270501182
0.673065119628 0.80614574235
0.674247432078 0.807822966364
0.675429744527 0.810099198955
0.676612056977 0.817047698443
0.677794369426 0.80434871662
0.678976681876 0.815969483005
0.680158994326 0.822558577348
0.681341306775 0.813333845268
0.682523619225 0.813094241838
0.683705931674 0.832382318003
0.684888244124 0.810937810962
0.686070556573 0.829267473405
0.687252869023 0.842924868951
0.688435181472 0.830585292274
0.689617493922 0.825793223661
0.690799806371 0.837533791762
0.691982118821 0.804468518335
0.69316443127 0.835616964317
0.69434674372 0.823157585924
0.695529056169 0.830824895704
0.696711368619 0.834299145448
0.697893681068 0.835497162602
0.699075993518 0.856821867927
0.700258305967 0.846878325556
0.701440618417 0.826991240814
0.702622930866 0.840768438075
0.703805243316 0.859936712526
0.704987555765 0.845800110119
0.706169868215 0.859217902234
0.707352180665 0.853347618183
0.708534493114 0.858858497088
0.709716805564 0.849873368439
0.710899118013 0.858618893657
0.712081430463 0.849394161578
0.713263742912 0.846998127272
0.714446055362 0.846878325556
0.715628367811 0.857660479935
0.716810680261 0.866645608583
0.71799299271 0.875271332086
0.71917530516 0.853108014753
0.720357617609 0.858738695372
0.721539930059 0.866885212014
0.722722242508 0.872755496064
0.723904554958 0.868442634313
0.725086867407 0.861254531394
0.726269179857 0.885214874457
0.727451492306 0.874792125225
0.728633804756 0.873833711502
0.729816117205 0.872036685772
0.730998429655 0.870000056612
0.732180742104 0.877188159531
0.733363054554 0.892163373945
0.734545367004 0.88054260756
0.735727679453 0.899830683725
0.736909991903 0.879104986976
0.738092304352 0.880422805844
0.739274616802 0.904383148907
0.740456929251 0.886293089895
0.741639241701 0.897075244273
0.74282155415 0.923192018212
0.7440038666 0.89204357223
0.745186179049 0.916483122154
0.746368491499 0.886053486464
0.747550803948 0.893600994529
0.748733116398 0.917800941022
0.749915428847 0.893001985952
0.751097741297 0.904862355768
0.752280053746 0.894319804821
0.753462366196 0.907497993505
0.754644678645 0.902705924893
0.755826991095 0.89384059796
0.757009303544 0.910732639819
0.758191615994 0.920316777044
0.759373928443 0.900309890587
0.760556240893 0.92630686281
0.761738553343 0.895038615113
0.762920865792 0.91480589814
0.764103178242 0.907977200367
0.765285490691 0.901148502594
0.766467803141 0.901627709455
0.76765011559 0.925827655948
0.76883242804 0.924030630219
0.770014740489 0.896236632266
0.771197052939 0.917920742738
0.772379365388 0.92630686281
0.773561677838 0.928223690255
0.774743990287 0.941042473793
0.775926302737 0.924030630219
0.777108615186 0.93780782748
0.778290927636 0.929541509123
0.779473240085 0.937688025765
0.780655552535 0.950986016164
0.781837864984 0.935411793174
0.783020177434 0.913488079271
0.784202489883 0.933494965729
0.785384802333 0.942719697808
0.786567114782 0.94164148237
0.787749427232 0.938167232626
0.788931739682 0.958054317368
0.790114052131 0.939724654925
0.791296364581 0.937089017188
0.79247867703 0.93038012113
0.79366098948 0.93601080175
0.794843301929 0.921634595912
0.796025614379 0.945235533829
0.797207926828 0.93601080175
0.798390239278 0.956856300215
0.799572551727 0.933854370875
0.800754864177 0.931578138284
0.801937176626 0.945594938975
0.803119489076 0.950267205873
0.804301801525 0.945714740691
0.805484113975 0.959491937952
0.806666426424 0.94930879215
0.807848738874 0.952902843609
0.809031051323 0.962007773973
0.810213363773 0.939964258356
0.811395676222 0.964883015141
0.812577988672 0.952663240179
0.813760301121 0.942480094377
0.814942613571 0.959611739667
0.816124926021 0.94547513726
0.81730723847 0.949428593865
0.81848955092 0.97590477295
0.819671863369 0.979978031271
0.820854175819 0.968836471746
0.822036488268 0.956017688208
0.823218800718 0.939005844633
0.824401113167 0.965721627148
0.825583425617 0.965002816856
0.826765738066 0.948709783573
0.827948050516 0.975185962658
0.829130362965 0.945834542406
0.830312675415 0.96260678255
0.831494987864 0.957455308791
0.832677300314 0.957215705361
0.833859612763 0.963085989411
0.835041925213 0.987884944481
0.836224237662 0.964284006564
0.837406550112 0.963565196272
0.838588862561 0.969195876892
0.839771175011 0.970753299191
0.84095348746 0.967878058024
0.84213579991 0.972190919775
0.84331811236 0.965242420287
0.844500424809 0.968357264885
0.845682737259 0.967638454593
0.846865049708 0.962966187696
0.848047362158 0.970154290615
0.849229674607 0.97207111806
0.850411987057 0.954819671055
0.851594299506 0.973868143789
0.852776611956 0.982973074153
0.853958924405 0.982853272438
0.855141236855 0.969794885469
0.856323549304 0.986327522182
0.857505861754 0.962966187696
0.858688174203 0.97410774722
0.859870486653 0.973388936928
0.861052799102 0.981655255285
0.862235111552 0.990041375357
0.863417424001 0.984530496452
0.864599736451 0.978300807256
0.8657820489 0.962247377404
0.86696436135 0.984290893022
0.868146673799 0.992916616524
0.869328986249 0.991478995941
0.870511298699 0.980217634701
0.871693611148 0.98357208273
0.872875923598 0.97973842784
0.874058236047 0.99866709886
0.875240548497 0.986926530759
0.876422860946 0.988723556488
0.877605173396 1.00178194346
0.878787485845 0.990161177072
0.879969798295 0.977462195249
0.881152110744 0.994953245685
0.882334423194 0.997828486852
0.883516735643 0.985009703314
0.884699048093 0.993755228532
0.885881360542 0.996031461123
0.887063672992 0.986327522182
0.888245985441 0.976383979811
0.889428297891 0.988364151343
0.89061061034 1.00861064123
0.89179292279 0.99890670229
0.892975235239 1.00094333145
0.894157547689 0.980337436416
0.895339860138 1.00393837433
0.896522172588 1.00741262408
0.897704485038 1.00765222751
0.898886797487 1.01076707211
0.900069109937 0.984530496452
0.901251422386 0.988244349627
0.902433734836 0.992078004517
0.903616047285 0.997708685137
0.904798359735 0.991119590795
0.905980672184 0.984889901598
0.907162984634 0.982374065577
0.908345297083 1.00046412459
0.909527609533 1.01759576988
0.910709921982 1.01328290813
0.911892234432 0.999385909151
0.913074546881 0.999865116013
0.914256859331 1.02142942477
0.91543917178 0.970633497476
0.91662148423 1.00381857262
0.917803796679 0.99303641824
0.918986109129 0.996989874845
0.920168421578 0.99866709886
0.921350734028 1.02358585564
0.922533046477 1.00741262408
0.923715358927 1.00274035718
0.924897671377 1.01136608068
0.926079983826 0.996031461123
0.927262296276 1.00070372802
0.928444608725 0.996151262838
0.929626921175 0.979618626125
0.930809233624 1.00489678806
0.931991546074 0.999865116013
0.933173858523 1.00297996061
0.934356170973 0.99303641824
0.935538483422 0.973029531782
0.936720795872 1.0068136155
0.937903108321 0.99123939251
0.939085420771 0.982493867292
0.94026773322 1.00908984809
0.94145004567 0.995312650831
0.942632358119 0.97794140211
0.943814670569 0.993755228532
0.944996983018 0.999146305721
0.946179295468 1.00238095203
0.947361607917 0.98357208273
0.948543920367 1.00357896919
0.949726232816 0.996630469699
0.950908545266 1.01076707211
0.952090857716 1.00274035718
0.953273170165 0.988483953058
0.954455482615 0.990520582218
0.955637795064 1.00202154689
0.956820107514 0.993755228532
0.958002419963 0.989921573642
0.959184732413 0.987285935905
0.960367044862 1.01316310641
0.961549357312 1.01484033043
0.962731669761 0.985848315321
0.963913982211 0.996031461123
0.96509629466 0.983212677584
0.96627860711 1.00885024466
0.967460919559 0.969435480323
0.968643232009 1.01687695959
0.969825544458 0.983212677584
0.971007856908 0.997708685137
0.972190169357 1.00345916747
0.973372481807 0.999026504005
0.974554794256 0.987166134189
0.975737106706 1.00717302065
0.976919419155 1.00633440864
0.978101731605 0.984889901598
0.979284044055 1.00070372802
0.980466356504 0.999026504005
0.981648668954 0.982613669007
0.982830981403 0.979019617548
0.984013293853 0.982613669007
0.985195606302 0.985728513606
0.986377918752 0.969914687184
0.987560231201 0.973987945505
0.988742543651 0.986207720467
0.9899248561 0.978061203825
0.99110716855 0.984530496452
0.992289480999 1.00297996061
0.993471793449 0.981176048424
0.994654105898 0.990879987364
0.995836418348 0.965721627148
0.997018730797 0.975305764373
0.998201043247 0.981056246708
0.999383355696 0.988364151343
1.00056566815 0.971232506053
1.0017479806 0.985249306744
1.00293029304 0.98536910846
1.00411260549 0.996750271414
1.00529491794 0.973628540359
1.00647723039 0.973868143789
1.00765954284 0.968716670031
1.00884185529 0.984051289591
1.01002416774 1.00142253831
1.01120648019 0.981775057
1.01238879264 0.995312650831
1.01357110509 0.970873100907
1.01475341754 0.988723556488
1.01593572999 0.987525539335
1.01711804244 0.98153545357
1.01830035489 0.968596868316
1.01948266734 0.98536910846
1.02066497979 0.97231072149
1.02184729224 0.957814713937
1.02302960469 0.989322565065
1.02421191714 1.01004826181
1.02539422959 0.988124547912
1.02657654204 0.953621653901
1.02775885448 0.974706755797
1.02894116693 0.982973074153
1.03012347938 0.980097832986
1.03130579183 0.954100860763
1.03248810428 0.969195876892
1.03367041673 0.980936444993
1.03485272918 0.966320635725
1.03603504163 0.988483953058
1.03721735408 0.959372136236
1.03839966653 0.966919644301
1.03958197898 0.965242420287
1.04076429143 0.956017688208
1.04194660388 0.949428593865
1.04312891633 0.960929558536
1.04431122878 0.970873100907
1.04549354123 0.96260678255
1.04667585368 0.987285935905
1.04785816613 0.952663240179
1.04904047858 0.986567125613
1.05022279103 0.963924601418
1.05140510348 0.958293920799
1.05258741592 0.95697610193
1.05376972837 0.963445394557
1.05495204082 0.948949387004
1.05613435327 0.957335507076
1.05731666572 0.944636525253
1.05849897817 0.948709783573
1.05968129062 0.962127575689
1.06086360307 0.947032559559
1.06204591552 0.947751369851
1.06322822797 0.957694912222
1.06441054042 0.944636525253
1.06559285287 0.935052388028
1.06677516532 0.965841428863
1.06795747777 0.954699869339
1.06913979022 0.937688025765
1.07032210267 0.961528567112
1.07150441512 0.9434385081
1.07268672757 0.958533524229
1.07386904002 0.948709783573
1.07505135247 0.928822698831
1.07623366492 0.941401878939
1.07741597736 0.944995930399
1.07859828981 0.942959301238
1.07978060226 0.938646439487
1.08096291471 0.95134542131
1.08214522716 0.937927629195
1.08332753961 0.923192018212
1.08450985206 0.939245448064
1.08569216451 0.935291991458
1.08687447696 0.930979129707
1.08805678941 0.931817741714
1.08923910186 0.93397417259
1.09042141431 0.930260319415
1.09160372676 0.94367811153
1.09278603921 0.932895957152
1.09396835166 0.944157318392
1.09515066411 0.917201932446
1.09633297656 0.90174751117
1.09751528901 0.932656353721
1.09869760146 0.936609810327
1.09987991391 0.920556380475
1.10106222636 0.929661310839
1.1022445388 0.933494965729
1.10342685125 0.924869242226
1.1046091637 0.919717768467
1.10579147615 0.909534622666
1.1069737886 0.927265276532
1.10815610105 0.90558116606
1.1093384135 0.929661310839
1.11052072595 0.90941482095
1.1117030384 0.915644510147
1.11288535085 0.898512864857
1.1140676633 0.92247320792
1.11524997575 0.889767339639
1.1164322882 0.904982157484
1.11761460065 0.904023743761
1.1187969131 0.878985185261
1.11997922555 0.906779183214
1.121161538 0.889647537924
1.12234385045 0.90941482095
1.1235261629 0.896715839127
1.12470847535 0.90941482095
1.1258907878 0.89228317566
1.12707310024 0.901627709455
1.12825541269 0.893241589383
1.12943772514 0.885694081318
1.13062003759 0.88844952077
1.13180235004 0.872396090918
1.13298466249 0.905101959199
1.13416697494 0.886173288179
1.13534928739 0.904742554053
1.13653159984 0.891923770515
1.13771391229 0.873953513217
1.13889622474 0.913727682702
1.14007853719 0.860655522818
1.14126084964 0.888090115624
1.14244316209 0.883897055588
1.14362547454 0.869401048035
1.14480778699 0.880902012706
1.14599009944 0.876109944093
1.14717241189 0.883657452158
1.14835472434 0.89228317566
1.14953703679 0.857420876504
1.15071934924 0.862212945117
1.15190166168 0.88078221099
1.15308397413 0.877906969823
1.15426628658 0.869640651466
1.15544859903 0.86904164289
1.15663091148 0.860535721102
1.15781322393 0.855264445628
1.15899553638 0.881980228143
1.16017784883 0.86341096227
1.16136016128 0.872995099495
1.16254247373 0.868322832598
1.16372478618 0.865687194861
1.16490709863 0.854066428475
1.16608941108 0.864968384569
1.16727172353 0.87287529778
1.16845403598 0.861374333109
1.16963634843 0.852868411322
1.17081866088 0.857420876504
1.17200097333 0.854545635336
1.17318328578 0.843164472382
1.17436559823 0.866645608583
1.17554791068 0.859457505664
1.17673022312 0.851191187308
1.17791253557 0.861853539971
1.17909484802 0.846638722126
1.18027716047 0.845800110119
1.18145947292 0.845320903257
1.18264178537 0.849993170155
1.18382409782 0.823157585924
1.18500641027 0.834658550594
1.18618872272 0.842206058659
1.18737103517 0.84831594614
1.18855334762 0.857061471358
1.18973566007 0.835856567747
1.19091797252 0.826152628807
1.19210028497 0.830225887128
1.19328259742 0.825793223661
1.19446490987 0.839211015776
1.19564722232 0.818245715596
1.19682953477 0.827710051106
1.19801184722 0.821120956764
1.19919415967 0.828428861398
1.20037647212 0.8253140168
1.20155878456 0.806864552641
1.20274109701 0.819204129319
1.20392340946 0.819204129319
1.20510572191 0.827710051106
1.20628803436 0.81788631045
1.20747034681 0.811776422969
1.20865265926 0.820402146472
1.20983497171 0.797400217132
1.21101728416 0.81405265556
1.21219959661 0.800155656584
1.21338190906 0.812615034977
1.21456422151 0.80075466516
1.21574653396 0.796801208555
1.21692884641 0.806624949211
1.21811115886 0.79668140684
1.21929347131 0.801952682314
1.22047578376 0.779429959834
1.22165809621 0.78338341644
1.22284040866 0.778830951258
1.22402272111 0.78721707133
1.22520503356 0.810698207531
1.226387346 0.80255169089
1.22756965845 0.803270501182
1.2287519709 0.796801208555
1.22993428335 0.780867580418
1.2311165958 0.785060640454
1.23229890825 0.788055683337
1.2334812207 0.79284775195
1.23466353315 0.783982425016
1.2358458456 0.777992339251
1.23702815805 0.763376529982
1.2382104705 0.761699305968
1.23939278295 0.770205227755
1.2405750954 0.777273528959
1.24175740785 0.777393330674
1.2429397203 0.76445474542
1.24412203275 0.767569590018
1.2453043452 0.775117098083
1.24648665765 0.767569590018
1.2476689701 0.751995367028
1.24885128255 0.772241856916
1.25003359499 0.744328057247
1.25121590744 0.798119027423
1.25239821989 0.745046867539
1.25358053234 0.754151797903
1.25476284479 0.746724091554
1.25594515724 0.754870608195
1.25712746969 0.748281513853
1.25830978214 0.775835908375
1.25949209459 0.744328057247
1.26067440704 0.755469616772
1.26185671949 0.753313185896
1.26303903194 0.749719134437
1.26422134439 0.771523046624
1.26540365684 0.759542875092
1.26658596929 0.729832049694
1.26776828174 0.741213212649
1.26895059419 0.737978566336
1.27013290664 0.731868678855
1.27131521909 0.747562703561
1.27249753154 0.73965579035
1.27367984399 0.744208255532
1.27486215643 0.732467687431
1.27604446888 0.720846921046
1.27722678133 0.728035023965
1.27840909378 0.715935050718
1.27959140623 0.720846921046
1.28077371868 0.714497430134
1.28195603113 0.704314284332
1.28313834358 0.731149868563
1.28432065603 0.707788534077
1.28550296848 0.718331085024
1.28668528093 0.728993437687
1.28786759338 0.713539016412
1.28904990583 0.699881620866
1.29023221828 0.69209450937
1.29141453073 0.701798448311
1.29259684318 0.708387542653
1.29377915563 0.706231111777
1.29496146808 0.716174654149
1.29614378053 0.690537087071
1.29732609298 0.708147939222
1.29850840543 0.711262783821
1.29969071787 0.705632103201
1.30087303032 0.702397456887
1.30205534277 0.714377628419
1.30323765522 0.698204396851
1.30441996767 0.702157853457
1.30560228012 0.676999493241
1.30678459257 0.695448957399
1.30796690502 0.698683603713
1.30914921747 0.685625216743
1.31033152992 0.673046036635
1.31151384237 0.684666803021
1.31269615482 0.68802125105
1.31387846727 0.67496286408
1.31506077972 0.671967821198
1.31624309217 0.685984621889
1.31742540462 0.683468785868
1.31860771707 0.675681674372
1.31979002952 0.663941106272
1.32097234197 0.67652028638
1.32215465442 0.673525243497
1.32333696687 0.671488614336
1.32451927931 0.664779718279
1.32570159176 0.658669830798
1.32688390421 0.657232210214
1.32806621666 0.668373769738
1.32924852911 0.657711417075
1.33043084156 0.657352011929
1.33161315401 0.637464927187
1.33279546646 0.670170795468
1.33397777891 0.645611443828
1.33516009136 0.647887676419
1.33634240381 0.655195581054
1.33752471626 0.647288667843
1.33870702871 0.649205495288
1.33988934116 0.646569857551
1.34107165361 0.659029235944
1.34225396606 0.643814418099
1.34343627851 0.638782746056
1.34461859096 0.62512535051
1.34580090341 0.640220366639
1.34698321586 0.62536495394
1.34816552831 0.627401583101
1.34934784075 0.632433255144
1.3505301532 0.614103592701
1.35171246565 0.623807531641
1.3528947781 0.62716197967
1.35407709055 0.624885747079
1.355259403 0.629438212261
1.35644171545 0.63482928945
1.3576240279 0.602602628031
1.35880634035 0.61949466989
1.3599886528 0.624166936787
1.36117096525 0.62512535051
1.3623532777 0.612306566971
1.36353559015 0.608472912081
1.3647179026 0.626443169378
1.36590021505 0.603441240038
1.3670825275 0.606076877775
1.36826483995 0.607274894928
1.3694471524 0.601165007447
1.37062946485 0.602842231461
1.3718117773 0.607155093213
1.37299408975 0.601404610877
1.37417640219 0.596253137119
1.37535871464 0.589664042777
1.37654102709 0.60439965376
1.37772333954 0.59673234398
1.37890565199 0.590023447923
1.38008796444 0.596013533688
1.38127027689 0.586549198179
1.38245258934 0.594575913105
1.38363490179 0.584033362157
1.38481721424 0.594096706243
1.38599952669 0.584033362157
1.38718183914 0.594336309674
1.38836415159 0.576485854092
1.38954646404 0.582116534712
1.39072877649 0.568339337451
1.39191108894 0.586189793033
1.39309340139 0.581517526135
1.39427571384 0.578762086683
1.39545802629 0.585950189602
1.39664033874 0.57936109526
1.39782265119 0.575168035224
1.39900496363 0.562708656831
1.40018727608 0.578163078107
1.40136958853 0.558875001941
1.40255190098 0.573610612925
1.40373421343 0.562109648254
1.40491652588 0.567979932305
1.40609883833 0.567500725444
1.40728115078 0.561750243108
1.40846346323 0.559114605372
1.40964577568 0.566781915152
1.41082808813 0.54893145957
1.41201040058 0.549410666431
1.41319271303 0.546295821833
1.41437502548 0.565464096283
1.41555733793 0.544019589242
1.41673965038 0.551447295591
1.41792196283 0.555280950482
1.41910427528 0.558275993364
1.42028658773 0.539227520629
1.42146890018 0.547254235555
1.42265121263 0.537909701761
1.42383352507 0.537789900046
1.42501583752 0.534435452017
1.42619814997 0.531200805703
1.42738046242 0.527726555959
1.42856277487 0.527486952529
1.42974508732 0.526648340521
1.43092739977 0.531081003988
1.43210971222 0.532398822856
1.43329202467 0.528804771397
1.43447433712 0.531680012565
1.43565664957 0.51466816899
1.43683896202 0.518981030741
1.43802127447 0.514428565559
1.43920358692 0.507959272932
1.44038589937 0.514428565559
1.44156821182 0.502568195743
1.44275052427 0.512391936399
1.44393283672 0.51263153983
1.44511514917 0.511313720961
1.44629746162 0.518262220449
1.44747977407 0.507599867786
1.44866208651 0.498614739138
1.44984439896 0.506282048918
1.45102671141 0.518741427311
1.45220902386 0.494301877387
1.45339133631 0.508198876363
1.45457364876 0.479566266403
1.45575596121 0.501130575159
1.45693827366 0.486155360745
1.45812058611 0.501130575159
1.45930289856 0.496697911693
1.46048521101 0.502687997459
1.46166752346 0.481602895563
1.46284983591 0.500771170014
1.46403214836 0.493822670525
1.46521446081 0.487592981329
1.46639677326 0.483040516147
1.46757908571 0.484478136731
1.46876139816 0.471299948046
1.46994371061 0.484957343592
1.47112602306 0.469023715455
1.47230833551 0.474414792644
1.47349064795 0.479566266403
1.4746729604 0.48244150757
1.47585527285 0.468424706879
1.4770375853 0.464111845127
1.47821989775 0.477170232097
1.4794022102 0.46327323312
1.48058452265 0.469263318886
1.4817668351 0.46710688801
1.48294914755 0.469143517171
1.48413146 0.461356405675
1.48531377245 0.456085130201
1.4864960849 0.467945500017
1.48767839735 0.463872241697
1.4888607098 0.472497965199
1.49004302225 0.464471250273
1.4912253347 0.453928699326
1.49240764715 0.453090087318
1.4935899596 0.446740596407
1.49477227205 0.447100001553
1.4959545845 0.454048501041
1.49713689695 0.453209889034
1.49831920939 0.454527707902
1.49950152184 0.430327761409
1.50068383429 0.443026743232
1.50186614674 0.441589122648
1.50304845919 0.443985156955
1.50423077164 0.437396062612
1.50541308409 0.426853511665
1.50659539654 0.429129744256
1.50777770899 0.428890140825
1.50896002144 0.449256432428
1.51014233389 0.439193088342
1.51132464634 0.425535692796
1.51250695879 0.415112943564
1.51368927124 0.42877033911
1.51487158369 0.425296089366
1.51605389614 0.421941641337
1.51723620859 0.414154529841
1.51841852104 0.430926769985
1.51960083349 0.413315917834
1.52078314594 0.421222831045
1.52196545838 0.423978270497
1.52314777083 0.406726823492
1.52433008328 0.407685237214
1.52551239573 0.407325832068
1.52669470818 0.423379261921
1.52787702063 0.403492177178
1.52905933308 0.410201073236
1.53024164553 0.397861496559
1.53142395798 0.403611978894
1.53260627043 0.407325832068
1.53378858288 0.399778324004
1.53497089533 0.388996169625
1.53615320778 0.388157557618
1.53733552023 0.399418918858
1.53851783268 0.392829824515
1.53970014513 0.395944669114
1.54088245758 0.399538720573
1.54206477003 0.388636764479
1.54324708248 0.396783281121
1.54442939493 0.390553591924
1.54561170738 0.388756566195
1.54679401982 0.394387246814
1.54797633227 0.394027841669
1.54915864472 0.392590221085
1.55034095717 0.39067339364
1.55152326962 0.385761523312
1.55270558207 0.378333816962
1.55388789452 0.39067339364
1.55507020697 0.387318945611
1.55625251942 0.387199143896
1.55743483187 0.371385317474
1.55861714432 0.379651635831
1.55979945677 0.389954583348
1.56098176922 0.372223929481
1.56216408167 0.372703136343
1.56334639412 0.370426903752
1.56452870657 0.383485290721
1.56571101902 0.369228886598
1.56689333147 0.371984326051
1.56807564392 0.357727921928
1.56925795637 0.362879395687
1.57044026882 0.355571491053
1.57162258126 0.370187300321
1.57280489371 0.34898239671
1.57398720616 0.364556619701
1.57516951861 0.353654663608
1.57635183106 0.356290301345
1.57753414351 0.348622991564
1.57871645596 0.358925939081
1.57989876841 0.360722964811
1.58108108086 0.354014068754
1.58226339331 0.356050697914
1.58344570576 0.347664577842
1.58462801821 0.350539819009
1.58581033066 0.345867552112
1.58699264311 0.349701207002
1.58817495556 0.351258629301
1.58935726801 0.342992310945
1.59053958046 0.344070526383
1.59172189291 0.335325001165
1.59290420536 0.343231914375
1.59408651781 0.335085397734
1.59526883026 0.328136898246
1.5964511427 0.339757664631
1.59763345515 0.331491346275
1.5988157676 0.336043811456
1.59999808005 0.322865622772
1.6011803925 0.333048768574
1.60236270495 0.333887380581
1.6035450174 0.333048768574
1.60472732985 0.320229985035
1.6059096423 0.324542846786
1.60709195475 0.321068597042
1.6082742672 0.328735906822
1.60945657965 0.315677519853
1.6106388921 0.321907209049
1.61182120455 0.316755735291
1.613003517 0.320948795327
1.61418582945 0.323704234779
1.6153681419 0.322865622772
1.61655045435 0.319151769597
1.6177327668 0.317714149013
1.61891507925 0.313521088977
1.6200973917 0.313401287262
1.62127970414 0.308489416934
1.62246201659 0.311364658102
1.62364432904 0.301301314015
1.62482664149 0.304296356898
1.62600895394 0.306332986059
1.62719126639 0.295071624819
1.62837357884 0.298665676278
1.62955589129 0.301540917446
1.63073820374 0.310166640949
1.63192051619 0.30681219292
1.63310282864 0.296629047118
1.63428514109 0.299863693432
1.63546745354 0.301061710585
1.63664976599 0.276502358945
1.63783207844 0.291597375075
1.63901439089 0.291357771644
1.64019670334 0.287763720185
1.64137901579 0.286565703032
1.64256132824 0.290638961352
1.64374364069 0.284409272156
1.64492595314 0.292795392228
1.64610826558 0.287763720185
1.64729057803 0.281174625843
1.64847289048 0.283331056718
1.64965520293 0.28968054763
1.65083751538 0.292675590513
1.65201982783 0.283570660149
1.65320214028 0.276502358945
1.65438445273 0.274825134931
1.65556676518 0.275543945223
1.65674907763 0.277700376098
1.65793139008 0.275064738362
1.65911370253 0.272069695479
1.66029601498 0.262725161684
1.66147832743 0.265600402852
1.66266063988 0.276741962376
1.66384295233 0.263204368545
1.66502526478 0.277580574383
1.66620757723 0.269673661172
1.66738988968 0.258651903363
1.66857220213 0.25541725705
1.66975451458 0.265840006282
1.67093682702 0.25745388621
1.67211913947 0.265600402852
1.67330145192 0.256136067342
1.67448376437 0.251343998729
1.67566607682 0.265959807998
1.67684838927 0.246791533547
1.67803070172 0.259011308509
1.67921301417 0.248588559277
1.68039532662 0.249307369569
1.68157763907 0.261766747962
1.68275995152 0.254339041612
1.68394226397 0.258771705079
1.68512457642 0.251703403875
1.68630688887 0.253260826174
1.68748920132 0.248468757562
1.68867151377 0.238884620337
1.68985382622 0.252781619313
1.69103613867 0.248109352416
1.69221845112 0.241999464935
1.69340076357 0.247390542124
1.69458307602 0.250265783291
1.69576538846 0.236608387746
1.69694770091 0.242239068365
1.69813001336 0.238645016906
1.69931232581 0.238884620337
1.70049463826 0.228222267674
1.70167695071 0.231576715702
1.70285926316 0.240561844351
1.70404157561 0.232055922564
1.70522388806 0.239363827198
1.70640620051 0.227743060812
1.70758851296 0.242358870081
1.70877082541 0.229899491688
1.70995313786 0.242239068365
1.71113545031 0.221992578477
1.71231776276 0.22474801793
1.71350007521 0.24032224092
1.71468238766 0.236009379169
1.71586470011 0.225227224791
1.71704701256 0.224508414499
1.71822932501 0.214804475558
1.71941163746 0.224628216214
1.7205939499 0.214445070412
1.72177626235 0.229060879681
1.7229585748 0.222471785339
1.72414088725 0.218039121872
1.7253231997 0.218997535594
1.72650551215 0.218158923587
1.7276878246 0.210491613807
1.72887013705 0.215403484135
1.7300524495 0.213606458405
1.73123476195 0.21145002753
1.7324170744 0.216002492712
1.73359938685 0.214684673843
1.7347816993 0.205459941764
1.73596401175 0.199709459429
1.7371463242 0.20222529545
1.73832863665 0.2096530018
1.7395109491 0.213606458405
1.74069326155 0.214085665267
1.741875574 0.205579743479
1.74305788645 0.198511442276
1.7442401989 0.1963550114
1.74542251134 0.195037192532
1.74660482379 0.201386683443
1.74778713624 0.196834218261
1.74896944869 0.195276795962
1.75015176114 0.20761637264
1.75133407359 0.196594614831
1.75251638604 0.196834218261
1.75369869849 0.202105493735
1.75488101094 0.195037192532
1.75606332339 0.191083735926
1.75724563584 0.192042149649
1.75842794829 0.192161951364
1.75961026074 0.193479770233
1.76079257319 0.191203537642
1.76197488564 0.192880761656
1.76315719809 0.184015434723
1.76433951054 0.190125322204
1.76552182299 0.184614443299
1.76670413544 0.182697615854
1.76788644789 0.193240166802
1.76906876034 0.187130279321
1.77025107278 0.18485404673
1.77143338523 0.189166908481
1.77261569768 0.187130279321
1.77379801013 0.187489684467
1.77498032258 0.180061978117
1.77616263503 0.174191694067
1.77734494748 0.180421383263
1.77852725993 0.187010477606
1.77970957238 0.178744159249
1.78089188483 0.180181779833
1.78207419728 0.171675858045
1.78325650973 0.172634271768
1.78443882218 0.172035263191
1.78562113463 0.166045177426
1.78680344708 0.17742634038
1.78798575953 0.169399625454
1.78916807198 0.175988719797
1.79035038443 0.171915461476
1.79153269688 0.177785745526
1.79271500933 0.169040220308
1.79389732177 0.161492712244
1.79507963422 0.180181779833
1.79626194667 0.173233280344
1.79744425912 0.170837246038
1.79862657157 0.162451125966
1.79980888402 0.172754073483
1.80099119647 0.159336281368
1.80217350892 0.161013505382
1.80335582137 0.163768944835
1.80453813382 0.168561013447
1.80572044627 0.157898660784
1.80690275872 0.162211522535
1.80808507117 0.155263023047
1.80926738362 0.158138264215
1.81044969607 0.157659057354
1.81163200852 0.154783816186
1.81281432097 0.164847160272
1.81399663342 0.151069963011
1.81517894587 0.162690729397
1.81636125832 0.15262738531
1.81754357077 0.156580841916
1.81872588321 0.155382824763
1.81990819566 0.148074920128
1.82109050811 0.151189764727
1.82227282056 0.14855412699
1.82345513301 0.154065005894
1.82463744546 0.153465997318
1.82581975791 0.155143221332
1.82700207036 0.146397696114
1.82818438281 0.14675710126
1.82936669526 0.144241265238
1.83054900771 0.147835316698
1.83173132016 0.149512540712
1.83291363261 0.14496007553
1.83409594506 0.143762058377
1.83527825751 0.140527412064
1.83646056996 0.146996704691
1.83764288241 0.150950161296
1.83882519486 0.140767015494
1.84000750731 0.138131377757
1.84118981976 0.142564041224
1.84237213221 0.145079877246
1.84355444465 0.135375938305
1.8447367571 0.138490782903
1.84591906955 0.137771972611
1.847101382 0.132380895422
1.84828369445 0.134297722867
1.8494660069 0.138490782903
1.85064831935 0.13908979148
1.8518306318 0.141485825786
1.85301294425 0.132979903999
1.8541952567 0.12399477535
1.85537756915 0.129745257685
1.8565598816 0.137532369181
1.85774219405 0.130344266262
1.8589245065 0.121359137613
1.86010681895 0.126151206226
1.8612891314 0.124713585642
1.86247144385 0.125911602795
1.8636537563 0.12758882681
1.86483606875 0.118483896446
1.8660183812 0.127349223379
1.86720069365 0.127109619948
1.86838300609 0.125552197649
1.86956531854 0.12758882681
1.87074763099 0.118963103307
1.87192994344 0.129146249109
1.87311225589 0.112374008965
1.87429456834 0.121718542759
1.87547688079 0.118483896446
1.87665919324 0.121718542759
1.87784150569 0.123874973635
1.87902381814 0.120879930752
1.88020613059 0.120640327321
1.88138844304 0.118244293015
1.88257075549 0.12195814619
1.88375306794 0.116447267285
1.88493538039 0.119681913599
1.88611769284 0.119202706738
1.88730000529 0.115608655278
1.88848231774 0.11608786214
1.88966463019 0.11069678495
1.89084694264 0.120879930752
1.89202925509 0.110097776374
1.89321156753 0.105904716338
1.89439387998 0.108779957505
1.89557619243 0.113572026118
1.89675850488 0.118603698161
1.89794081733 0.112853215826
1.89912312978 0.112853215826
1.90030544223 0.114650241556
1.90148775468 0.105904716338
1.90267006713 0.105185906046
1.90385237958 0.108300750644
1.90503469203 0.102909673455
1.90621700448 0.112014603819
1.90739931693 0.101831458017
1.90858162938 0.101711656302
1.90976394183 0.106024518053
1.91094625428 0.109259164367
1.91212856673 0.105545311192
1.91331087918 0.104347294039
1.91449319163 0.103748285462
1.91567550408 0.105305707761
1.91685781653 0.103628483747
1.91804012897 0.101352251156
1.91922244142 0.109618569513
1.92040475387 0.0971591911199
1.92158706632 0.102550268309
1.92276937877 0.102909673455
1.92395169122 0.0988364151343
1.92513400367 0.0973987945505
1.92631631612 0.0953621653901
1.92749862857 0.0942839499523
1.92868094102 0.0948829585289
1.92986325347 0.0995552254261
1.93104556592 0.0942839499523
1.93222787837 0.0921275190767
1.93341019082 0.0946433550983
1.93459250327 0.0910493036388
1.93577481572 0.0924869242226
1.93695712817 0.0921275190767
1.93813944062 0.0966799842586
1.93932175307 0.089971088201
1.94050406552 0.092247320792
1.94168637797 0.0967997859739
1.94286869041 0.0904502950623
1.94405100286 0.0887730710479
1.94523331531 0.0903304933469
1.94641562776 0.0905700967776
1.94759794021 0.0870958470335
1.94878025266 0.0862572350263
1.94996256511 0.0848196144425
1.95114487756 0.088054260756
1.95232719001 0.0881740624713
1.95350950246 0.0842206058659
1.95469181491 0.0842206058659
1.95587412736 0.0842206058659
1.95705643981 0.0836215972893
1.95823875226 0.0870958470335
1.95942106471 0.0862572350263
1.96060337716 0.0861374333109
1.96178568961 0.0807463561218
1.96296800206 0.0879344590407
1.96415031451 0.0791889338227
1.96533262696 0.0842206058659
1.96651493941 0.0785899252461
1.96769725185 0.0848196144425
1.9688795643 0.0800275458299
1.97006187675 0.0874552521794
1.9712441892 0.0842206058659
1.97242650165 0.0749958737867
1.9736088141 0.0806265544065
1.97479112655 0.0842206058659
1.975973439 0.0760740892245
1.97715575145 0.0818245715596
1.9783380639 0.0801473475452
1.97952037635 0.0778711149543
1.9807026888 0.0790691321074
1.98188500125 0.079308735538
1.9830673137 0.0702038051741
1.98424962615 0.0755948823633
1.9854319386 0.0741572617795
1.98661425105 0.0736780549183
1.9877965635 0.0717612274732
1.98897887595 0.069005788021
1.9901611884 0.0758344857939
1.99134350085 0.0771523046624
1.99252581329 0.0778711149543
1.99370812574 0.0699642017435
1.99489043819 0.0720008309039
1.99607275064 0.0681671760138
1.99725506309 0.0721206326192
1.99843737554 0.0717612274732
1.99961968799 0.0697245983129
2.00080200044 0.0688859863057
2.00198431289 0.0692453914516
2.00316662534 0.0664899519994
2.00434893779 0.0693651931669
2.00553125024 0.0684067794444
2.00671356269 0.0737978566336
2.00789587514 0.0655315382769
2.00907818759 0.0685265811597
2.01026050004 0.0657711417075
2.01144281249 0.0661305468535
2.01262512494 0.0639741159778
2.01380743739 0.0649325297003
2.01498974984 0.0646929262697
2.01617206229 0.0645731245544
2.01735437473 0.0640939176931
2.01853668718 0.0624166936787
2.01971899963 0.0609790730949
2.02090131208 0.0616978833868
2.02208362453 0.0642137194084
2.02326593698 0.0569058147743
2.02444824943 0.0624166936787
2.02563056188 0.0654117365616
2.02681287433 0.0615780816715
2.02799518678 0.0632553056859
2.02917749923 0.0630157022553
2.03035981168 0.062536495394
2.03154212413 0.0610988748103
2.03272443658 0.0546295821833
2.03390674903 0.0581038319274
2.03508906148 0.0588226422193
2.03627137393 0.0612186765256
2.03745368638 0.0626562971093
2.03863599883 0.0595414525112
2.03981831128 0.0572652199202
2.04100062372 0.0570256164896
2.04218293617 0.0585830387887
2.04336524862 0.0614582799562
2.04454756107 0.0581038319274
2.04572987352 0.0540305736067
2.04691218597 0.0604998662337
2.04809449842 0.0531919615995
2.04927681087 0.052592953023
2.05045912332 0.0552285907599
2.05164143577 0.0577444267815
2.05282374822 0.0566662113436
2.05400606067 0.052592953023
2.05518837312 0.0542701770374
2.05637068557 0.0533117633148
2.05755299802 0.0527127547383
2.05873531047 0.0530721598842
2.05991762292 0.0505563238626
2.06109993537 0.0491187032788
2.06228224782 0.0517543410158
2.06346456027 0.0548691856139
2.06464687272 0.0572652199202
2.06582918516 0.0509157290086
2.06701149761 0.0487592981329
2.06819381006 0.043847427805
2.06937612251 0.048040487841
2.07055843496 0.0455246518194
2.07174074741 0.0500771170014
2.07292305986 0.0528325564536
2.07410537231 0.0530721598842
2.07528768476 0.0494781084248
2.07646999721 0.049957315286
2.07765230966 0.0449256432428
2.07883462211 0.0466028672572
2.08001693456 0.0455246518194
2.08119924701 0.0475612809798
2.08238155946 0.0497177118554
2.08356387191 0.0513949358698
2.08474618436 0.0448058415275
2.08592849681 0.0486394964176
2.08711080926 0.046123660396
2.08829312171 0.0456444535347
2.08947543416 0.0414513934987
2.0906577466 0.0479206861257
2.09184005905 0.0439672295203
2.0930223715 0.0444464363816
2.09420468395 0.0431286175131
2.0953869964 0.0458840569654
2.09656930885 0.0432484192284
2.0977516213 0.0451652466735
2.09893393375 0.0481602895563
2.1001162462 0.0444464363816
2.10129855865 0.0425296089366
2.1024808711 0.0410919883528
2.10366318355 0.0413315917834
2.104845496 0.0427692123672
2.10602780845 0.0412117900681
2.1072101209 0.0427692123672
2.10839243335 0.0406127814915
2.1095747458 0.0409721866375
2.11075705825 0.0420504020753
2.1119393707 0.041571195214
2.11312168315 0.0388157557618
2.1143039956 0.0390553591924
2.11548630804 0.037378135178
2.11666862049 0.0385761523312
2.11785093294 0.0406127814915
2.11903324539 0.039654367769
2.12021555784 0.0382167471852
2.12139787029 0.0367791266015
2.12258018274 0.0402533763456
2.12376249519 0.0409721866375
2.12494480764 0.0385761523312
2.12612712009 0.0388157557618
2.12730943254 0.0384563506159
2.12849174499 0.0362999197402
2.12967405744 0.0384563506159
2.13085636989 0.0391751609078
2.13203868234 0.0361801180249
2.13322099479 0.0352217043024
2.13440330724 0.0322266614195
2.13558561969 0.0359405145943
2.13676793214 0.0361801180249
2.13795024459 0.0384563506159
2.13913255704 0.0341434888646
2.14031486948 0.0360603163096
2.14149718193 0.0336642820033
2.14267949438 0.0341434888646
2.14386180683 0.0336642820033
2.14504411928 0.0368989283168
2.14622643173 0.0365395231708
2.14740874418 0.035461307733
2.14859105663 0.035820712879
2.14977336908 0.0329454717114
2.15095568153 0.0315078511276
2.15213799398 0.0323464631348
2.15332030643 0.0323464631348
2.15450261888 0.0317474545583
2.15568493133 0.0327058682808
2.15686724378 0.0311484459817
2.15804955623 0.0294712219673
2.15923186868 0.0282732048142
2.16041418113 0.0324662648502
2.16159649358 0.0311484459817
2.16277880603 0.033544480288
2.16396111848 0.0324662648502
2.16514343092 0.0294712219673
2.16632574337 0.0297108253979
2.16750805582 0.0313880494123
2.16869036827 0.0286326099601
2.16987268072 0.0317474545583
2.17105499317 0.0313880494123
2.17223730562 0.0267157825151
2.17341961807 0.028992015106
2.17460193052 0.0265959807998
2.17578424297 0.0264761790844
2.17696655542 0.0306692391204
2.17814886787 0.0287524116754
2.17933118032 0.0281534030988
2.18051349277 0.0282732048142
2.18169580522 0.0297108253979
2.18287811767 0.027434592807
2.18406043012 0.0305494374051
2.18524274257 0.0280336013835
2.18642505502 0.0281534030988
2.18760736747 0.0299504288286
2.18878967992 0.0298306271132
2.18997199236 0.0271949893763
2.19115430481 0.0233613344863
2.19233661726 0.0280336013835
2.19351892971 0.0264761790844
2.19470124216 0.0258771705079
2.19588355461 0.0265959807998
2.19706586706 0.027075187661
2.19824817951 0.0244395499241
2.19943049196 0.0253979636466
2.20061280441 0.0258771705079
2.20179511686 0.0240801447782
2.20297742931 0.0256375670772
2.20415974176 0.0233613344863
2.20534205421 0.023241532771
2.20652436666 0.023241532771
2.20770667911 0.0240801447782
2.20888899156 0.027434592807
2.21007130401 0.0244395499241
2.21125361646 0.0283930065295
2.21243592891 0.0221633173331
2.21361824136 0.0243197482088
2.2148005538 0.0225227224791
2.21598286625 0.0246791533547
2.2171651787 0.0233613344863
2.21834749115 0.0243197482088
2.2195298036 0.0227623259097
2.22071211605 0.025158360216
2.2218944285 0.0243197482088
2.22307674095 0.0227623259097
2.2242590534 0.0195276795962
2.22544136585 0.0233613344863
2.2266236783 0.0220435156178
2.22780599075 0.0233613344863
2.2289883032 0.0216841104719
2.23017061565 0.0208454984647
2.2313529281 0.0194078778809
2.23253524055 0.0191682744503
2.233717553 0.0230019293403
2.23489986545 0.0201266881728
2.2360821779 0.0201266881728
2.23726449035 0.0207256967494
2.2384468028 0.0203662916034
2.23962911524 0.023241532771
2.24081142769 0.0218039121872
2.24199374014 0.0201266881728
2.24317605259 0.0203662916034
2.24435836504 0.0194078778809
2.24554067749 0.0200068864575
2.24672298994 0.0219237139025
2.24790530239 0.0198870847422
2.24908761484 0.0203662916034
2.25026992729 0.0191682744503
2.25145223974 0.0200068864575
2.25263455219 0.0197672830269
2.25381686464 0.0178504555818
2.25499917709 0.0179702572971
2.25618148954 0.0192880761656
2.25736380199 0.0189286710197
2.25854611444 0.0188088693043
2.25972842689 0.0191682744503
2.26091073934 0.0207256967494
2.26209305179 0.0158138264215
2.26327536424 0.0184494641584
2.26445767668 0.0172514470053
2.26563998913 0.0183296624431
2.26682230158 0.018689067589
2.26800461403 0.0184494641584
2.26918692648 0.0174910504359
2.27036923893 0.0197672830269
2.27155155138 0.016772240144
2.27273386383 0.0158138264215
2.27391617628 0.0156940247062
2.27509848873 0.0178504555818
2.27628080118 0.0189286710197
2.27746311363 0.0136573955458
2.27864542608 0.0156940247062
2.27982773853 0.0165326367134
2.28101005098 0.0172514470053
2.28219236343 0.0162930332827
2.28337467588 0.0152148178449
2.28455698833 0.014496007553
2.28573930078 0.0152148178449
2.28692161323 0.0156940247062
2.28810392568 0.0166524384287
2.28928623812 0.0146158092683
2.29046855057 0.0154544212755
2.29165086302 0.0147356109837
2.29283317547 0.0156940247062
2.29401548792 0.0156940247062
2.29519780037 0.0140168006918
2.29638011282 0.0141366024071
2.29756242527 0.0132979903999
2.29874473772 0.0159336281368
2.29992705017 0.0156940247062
2.30110936262 0.0136573955458
2.30229167507 0.0136573955458
2.30347398752 0.0146158092683
2.30465629997 0.012579180108
2.30583861242 0.0132979903999
2.30702092487 0.0116207663855
2.30820323732 0.0137771972611
2.30938554977 0.0124593783927
2.31056786222 0.0136573955458
2.31175017467 0.0149752144143
2.31293248711 0.0150950161296
2.31411479956 0.0131781886846
2.31529711201 0.0113811629549
2.31647942446 0.0156940247062
2.31766173691 0.0122197749621
2.31884404936 0.0104227492323
2.32002636181 0.0119801715314
2.32120867426 0.0117405681008
2.32239098671 0.0129385852539
2.32357329916 0.0119801715314
2.32475561161 0.012579180108
2.32593792406 0.014855412699
2.32712023651 0.012579180108
2.32830254896 0.0128187835386
2.32948486141 0.0110217578089
2.33066717386 0.0107821543783
2.33184948631 0.0112613612395
2.33303179876 0.0111415595242
2.33421411121 0.0122197749621
2.33539642366 0.0107821543783
2.33657873611 0.0101831458017
2.33776104855 0.0112613612395
2.338943361 0.00910493036388
2.34012567345 0.00982374065577
2.3413079859 0.0104227492323
2.34249029835 0.0115009646702
2.3436726108 0.00958413722514
2.34485492325 0.014496007553
2.3460372357 0.0105425509477
2.34721954815 0.0112613612395
2.3484018606 0.0107821543783
2.34958417305 0.012579180108
2.3507664855 0.0120999732467
2.35194879795 0.00946433550983
2.3531311104 0.0105425509477
2.35431342285 0.0118603698161
2.3554957353 0.0105425509477
2.35667804775 0.0104227492323
2.3578603602 0.0116207663855
2.35904267265 0.0100633440864
2.3602249851 0.0115009646702
2.36140729755 0.00958413722514
2.36258960999 0.0105425509477
2.36377192244 0.00970393894045
2.36495423489 0.00862572350263
2.36613654734 0.00934453379451
2.36731885979 0.0116207663855
2.36850117224 0.0112613612395
2.36968348469 0.010302947517
2.37086579714 0.010662352663
2.37204810959 0.0107821543783
2.37323042204 0.00898512864857
2.37441273449 0.0100633440864
2.37559504694 0.008386120072
2.37677735939 0.00646929262697
2.37795967184 0.00814651664137
2.37914198429 0.00862572350263
2.38032429674 0.00826631835668
2.38150660919 0.00778711149543
2.38268892164 0.00934453379451
2.38387123409 0.00886532693325
2.38505354654 0.008386120072
2.38623585899 0.00886532693325
2.38741817143 0.00742770634948
2.38860048388 0.00850592178731
2.38978279633 0.0092247320792
2.39096510878 0.00862572350263
2.39214742123 0.00898512864857
2.39332973368 0.0075475080648
2.39451204613 0.00730790463417
2.39569435858 0.00610988748103
2.39687667103 0.00718810291885
2.39805898348 0.00790691321074
2.39924129593 0.00886532693325
2.40042360838 0.0075475080648
2.40160592083 0.010302947517
2.40278823328 0.00742770634948
2.40397054573 0.00814651664137
2.40515285818 0.00898512864857
2.40633517063 0.00682869777291
2.40751748308 0.00515147375851
2.40869979553 0.0067088960576
2.40988210798 0.00790691321074
2.41106442043 0.008386120072
2.41224673287 0.00694849948823
2.41342904532 0.00622968919634
2.41461135777 0.00790691321074
2.41579367022 0.0067088960576
2.41697598267 0.00694849948823
2.41815829512 0.00718810291885
2.41934060757 0.0058702840504
2.42052292002 0.00622968919634
2.42170523247 0.00790691321074
2.42288754492 0.00778711149543
2.42406985737 0.00610988748103
2.42525216982 0.00706830120354
2.42643448227 0.00515147375851
2.42761679472 0.00718810291885
2.42879910717 0.00694849948823
2.42998141962 0.00646929262697
2.43116373207 0.00515147375851
2.43234604452 0.00563068061977
2.43352835697 0.00622968919634
2.43471066942 0.00575048233508
2.43589298187 0.0067088960576
2.43707529431 0.0067088960576
2.43825760676 0.00622968919634
2.43943991921 0.00610988748103
2.44062223166 0.00575048233508
2.44180454411 0.00646929262697
2.44298685656 0.00575048233508
2.44416916901 0.00634949091165
2.44535148146 0.00551087890446
2.44653379391 0.00539107718914
2.44771610636 0.0075475080648
2.44889841881 0.00706830120354
2.45008073126 0.00599008576571
2.45126304371 0.00742770634948
2.45244535616 0.00527127547383
2.45362766861 0.00515147375851
2.45480998106 0.00551087890446
2.45599229351 0.00491187032788
2.45717460596 0.00515147375851
2.45835691841 0.00455246518194
2.45953923086 0.00622968919634
2.46072154331 0.00563068061977
2.46190385575 0.0058702840504
2.4630861682 0.00575048233508
2.46426848065 0.00491187032788
2.4654507931 0.00431286175131
2.46663310555 0.00527127547383
2.467815418 0.00443266346663
2.46899773045 0.00467226689726
2.4701800429 0.00742770634948
2.47136235535 0.00455246518194
2.4725446678 0.00539107718914
2.47372698025 0.00622968919634
2.4749092927 0.00646929262697
2.47609160515 0.00563068061977
2.4772739176 0.00479206861257
2.47845623005 0.00407325832068
2.4796385425 0.00563068061977
2.48082085495 0.00443266346663
2.4820031674 0.00299504288286
2.48318547985 0.00359405145943
2.4843677923 0.00539107718914
2.48555010475 0.00515147375851
2.48673241719 0.0033544480288
2.48791472964 0.00479206861257
2.48909704209 0.0050316720432
2.49027935454 0.00455246518194
2.49146166699 0.00610988748103
2.49264397944 0.00371385317474
2.49382629189 0.0033544480288
2.49500860434 0.0033544480288
2.49619091679 0.00467226689726
2.49737322924 0.00539107718914
2.49855554169 0.00371385317474
2.49973785414 0.00431286175131
2.50092016659 0.004193060036
2.50210247904 0.00395345660537
2.50328479149 0.00275543945223
2.50446710394 0.00371385317474
2.50564941639 0.00443266346663
2.50683172884 0.00359405145943
2.50801404129 0.00491187032788
2.50919635374 0.00515147375851
2.51037866619 0.00371385317474
2.51156097863 0.00431286175131
2.51274329108 0.00479206861257
2.51392560353 0.00347424974411
2.51510791598 0.004193060036
2.51629022843 0.00347424974411
2.51747254088 0.00467226689726
2.51865485333 0.004193060036
2.51983716578 0.00275543945223
2.52101947823 0.00347424974411
2.52220179068 0.00287524116754
2.52338410313 0.00239603430628
2.52456641558 0.004193060036
2.52574872803 0.00323464631348
2.52693104048 0.00323464631348
2.52811335293 0.00323464631348
2.52929566538 0.00347424974411
2.53047797783 0.00299504288286
2.53166029028 0.00227623259097
2.53284260273 0.00239603430628
2.53402491518 0.00323464631348
2.53520722763 0.00287524116754
2.53638954007 0.00287524116754
2.53757185252 0.00203662916034
2.53875416497 0.00407325832068
2.53993647742 0.0025158360216
2.54111878987 0.00311484459817
2.54230110232 0.00383365489006
2.54348341477 0.00263563773691
2.54466572722 0.00239603430628
2.54584803967 0.00383365489006
2.54703035212 0.00371385317474
2.54821266457 0.00215643087566
2.54939497702 0.00299504288286
2.55057728947 0.0033544480288
2.55175960192 0.00287524116754
2.55294191437 0.00299504288286
2.55412422682 0.00275543945223
2.55530653927 0.00359405145943
2.55648885172 0.00263563773691
2.55767116417 0.00227623259097
2.55885347662 0.00275543945223
2.56003578907 0.00275543945223
2.56121810151 0.00299504288286
2.56240041396 0.00395345660537
2.56358272641 0.00227623259097
2.56476503886 0.00299504288286
2.56594735131 0.00191682744503
2.56712966376 0.00287524116754
2.56831197621 0.00227623259097
2.56949428866 0.00275543945223
2.57067660111 0.00203662916034
2.57185891356 0.00311484459817
2.57304122601 0.0033544480288
2.57422353846 0.0025158360216
2.57540585091 0.00191682744503
2.57658816336 0.00323464631348
2.57777047581 0.00239603430628
2.57895278826 0.0025158360216
2.58013510071 0.00275543945223
2.58131741316 0.00227623259097
2.58249972561 0.00155742229909
2.58368203806 0.00275543945223
2.5848643505 0.00191682744503
2.58604666295 0.00191682744503
2.5872289754 0.00275543945223
2.58841128785 0.00275543945223
2.5895936003 0.00227623259097
2.59077591275 0.00215643087566
2.5919582252 0.00239603430628
2.59314053765 0.00191682744503
2.5943228501 0.00179702572971
2.59550516255 0.0025158360216
2.596687475 0.00323464631348
2.59786978745 0.00227623259097
2.5990520999 0.00215643087566
2.60023441235 0.00227623259097
2.6014167248 0.00263563773691
2.60259903725 0.00179702572971
2.6037813497 0.00239603430628
2.60496366215 0.00275543945223
2.6061459746 0.0025158360216
2.60732828705 0.00191682744503
2.6085105995 0.00155742229909
2.60969291194 0.00155742229909
2.61087522439 0.00179702572971
2.61205753684 0.00155742229909
2.61323984929 0.00155742229909
2.61442216174 0.00215643087566
2.61560447419 0.00143762058377
2.61678678664 0.00227623259097
2.61796909909 0.00215643087566
2.61915141154 0.00203662916034
2.62033372399 0.00215643087566
2.62151603644 0.00311484459817
2.62269834889 0.00119801715314
2.62388066134 0.00191682744503
2.62506297379 0.000958413722514
2.62624528624 0.00107821543783
2.62742759869 0.00215643087566
2.62860991114 0.00143762058377
2.62979222359 0.000958413722514
2.63097453604 0.0016772240144
2.63215684849 0.00143762058377
2.63333916094 0.00107821543783
2.63452147338 0.000958413722514
2.63570378583 0.00191682744503
2.63688609828 0.00215643087566
2.63806841073 0.00131781886846
2.63925072318 0.00143762058377
2.64043303563 0.00155742229909
2.64161534808 0.00179702572971
2.64279766053 0.00155742229909
2.64397997298 0.00107821543783
2.64516228543 0.000718810291885
2.64634459788 0.00155742229909
2.64752691033 0.0008386120072
2.64870922278 0.0016772240144
2.64989153523 0.00179702572971
2.65107384768 0.00131781886846
2.65225616013 0.00239603430628
2.65343847258 0.00203662916034
2.65462078503 0.00131781886846
2.65580309748 0.0008386120072
2.65698540993 0.00119801715314
2.65816772238 0.000599008576571
2.65935003482 0.0016772240144
2.66053234727 0.000718810291885
2.66171465972 0.00131781886846
2.66289697217 0.00155742229909
2.66407928462 0.00155742229909
2.66526159707 0.000718810291885
2.66644390952 0.000958413722514
2.66762622197 0.00143762058377
2.66880853442 0.00119801715314
2.66999084687 0.00119801715314
2.67117315932 0.0008386120072
2.67235547177 0.00119801715314
2.67353778422 0.00155742229909
2.67472009667 0.00131781886846
2.67590240912 0.00155742229909
2.67708472157 0.000958413722514
2.67826703402 0.00131781886846
2.67944934647 0.00119801715314
2.68063165892 0.000479206861257
2.68181397137 0.0016772240144
2.68299628382 0.0016772240144
2.68417859626 0.0008386120072
2.68536090871 0.000958413722514
2.68654322116 0.000958413722514
2.68772553361 0.00107821543783
2.68890784606 0.0008386120072
2.69009015851 0.000599008576571
2.69127247096 0.000958413722514
2.69245478341 0.0016772240144
2.69363709586 0.0008386120072
2.69481940831 0.00107821543783
2.69600172076 0.000479206861257
2.69718403321 0.0008386120072
2.69836634566 0.00107821543783
2.69954865811 0.000599008576571
2.70073097056 0.00119801715314
2.70191328301 0.00119801715314
2.70309559546 0.000718810291885
2.70427790791 0.00107821543783
2.70546022036 0.000599008576571
2.70664253281 0.000599008576571
2.70782484526 0.0008386120072
2.7090071577 0.00107821543783
2.71018947015 0.000958413722514
2.7113717826 0.00131781886846
2.71255409505 0.00155742229909
2.7137364075 0.00119801715314
2.71491871995 0.000718810291885
2.7161010324 0.000479206861257
2.71728334485 0.000958413722514
2.7184656573 0.000958413722514
2.71964796975 0.000239603430628
2.7208302822 0.0008386120072
2.72201259465 0.00119801715314
2.7231949071 0.000718810291885
2.72437721955 0.000718810291885
2.725559532 0.00107821543783
2.72674184445 0.000479206861257
2.7279241569 0.000958413722514
2.72910646935 0.00107821543783
2.7302887818 0.000718810291885
2.73147109425 0.0008386120072
2.7326534067 0.00107821543783
2.73383571914 0.00107821543783
2.73501803159 0.00119801715314
2.73620034404 0.000359405145943
2.73738265649 0.000599008576571
2.73856496894 0.0008386120072
2.73974728139 0.00131781886846
2.74092959384 0.0008386120072
2.74211190629 0.00119801715314
2.74329421874 0.000718810291885
2.74447653119 0.0008386120072
2.74565884364 0.00119801715314
2.74684115609 0.000718810291885
2.74802346854 0.000239603430628
2.74920578099 0.000958413722514
2.75038809344 0.000479206861257
2.75157040589 0.000718810291885
2.75275271834 0.000359405145943
2.75393503079 0.00131781886846
2.75511734324 0.0008386120072
2.75629965569 0.000239603430628
2.75748196814 0.0008386120072
2.75866428058 0.0008386120072
2.75984659303 0.000239603430628
2.76102890548 0.000599008576571
2.76221121793 0.000359405145943
2.76339353038 0.000958413722514
2.76457584283 0.0008386120072
2.76575815528 0.00107821543783
2.76694046773 0.000479206861257
2.76812278018 0.000359405145943
2.76930509263 0.000479206861257
2.77048740508 0.000479206861257
2.77166971753 0.000718810291885
2.77285202998 0.000599008576571
2.77403434243 0.0008386120072
2.77521665488 0.000479206861257
2.77639896733 0.000359405145943
2.77758127978 0.000718810291885
2.77876359223 0.000359405145943
2.77994590468 0.0008386120072
2.78112821713 0.000718810291885
2.78231052958 0.000479206861257
2.78349284202 0.000239603430628
2.78467515447 0.000359405145943
2.78585746692 0.000718810291885
2.78703977937 0.000239603430628
2.78822209182 0.000958413722514
2.78940440427 0.000119801715314
2.79058671672 0.000479206861257
2.79176902917 0.000239603430628
2.79295134162 0.000239603430628
2.79413365407 0.000239603430628
2.79531596652 0.000359405145943
2.79649827897 0.000239603430628
2.79768059142 0.000718810291885
2.79886290387 0.000479206861257
2.80004521632 0.000718810291885
2.80122752877 0.000359405145943
2.80240984122 0.000119801715314
2.80359215367 0.000239603430628
2.80477446612 0.000239603430628
2.80595677857 0.000479206861257
2.80713909102 0.000479206861257
2.80832140346 0.0008386120072
2.80950371591 0.000359405145943
2.81068602836 0.000479206861257
2.81186834081 0.000359405145943
2.81305065326 0.000599008576571
2.81423296571 0.000599008576571
2.81541527816 0.000479206861257
2.81659759061 0.000479206861257
2.81777990306 0.000599008576571
2.81896221551 0.000479206861257
2.82014452796 0.000119801715314
2.82132684041 0.000239603430628
2.82250915286 0.000718810291885
2.82369146531 0.000479206861257
2.82487377776 0.000359405145943
2.82605609021 0.0008386120072
2.82723840266 0.000359405145943
2.82842071511 0.0
2.82960302756 0.000359405145943
2.83078534001 0.000359405145943
2.83196765246 0.000359405145943
2.8331499649 0.000359405145943
2.83433227735 0.000239603430628
2.8355145898 0.000359405145943
2.83669690225 0.000479206861257
2.8378792147 0.000359405145943
2.83906152715 0.000479206861257
2.8402438396 0.000239603430628
2.84142615205 0.000359405145943
2.8426084645 0.000718810291885
2.84379077695 0.000359405145943
2.8449730894 0.000359405145943
2.84615540185 0.000359405145943
2.8473377143 0.000479206861257
2.84852002675 0.000479206861257
2.8497023392 0.000239603430628
2.85088465165 0.000119801715314
2.8520669641 0.000599008576571
2.85324927655 0.000359405145943
2.854431589 0.000239603430628
2.85561390145 0.000119801715314
2.85679621389 0.000239603430628
2.85797852634 0.000239603430628
2.85916083879 0.000119801715314
2.86034315124 0.000119801715314
2.86152546369 0.000479206861257
2.86270777614 0.000239603430628
2.86389008859 0.0
2.86507240104 0.000359405145943
2.86625471349 0.0
2.86743702594 0.000119801715314
2.86861933839 0.0
2.86980165084 0.000359405145943
2.87098396329 0.000239603430628
2.87216627574 0.000359405145943
2.87334858819 0.000119801715314
2.87453090064 0.000239603430628
2.87571321309 0.000119801715314
2.87689552554 0.000119801715314
2.87807783799 0.000359405145943
2.87926015044 0.000479206861257
2.88044246289 0.000479206861257
2.88162477533 0.000119801715314
2.88280708778 0.000359405145943
2.88398940023 0.000119801715314
2.88517171268 0.000359405145943
2.88635402513 0.000359405145943
2.88753633758 0.000119801715314
2.88871865003 0.000239603430628
2.88990096248 0.000239603430628
2.89108327493 0.0
2.89226558738 0.0
2.89344789983 0.000119801715314
2.89463021228 0.000479206861257
2.89581252473 0.000239603430628
2.89699483718 0.000359405145943
2.89817714963 0.000119801715314
2.89935946208 0.000119801715314
2.90054177453 0.000239603430628
2.90172408698 0.000239603430628
2.90290639943 0.000119801715314
2.90408871188 0.0
2.90527102433 0.000119801715314
2.90645333677 0.000239603430628
2.90763564922 0.000119801715314
2.90881796167 0.0
2.91000027412 0.000359405145943
2.91118258657 0.000119801715314
2.91236489902 0.000239603430628
2.91354721147 0.000359405145943
2.91472952392 0.000119801715314
2.91591183637 0.000119801715314
2.91709414882 0.000239603430628
2.91827646127 0.000239603430628
2.91945877372 0.000359405145943
2.92064108617 0.0
2.92182339862 0.000239603430628
2.92300571107 0.000239603430628
2.92418802352 0.000119801715314
2.92537033597 0.0
2.92655264842 0.0
2.92773496087 0.0
2.92891727332 0.000119801715314
2.93009958577 0.000119801715314
2.93128189821 0.000119801715314
2.93246421066 0.000119801715314
2.93364652311 0.000239603430628
2.93482883556 0.000359405145943
2.93601114801 0.0
2.93719346046 0.000119801715314
2.93837577291 0.000119801715314
2.93955808536 0.000359405145943
2.94074039781 0.000119801715314
2.94192271026 0.0
2.94310502271 0.0
2.94428733516 0.000239603430628
2.94546964761 0.000119801715314
2.94665196006 0.000119801715314
2.94783427251 0.000119801715314
2.94901658496 0.0
2.95019889741 0.0
2.95138120986 0.0
2.95256352231 0.000119801715314
2.95374583476 0.0
2.95492814721 0.000359405145943
2.95611045965 0.0
2.9572927721 0.0
2.95847508455 0.000119801715314
2.959657397 0.000119801715314
2.96083970945 0.000239603430628
2.9620220219 0.000239603430628
2.96320433435 0.000119801715314
2.9643866468 0.0
2.96556895925 0.0
2.9667512717 0.0
2.96793358415 0.0
2.9691158966 0.0
2.97029820905 0.000239603430628
2.9714805215 0.000119801715314
2.97266283395 0.000239603430628
2.9738451464 0.000239603430628
2.97502745885 0.0
2.9762097713 0.0
2.97739208375 0.0
2.9785743962 0.0
2.97975670865 0.000119801715314
2.98093902109 0.0
2.98212133354 0.0
2.98330364599 0.000239603430628
2.98448595844 0.0
2.98566827089 0.0
2.98685058334 0.0
2.98803289579 0.0
2.98921520824 0.0
2.99039752069 0.0
2.99157983314 0.000119801715314
2.99276214559 0.0
2.99394445804 0.0
2.99512677049 0.000239603430628
2.99630908294 0.0
2.99749139539 0.0
2.99867370784 0.0
2.99985602029 0.0
3.00103833274 0.000119801715314
3.00222064519 0.000119801715314
3.00340295764 0.0
3.00458527009 0.0
3.00576758253 0.0
3.00694989498 0.000239603430628
3.00813220743 0.0
3.00931451988 0.000119801715314
3.01049683233 0.0
3.01167914478 0.0
3.01286145723 0.0
3.01404376968 0.000119801715314
3.01522608213 0.000239603430628
3.01640839458 0.000119801715314
3.01759070703 0.0
3.01877301948 0.0
3.01995533193 0.0
3.02113764438 0.0
3.02231995683 0.0
3.02350226928 0.0
3.02468458173 0.0
3.02586689418 0.000119801715314
3.02704920663 0.0
3.02823151908 0.000119801715314
3.02941383153 0.000119801715314
3.03059614397 0.0
3.03177845642 0.000119801715314
3.03296076887 0.0
3.03414308132 0.000119801715314
3.03532539377 0.0
3.03650770622 0.0
3.03769001867 0.000119801715314
3.03887233112 0.000119801715314
3.04005464357 0.0
3.04123695602 0.0
3.04241926847 0.0
3.04360158092 0.0
3.04478389337 0.000119801715314
3.04596620582 0.000119801715314
3.04714851827 0.000119801715314
3.04833083072 0.0
3.04951314317 0.0
3.05069545562 0.000119801715314
3.05187776807 0.000119801715314
3.05306008052 0.0
3.05424239297 0.000119801715314
3.05542470541 0.000119801715314
3.05660701786 0.0
3.05778933031 0.000119801715314
3.05897164276 0.0
3.06015395521 0.0
3.06133626766 0.000119801715314
3.06251858011 0.000119801715314
3.06370089256 0.0
3.06488320501 0.0
3.06606551746 0.0
3.06724782991 0.000119801715314
3.06843014236 0.0
3.06961245481 0.000239603430628
3.07079476726 0.0
3.07197707971 0.000119801715314
3.07315939216 0.0
3.07434170461 0.000119801715314
3.07552401706 0.0
3.07670632951 0.000119801715314
3.07788864196 0.0
3.07907095441 0.0
3.08025326685 0.000119801715314
3.0814355793 0.0
3.08261789175 0.000119801715314
3.0838002042 0.0
3.08498251665 0.0
3.0861648291 0.0
3.08734714155 0.000119801715314
3.088529454 0.000119801715314
3.08971176645 0.0
3.0908940789 0.0
3.09207639135 0.0
3.0932587038 0.0
3.09444101625 0.0
3.0956233287 0.000119801715314
3.09680564115 0.0
3.0979879536 0.0
3.09917026605 0.0
3.1003525785 0.0
3.10153489095 0.000119801715314
3.1027172034 0.0
3.10389951585 0.000119801715314
3.10508182829 0.0
3.10626414074 0.0
3.10744645319 0.000119801715314
3.10862876564 0.0
3.10981107809 0.0
3.11099339054 0.000119801715314
3.11217570299 0.000239603430628
3.11335801544 0.000119801715314
3.11454032789 0.0
3.11572264034 0.000119801715314
3.11690495279 0.0
3.11808726524 0.0
3.11926957769 0.000119801715314
3.12045189014 0.0
3.12163420259 0.0
3.12281651504 0.0
3.12399882749 0.0
3.12518113994 0.0
3.12636345239 0.0
3.12754576484 0.0
3.12872807728 0.0
3.12991038973 0.0
3.13109270218 0.0
3.13227501463 0.0
3.13345732708 0.0
3.13463963953 0.000239603430628
3.13582195198 0.0
3.13700426443 0.0
3.13818657688 0.000119801715314
3.13936888933 0.0
3.14055120178 0.0
3.14173351423 0.0
3.14291582668 0.000119801715314
3.14409813913 0.0
3.14528045158 0.000119801715314
3.14646276403 0.000239603430628
3.14764507648 0.0
3.14882738893 0.0
3.15000970138 0.0
3.15119201383 0.0
3.15237432628 0.0
3.15355663872 0.0
3.15473895117 0.0
3.15592126362 0.000119801715314
3.15710357607 0.0
3.15828588852 0.000239603430628
3.15946820097 0.0
3.16065051342 0.0
3.16183282587 0.000119801715314
3.16301513832 0.000119801715314
3.16419745077 0.0
3.16537976322 0.0
3.16656207567 0.0
3.16774438812 0.000119801715314
3.16892670057 0.0
3.17010901302 0.0
3.17129132547 0.0
3.17247363792 0.0
3.17365595037 0.0
3.17483826282 0.000119801715314
3.17602057527 0.0
3.17720288772 0.0
3.17838520016 0.0
3.17956751261 0.0
3.18074982506 0.0
3.18193213751 0.0
3.18311444996 0.000119801715314
3.18429676241 0.000119801715314
3.18547907486 0.0
3.18666138731 0.000119801715314
3.18784369976 0.0
3.18902601221 0.000119801715314
3.19020832466 0.0
3.19139063711 0.0
3.19257294956 0.0
3.19375526201 0.0
3.19493757446 0.0
3.19611988691 0.0
3.19730219936 0.0
3.19848451181 0.0
3.19966682426 0.0
3.20084913671 0.0
3.20203144916 0.0
3.2032137616 0.0
3.20439607405 0.000119801715314
