0.110053266228 0.000382715590303
0.111386381718 0.0
0.112719497208 0.0
0.114052612698 0.000382715590303
0.115385728188 0.000382715590303
0.116718843678 0.0
0.118051959167 0.0
0.119385074657 0.0
0.120718190147 0.0
0.122051305637 0.0
0.123384421127 0.0
0.124717536617 0.0
0.126050652106 0.0
0.127383767596 0.0
0.128716883086 0.0
0.130049998576 0.0
0.131383114066 0.0
0.132716229556 0.0
0.134049345045 0.0
0.135382460535 0.0
0.136715576025 0.0
0.138048691515 0.0
0.139381807005 0.0
0.140714922494 0.0
0.142048037984 0.0
0.143381153474 0.0
0.144714268964 0.0
0.146047384454 0.0
0.147380499944 0.0
0.148713615433 0.0
0.150046730923 0.0
0.151379846413 0.000382715590303
0.152712961903 0.0
0.154046077393 0.0
0.155379192883 0.0
0.156712308372 0.0
0.158045423862 0.0
0.159378539352 0.0
0.160711654842 0.0
0.162044770332 0.0
0.163377885822 0.0
0.164711001311 0.0
0.166044116801 0.0
0.167377232291 0.000382715590303
0.168710347781 0.0
0.170043463271 0.0
0.171376578761 0.0
0.17270969425 0.0
0.17404280974 0.0
0.17537592523 0.0
0.17670904072 0.0
0.17804215621 0.0
0.1793752717 0.0
0.180708387189 0.0
0.182041502679 0.0
0.183374618169 0.0
0.184707733659 0.0
0.186040849149 0.0
0.187373964639 0.0
0.188707080128 0.0
0.190040195618 0.0
0.191373311108 0.0
0.192706426598 0.0
0.194039542088 0.0
0.195372657578 0.000382715590303
0.196705773067 0.0
0.198038888557 0.0
0.199372004047 0.000382715590303
0.200705119537 0.0
0.202038235027 0.0
0.203371350517 0.000382715590303
0.204704466006 0.000382715590303
0.206037581496 0.0
0.207370696986 0.0
0.208703812476 0.000382715590303
0.210036927966 0.0
0.211370043455 0.0
0.212703158945 0.0
0.214036274435 0.000382715590303
0.215369389925 0.0
0.216702505415 0.0
0.218035620905 0.0
0.219368736394 0.000382715590303
0.220701851884 0.0
0.222034967374 0.0
0.223368082864 0.0
0.224701198354 0.000382715590303
0.226034313844 0.000765431180606
0.227367429333 0.0
0.228700544823 0.0
0.230033660313 0.0
0.231366775803 0.0
0.232699891293 0.0
0.234033006783 0.000382715590303
0.235366122272 0.000765431180606
0.236699237762 0.0
0.238032353252 0.000382715590303
0.239365468742 0.0
0.240698584232 0.0
0.242031699722 0.000765431180606
0.243364815211 0.0
0.244697930701 0.0
0.246031046191 0.0
0.247364161681 0.0
0.248697277171 0.000765431180606
0.250030392661 0.0
0.25136350815 0.000765431180606
0.25269662364 0.000382715590303
0.25402973913 0.0
0.25536285462 0.0
0.25669597011 0.000382715590303
0.2580290856 0.000382715590303
0.259362201089 0.0
0.260695316579 0.0
0.262028432069 0.000382715590303
0.263361547559 0.0
0.264694663049 0.0
0.266027778539 0.000765431180606
0.267360894028 0.000382715590303
0.268694009518 0.000382715590303
0.270027125008 0.0
0.271360240498 0.0
0.272693355988 0.0
0.274026471477 0.000382715590303
0.275359586967 0.000382715590303
0.276692702457 0.000382715590303
0.278025817947 0.000765431180606
0.279358933437 0.000382715590303
0.280692048927 0.0
0.282025164416 0.000382715590303
0.283358279906 0.000382715590303
0.284691395396 0.000382715590303
0.286024510886 0.000765431180606
0.287357626376 0.000765431180606
0.288690741866 0.00114814677091
0.290023857355 0.000382715590303
0.291356972845 0.000382715590303
0.292690088335 0.00114814677091
0.294023203825 0.000765431180606
0.295356319315 0.000382715590303
0.296689434805 0.00114814677091
0.298022550294 0.0
0.299355665784 0.00153086236121
0.300688781274 0.00153086236121
0.302021896764 0.0
0.303355012254 0.00114814677091
0.304688127744 0.00114814677091
0.306021243233 0.000765431180606
0.307354358723 0.000382715590303
0.308687474213 0.00153086236121
0.310020589703 0.000765431180606
0.311353705193 0.000765431180606
0.312686820683 0.00191357795152
0.314019936172 0.00114814677091
0.315353051662 0.00114814677091
0.316686167152 0.000382715590303
0.318019282642 0.000382715590303
0.319352398132 0.00114814677091
0.320685513622 0.00191357795152
0.322018629111 0.00153086236121
0.323351744601 0.00114814677091
0.324684860091 0.00191357795152
0.326017975581 0.00153086236121
0.327351091071 0.00267900913212
0.328684206561 0.00153086236121
0.33001732205 0.00153086236121
0.33135043754 0.00191357795152
0.33268355303 0.00229629354182
0.33401666852 0.00153086236121
0.33534978401 0.00191357795152
0.3366828995 0.00153086236121
0.338016014989 0.00153086236121
0.339349130479 0.00267900913212
0.340682245969 0.00267900913212
0.342015361459 0.00267900913212
0.343348476949 0.00306172472243
0.344681592438 0.00382715590303
0.346014707928 0.00344444031273
0.347347823418 0.00267900913212
0.348680938908 0.00267900913212
0.350014054398 0.00382715590303
0.351347169888 0.00153086236121
0.352680285377 0.00229629354182
0.354013400867 0.00344444031273
0.355346516357 0.00267900913212
0.356679631847 0.00612344944485
0.358012747337 0.00382715590303
0.359345862827 0.00535801826425
0.360678978316 0.00420987149334
0.362012093806 0.00191357795152
0.363345209296 0.00459258708364
0.364678324786 0.00574073385455
0.366011440276 0.00229629354182
0.367344555766 0.00459258708364
0.368677671255 0.00306172472243
0.370010786745 0.00229629354182
0.371343902235 0.00459258708364
0.372677017725 0.00420987149334
0.374010133215 0.00497530267394
0.375343248705 0.00420987149334
0.376676364194 0.00497530267394
0.378009479684 0.00612344944485
0.379342595174 0.00420987149334
0.380675710664 0.00956788975758
0.382008826154 0.00497530267394
0.383341941644 0.00420987149334
0.384675057133 0.00650616503515
0.386008172623 0.00497530267394
0.387341288113 0.00344444031273
0.388674403603 0.00803702739637
0.390007519093 0.00497530267394
0.391340634583 0.00574073385455
0.392673750072 0.00765431180606
0.394006865562 0.00727159621576
0.395339981052 0.00803702739637
0.396673096542 0.00727159621576
0.398006212032 0.00727159621576
0.399339327522 0.00727159621576
0.400672443011 0.00956788975758
0.402005558501 0.00880245857697
0.403338673991 0.00612344944485
0.404671789481 0.00765431180606
0.406004904971 0.00995060534788
0.40733802046 0.00727159621576
0.40867113595 0.00880245857697
0.41000425144 0.00803702739637
0.41133736693 0.0103333209382
0.41267048242 0.00880245857697
0.41400359791 0.00688888062546
0.415336713399 0.00918517416728
0.416669828889 0.00803702739637
0.418002944379 0.0103333209382
0.419336059869 0.0107160365285
0.420669175359 0.0110987521188
0.422002290849 0.00841974298667
0.423335406338 0.0122468988897
0.424668521828 0.0122468988897
0.426001637318 0.0118641832994
0.427334752808 0.0114814677091
0.428667868298 0.0114814677091
0.430000983788 0.0103333209382
0.431334099277 0.0122468988897
0.432667214767 0.0133950456606
0.434000330257 0.0114814677091
0.435333445747 0.0130123300703
0.436666561237 0.0179876327443
0.437999676727 0.0160740547927
0.439332792216 0.016456770383
0.440665907706 0.0130123300703
0.441999023196 0.0183703483346
0.443332138686 0.0156913392024
0.444665254176 0.0172222015636
0.445998369666 0.0187530639249
0.447331485155 0.0168394859733
0.448664600645 0.0187530639249
0.449997716135 0.0195184951055
0.451330831625 0.0179876327443
0.452663947115 0.0179876327443
0.453997062605 0.0172222015636
0.455330178094 0.0218147886473
0.456663293584 0.0210493574667
0.457996409074 0.0218147886473
0.459329524564 0.0248765133697
0.460662640054 0.0176049171539
0.461995755544 0.0237283665988
0.463328871033 0.0210493574667
0.464661986523 0.0210493574667
0.465995102013 0.0233456510085
0.467328217503 0.0264073757309
0.468661332993 0.0248765133697
0.469994448482 0.0241110821891
0.471327563972 0.0237283665988
0.472660679462 0.0237283665988
0.473993794952 0.0267900913212
0.475326910442 0.0309999628146
0.476660025932 0.0298518160437
0.477993141421 0.0275555225018
0.479326256911 0.0279382380921
0.480659372401 0.0283209536824
0.481992487891 0.029086384863
0.483325603381 0.0229629354182
0.484658718871 0.0332962563564
0.48599183436 0.034061687537
0.48732494985 0.0325308251758
0.48865806534 0.0352098343079
0.48999118083 0.0355925498982
0.49132429632 0.0382715590303
0.49265741181 0.0382715590303
0.493990527299 0.0325308251758
0.495323642789 0.042864146114
0.496656758279 0.0390369902109
0.497989873769 0.0401851369818
0.499322989259 0.0405678525721
0.500656104749 0.0363579810788
0.501989220238 0.0424814305237
0.503322335728 0.0459258708364
0.504655451218 0.05051845792
0.505988566708 0.0413332837527
0.507321682198 0.0486048799685
0.508654797688 0.0512838891006
0.509987913177 0.0451604396558
0.511321028667 0.0478394487879
0.512654144157 0.0531974670521
0.513987259647 0.0440122928849
0.515320375137 0.0570246229552
0.516653490627 0.0474567331976
0.517986606116 0.0528147514618
0.519319721606 0.0574073385455
0.520652837096 0.0497530267394
0.521985952586 0.0543456138231
0.523319068076 0.0589382009067
0.524652183566 0.0524320358715
0.525985299055 0.0589382009067
0.527318414545 0.0665925127128
0.528651530035 0.0619999256291
0.529984645525 0.0486048799685
0.531317761015 0.0688888062546
0.532650876505 0.0631480724
0.533983991994 0.0585554853164
0.535317107484 0.0658270815322
0.536650222974 0.0673579438934
0.537983338464 0.0738641089285
0.539316453954 0.0788394116025
0.540649569443 0.0841974298667
0.541982684933 0.0819011363249
0.543315800423 0.0623826412194
0.544648915913 0.0826665675055
0.545982031403 0.0815184207346
0.547315146893 0.0792221271928
0.548648262382 0.0872591545891
0.549981377872 0.0819011363249
0.551314493362 0.0773085492413
0.552647608852 0.0799875583734
0.553980724342 0.0826665675055
0.555313839832 0.08840730136
0.556646955321 0.0918517416728
0.557980070811 0.0853455766376
0.559313186301 0.10065420025
0.560646301791 0.0899381637213
0.561979417281 0.0914690260825
0.563312532771 0.0998887690691
0.56464564826 0.10103691584
0.56597876375 0.10103691584
0.56731187924 0.103715924972
0.56864499473 0.0964443287564
0.56997811022 0.111752952369
0.57131122571 0.106777649695
0.572644341199 0.116728255042
0.573977456689 0.123234420078
0.575310572179 0.123999851258
0.576643687669 0.114814677091
0.577976803159 0.120555410946
0.579309918649 0.117110970633
0.580643034138 0.124765282439
0.581976149628 0.138160328099
0.583309265118 0.128592438342
0.584642380608 0.124382566849
0.585975496098 0.139691190461
0.587308611588 0.12667886039
0.588641727077 0.155765245253
0.589974842567 0.148876364628
0.591307958057 0.143135630773
0.592641073547 0.148493649038
0.593974189037 0.156913392024
0.595307304527 0.138160328099
0.596640420016 0.13892575928
0.597973535506 0.152703520531
0.599306650996 0.169160290914
0.600639766486 0.166098566192
0.601972881976 0.165715850601
0.603305997465 0.167629428553
0.604639112955 0.177580033901
0.605972228445 0.159975116747
0.607305343935 0.169925722095
0.608638459425 0.172222015636
0.609971574915 0.17643188713
0.611304690404 0.17719731831
0.612637805894 0.195184951055
0.613970921384 0.204370125222
0.615304036874 0.186765208068
0.616637152364 0.191357795152
0.617970267854 0.190592363971
0.619303383343 0.185234345707
0.620636498833 0.197481244596
0.621969614323 0.21508616175
0.623302729813 0.210876290257
0.624635845303 0.209728143486
0.625968960793 0.216617024112
0.627302076282 0.203987409632
0.628635191772 0.220061464424
0.629968307262 0.235370088036
0.631301422752 0.224654051508
0.632634538242 0.238431812759
0.633967653732 0.240728106301
0.635300769221 0.236135519217
0.636633884711 0.234987372446
0.637967000201 0.2644564729
0.639300115691 0.247999702516
0.640633231181 0.25182685842
0.641966346671 0.279382380921
0.64329946216 0.255654014323
0.64463257765 0.271728069115
0.64596569314 0.288950270679
0.64729880863 0.26483918849
0.64863192412 0.257567592274
0.64996503961 0.295073720124
0.651298155099 0.27823423415
0.652631270589 0.286271261547
0.653964386079 0.299283591617
0.655297501569 0.306172472243
0.656630617059 0.298518160437
0.657963732549 0.309999628146
0.659296848038 0.32875269207
0.660629963528 0.305407041062
0.661963079018 0.321863811445
0.663296194508 0.336024288286
0.664629309998 0.335641572696
0.665962425487 0.348271187176
0.667295540977 0.341765022141
0.668628656467 0.345592178044
0.669961771957 0.361666232837
0.671294887447 0.343295884502
0.672628002937 0.368555113462
0.673961118426 0.34023415978
0.675294233916 0.382332874713
0.676627349406 0.387690892977
0.677960464896 0.381184727942
0.679293580386 0.395345204783
0.680626695876 0.399172360686
0.681959811365 0.428258745549
0.683292926855 0.389604470929
0.684626042345 0.413332837527
0.685959157835 0.396876067144
0.687292273325 0.413332837527
0.688625388815 0.42940689232
0.689958504304 0.433234048223
0.691291619794 0.437826635307
0.692624735284 0.419073571382
0.693957850774 0.445863662703
0.695290966264 0.461555001906
0.696624081754 0.458110561593
0.697957197243 0.42864146114
0.699290312733 0.462320433086
0.700623428223 0.470357460483
0.701956543713 0.475332763157
0.703289659203 0.488727808817
0.704622774693 0.510542597465
0.705955890182 0.489493239998
0.707289005672 0.529295661389
0.708622121162 0.533122817292
0.709955236652 0.516283331319
0.711288352142 0.510542597465
0.712621467632 0.520493202812
0.713954583121 0.547666009724
0.715287698611 0.540394413508
0.716620814101 0.532740101702
0.717953929591 0.574456101045
0.719287045081 0.602777054728
0.720620160571 0.558764761843
0.72195327606 0.586702999935
0.72328639155 0.579431403719
0.72461950704 0.578665972538
0.72595262253 0.600863476776
0.72728573802 0.608135072992
0.72861885351 0.653678228238
0.729951968999 0.63109800841
0.731285084489 0.654060943828
0.732618199979 0.624974558965
0.733951315469 0.639135035806
0.735284430959 0.658270815322
0.736617546448 0.673962154524
0.737950661938 0.674727585705
0.739283777428 0.655591806189
0.740616892918 0.65635723737
0.741950008408 0.717591731819
0.743283123898 0.715678153867
0.744616239387 0.686591769004
0.745949354877 0.703813970568
0.747282470367 0.734431217792
0.748615585857 0.721418887722
0.749948701347 0.712233713554
0.751281816837 0.740937382827
0.752614932326 0.753566997307
0.753948047816 0.761986740294
0.755281163306 0.783801528941
0.756614278796 0.79490028106
0.757947394286 0.797962005782
0.759280509776 0.781505235399
0.760613625265 0.803702739637
0.761946740755 0.822838519152
0.763279856245 0.839678005125
0.764612971735 0.808678042311
0.765946087225 0.811357051443
0.767279202715 0.863023656134
0.768612318204 0.852690335196
0.769945433694 0.863023656134
0.771278549184 0.853838481967
0.772611664674 0.913924829644
0.773944780164 0.876035986204
0.775277895654 0.905887802248
0.776611011143 0.931912462388
0.777944126633 0.917751985547
0.779277242123 0.895171765719
0.780610357613 0.901677930754
0.781943473103 0.938035911833
0.783276588593 0.930381600027
0.784609704082 0.970566737009
0.785942819572 0.981282773537
0.787275935062 0.977072902044
0.788609050552 0.990467947705
0.789942166042 0.977455617634
0.791275281532 1.00922101163
0.792608397021 0.990850663295
0.793941512511 1.03333209382
0.795274628001 1.02031976375
0.796607743491 1.04825800184
0.797940858981 1.03907282767
0.79927397447 1.03715924972
0.80060708996 1.02491235083
0.80194020545 1.06471477222
0.80327332094 1.07849253347
0.80460643643 1.11446779896
0.80593955192 1.13781344997
0.807272667409 1.12901099139
0.808605782899 1.10336904684
0.809938898389 1.15771466067
0.811272013879 1.15962823862
0.812605129369 1.17340599987
0.813938244859 1.13436900966
0.815271360348 1.15886280744
0.816604475838 1.16575168806
0.817937591328 1.15541836713
0.819270706818 1.20746768741
0.820603822308 1.19445535734
0.821936937798 1.23846765022
0.823270053287 1.21818372394
0.824603168777 1.20976398095
0.825936284267 1.25377627383
0.827269399757 1.24152937494
0.828602515247 1.27444291571
0.829935630737 1.28745524578
0.831268746226 1.29357869522
0.832601861716 1.26564045713
0.833934977206 1.26831946626
0.835268092696 1.28898610814
0.836601208186 1.29740585113
0.837934323676 1.35710948322
0.839267439165 1.31501076828
0.840600554655 1.37701069391
0.841933670145 1.35098603377
0.843266785635 1.3930847487
0.844599901125 1.33835641929
0.845933016615 1.34945517141
0.847266132104 1.40380078523
0.848599247594 1.38198599658
0.849932363084 1.39691190461
0.851265478574 1.42714643624
0.852598594064 1.41872669325
0.853931709554 1.38389957454
0.855264825043 1.41222052822
0.856597940533 1.47422045385
0.857931056023 1.51325744406
0.859264171513 1.47268959149
0.860597287003 1.50828214139
0.861930402493 1.50062782958
0.863263517982 1.47804760975
0.864596633472 1.48378834361
0.865929748962 1.50254140753
0.867262864452 1.52588705854
0.868595979942 1.57410922292
0.869929095431 1.55305986545
0.871262210921 1.54617098483
0.872595326411 1.59515858038
0.873928441901 1.5630104708
0.875261557391 1.60128202983
0.876594672881 1.5943931492
0.87792778837 1.58750426858
0.87926090386 1.6299856991
0.88059401935 1.64912147862
0.88192713484 1.60702276368
0.88326025033 1.61659065344
0.88459336582 1.67055355167
0.885926481309 1.63036841469
0.887259596799 1.67055355167
0.888592712289 1.62347953407
0.889925827779 1.63993630445
0.891258943269 1.66978812049
0.892592058759 1.7088251107
0.893925174248 1.6854794597
0.895258289738 1.70231894567
0.896591405228 1.71341769779
0.897924520718 1.78077564168
0.899257636208 1.68509674411
0.900590751698 1.77312132987
0.901923867187 1.7562818439
0.903256982677 1.76967688956
0.904590098167 1.75934356862
0.905923213657 1.7800102105
0.907256329147 1.82134349425
0.908589444637 1.80450400828
0.909922560126 1.79493611852
0.911255675616 1.84545457644
0.912588791106 1.78689909113
0.913921906596 1.81828176953
0.915255022086 1.85999776887
0.916588137576 1.83397310873
0.917921253065 1.85655332856
0.919254368555 1.82363978779
0.920587484045 1.88028169516
0.921920599535 1.89673846554
0.923253715025 1.88946686933
0.924586830515 1.90783721766
0.925919946004 1.95605938204
0.927253061494 1.93768903371
0.928586176984 1.93768903371
0.929919292474 1.92735571277
0.931252407964 1.90362734617
0.932585523453 1.93271373103
0.933918638943 1.89941747467
0.935251754433 1.91051622679
0.936584869923 1.93501002457
0.937917985413 2.02915805979
0.939251100903 1.97366429919
0.940584216392 1.96447912503
0.941917331882 1.97519516155
0.943250447372 1.97481244596
0.944583562862 1.98820749163
0.945916678352 1.96486184062
0.947249793842 1.97978774864
0.948582909331 2.02380004152
0.949916024821 1.97481244596
0.951249140311 2.01844202326
0.952582255801 2.02150374798
0.953915371291 2.03336793128
0.955248486781 2.06398517851
0.95658160227 2.05786172906
0.95791471776 2.00313339965
0.95924783325 2.04331853663
0.96058094874 2.04255310545
0.96191406423 2.0762320774
0.96324717972 2.08235552684
0.964580295209 2.06207160055
0.965913410699 2.08312095802
0.967246526189 2.09536785691
0.968579641679 2.11641721438
0.969912757169 2.08312095802
0.971245872659 2.11871350792
0.972578988148 2.08579996715
0.973912103638 2.09804686604
0.975245219128 2.13746657184
0.976578334618 2.14818260837
0.977911450108 2.09154070101
0.979244565598 2.0838863892
0.980577681087 2.04982470166
0.981910796577 2.09077526983
0.983243912067 2.10914561816
0.984577027557 2.13478756271
0.985910143047 2.13670114066
0.987243258537 2.14971347073
0.988576374026 2.18415787386
0.989909489516 2.0762320774
0.991242605006 2.10952833375
0.992575720496 2.13631842507
0.993908835986 2.11105919611
0.995241951475 2.12828139768
0.996575066965 2.13440484712
0.997908182455 2.17305912174
0.999241297945 2.09307156337
1.00057441343 2.12407152618
1.00190752892 2.12598510413
1.00324064441 2.13746657184
1.0045737599 2.21707141463
1.00590687539 2.1627258008
1.00723999088 2.17497269969
1.00857310637 2.19334304803
1.00990622186 2.17612084646
1.01123933735 2.15468877341
1.01257245284 2.15621963577
1.01390556833 2.20558994692
1.01523868382 2.17688627764
1.01657179931 2.21133068077
1.0179049148 2.08120738007
1.01923803029 2.16081222285
1.02057114578 2.14894803955
1.02190426127 2.13440484712
1.02323737676 2.10723204021
1.02457049225 2.14244187452
1.02590360774 2.18033071796
1.02723672323 2.18224429591
1.02856983872 2.1864541674
1.02990295421 2.14512088365
1.0312360697 2.10531846226
1.03256918519 2.17114554379
1.03390230068 2.17114554379
1.03523541617 2.09804686604
1.03656853166 2.16463937876
1.03790164715 2.15775049813
1.03923476264 2.18760231417
1.04056787813 2.14397273688
1.04190099362 2.16923196584
1.04323410911 2.14205915893
1.0445672246 2.11105919611
1.04590034009 2.10570117785
1.04723345558 2.10914561816
1.04856657107 2.13784928743
1.04989968656 2.16081222285
1.05123280205 2.10072587517
1.05256591754 2.10876290257
1.05389903303 2.12215794823
1.05523214852 2.15315791105
1.05656526401 2.11450363643
1.0578983795 2.13631842507
1.05923149499 2.09842958163
1.06056461048 2.10608389344
1.06189772597 2.10876290257
1.06323084146 2.11526906761
1.06456395695 2.09000983865
1.06589707244 2.11373820524
1.06723018793 2.08197281125
1.06856330342 2.09651600368
1.06989641891 2.1076147558
1.0712295344 2.04331853663
1.07256264989 2.09307156337
1.07389576538 2.04523211458
1.07522888087 2.04791112371
1.07656199636 2.02954077538
1.07789511184 2.06130616937
1.07922822733 2.03336793128
1.08056134282 2.04791112371
1.08189445831 2.08082466448
1.0832275738 2.07393578385
1.08456068929 2.04484939899
1.08589380478 2.04752840812
1.08722692027 2.02494818829
1.08856003576 2.02686176625
1.08989315125 1.99968895933
1.09122626674 2.01117042704
1.09255938223 1.97902231746
1.09389249772 2.00734327114
1.09522561321 2.00696055555
1.0965587287 2.00696055555
1.09789184419 2.00542969319
1.09922495968 1.99280007871
1.10055807517 1.96677541857
1.10189119066 1.93998532725
1.10322430615 1.92544213482
1.10455742164 1.92659028159
1.10589053713 1.95491123527
1.10722365262 1.9656272718
1.10855676811 1.94878778582
1.1098898836 1.88449156665
1.11122299909 1.90783721766
1.11255611458 1.88296070429
1.11388923007 1.89482488759
1.11522234556 1.91510881388
1.11655546105 1.87186195217
1.11788857654 1.88334341988
1.11922169203 1.91204708915
1.12055480752 1.90324463058
1.12188792301 1.88946686933
1.1232210385 1.839331127
1.12455415399 1.89941747467
1.12588726948 1.86573850273
1.12722038497 1.80794844859
1.12855350046 1.83397310873
1.12988661595 1.81904720071
1.13121973144 1.75742999067
1.13255284693 1.78268921963
1.13388596242 1.80603487064
1.13521907791 1.7999114212
1.1365521934 1.7562818439
1.13788530889 1.77847934814
1.13921842438 1.74288679824
1.14055153987 1.75322011918
1.14188465536 1.75896085303
1.14321777085 1.76049171539
1.14455088634 1.75130654123
1.14588400183 1.71724485369
1.14721711732 1.68586217529
1.14855023281 1.70193623008
1.1498833483 1.67820786348
1.15121646379 1.65141777216
1.15254957928 1.68892390001
1.15388269477 1.66634368018
1.15521581026 1.66749182695
1.15654892574 1.62041780934
1.15788204123 1.63075113028
1.15921515672 1.60970177282
1.16054827221 1.63993630445
1.1618813877 1.60664004809
1.16321450319 1.5668376267
1.16454761868 1.55841788371
1.16588073417 1.59247957125
1.16721384966 1.58023267236
1.16854696515 1.54502283805
1.16988008064 1.50981300375
1.17121319613 1.54961542514
1.17254631162 1.53622037948
1.17387942711 1.5473191316
1.1752125426 1.57908452559
1.17654565809 1.5473191316
1.17787877358 1.51861546232
1.17921188907 1.46886243558
1.18054500456 1.47498588503
1.18187812005 1.42408471152
1.18321123554 1.47422045385
1.18454435103 1.44475135339
1.18587746652 1.44322049103
1.18721058201 1.42331928034
1.1885436975 1.4485785093
1.18987681299 1.43365260128
1.19120992848 1.38849216162
1.19254304397 1.40188720728
1.19387615946 1.40303535405
1.19520927495 1.39461561106
1.19654239044 1.36438107943
1.19787550593 1.32725766717
1.19920862142 1.35864034558
1.20054173691 1.3379737037
1.2018748524 1.33261568544
1.20320796789 1.31118361238
1.20454108338 1.29510955759
1.20587419887 1.34141814401
1.20720731436 1.30085029144
1.20854042985 1.31501076828
1.20987354534 1.24765282439
1.21120666083 1.24191209053
1.21253977632 1.2354059255
1.21387289181 1.2315787696
1.2152060073 1.23846765022
1.21653912279 1.1879491923
1.21787223828 1.23502320991
1.21920535377 1.16957884397
1.22053846926 1.21359113685
1.22187158475 1.17531957782
1.22320470024 1.17072699074
1.22453781573 1.16001095421
1.22587093122 1.13896159674
1.22720404671 1.18259117404
1.2285371622 1.1404924591
1.22987027769 1.11370236778
1.23120339318 1.13513444084
1.23253650867 1.1171468081
1.23386962416 1.0815542582
1.23520273964 1.07849253347
1.23653585513 1.03639381854
1.23786897062 1.03371480941
1.23920208611 1.0972455974
1.2405352016 1.08652956087
1.24186831709 1.0222333417
1.24320143258 1.04481356153
1.24453454807 1.04902343302
1.24586766356 1.05246787333
1.24720077905 1.00424570896
1.24853389454 1.02108519493
1.24986701003 0.951048241904
1.25120012552 0.977455617634
1.25253324101 0.964060571974
1.2538663565 1.01381359871
1.25519947199 0.978221048815
1.25653258748 0.987023507392
1.25786570297 0.927702590895
1.25919881846 0.948369232771
1.26053193395 0.967505012287
1.26186504944 0.898616206032
1.26319816493 0.924640866173
1.26453128042 0.918517416728
1.26586439591 0.918900132318
1.2671975114 0.862640940543
1.26853062689 0.859196500231
1.26986374238 0.88292486683
1.27119685787 0.828196537416
1.27252997336 0.85881378464
1.27386308885 0.821307656791
1.27519620434 0.814036060575
1.27652931983 0.835468133632
1.27786243532 0.824369381513
1.27919555081 0.841974298667
1.2805286663 0.812122482623
1.28186178179 0.784566960122
1.28319489728 0.765431180606
1.28452801277 0.761604024703
1.28586112826 0.778826226267
1.28719424375 0.764283033836
1.28852735924 0.743999107549
1.28986047473 0.721036172131
1.29119359022 0.740554667237
1.29252670571 0.70725841088
1.2938598212 0.727542337166
1.29519293669 0.727542337166
1.29652605218 0.729073199528
1.29785916767 0.729838630708
1.29919228316 0.697690521123
1.30052539865 0.695776943171
1.30185851414 0.680851035149
1.30319162963 0.635307879903
1.30452474512 0.661332540044
1.30585786061 0.662863402405
1.3071909761 0.626122705736
1.30852409159 0.640283182577
1.30985720708 0.636456026674
1.31119032257 0.626505421326
1.31252343806 0.597036320873
1.31385655354 0.610431366534
1.31518966903 0.604307917089
1.31652278452 0.61885110952
1.31785590001 0.577900541358
1.3191890155 0.601628907957
1.32052213099 0.604690632679
1.32185524648 0.573307954274
1.32318836197 0.548814156495
1.32452147746 0.541925275869
1.32585459295 0.52967837698
1.32718770844 0.528147514618
1.32852082393 0.52967837698
1.32985393942 0.532357386112
1.33118705491 0.512073459826
1.3325201704 0.51743147809
1.33385328589 0.520110487222
1.33518640138 0.50480186361
1.33651951687 0.476098194337
1.33785263236 0.521641349583
1.33918574785 0.478011772289
1.34051886334 0.469974744892
1.34185197883 0.467678451351
1.34318509432 0.436295772946
1.34451820981 0.459641423954
1.3458513253 0.459258708364
1.34718444079 0.461555001906
1.34851755628 0.446629093884
1.34985067177 0.47915991906
1.35118378726 0.430555039091
1.35251690275 0.440888360029
1.35385001824 0.413332837527
1.35518313373 0.427110598778
1.35651624922 0.422518011695
1.35784936471 0.39151804888
1.3591824802 0.383863737074
1.36051559569 0.397258782735
1.36184871118 0.388839039748
1.36318182667 0.396110635964
1.36451494216 0.404913094541
1.36584805765 0.39113533329
1.36718117314 0.358221792524
1.36851428863 0.36664153551
1.36984740412 0.35401192103
1.37118051961 0.361666232837
1.3725136351 0.336407003877
1.37384675059 0.337555150647
1.37517986608 0.352481058669
1.37651298157 0.348653902766
1.37784609706 0.326456398529
1.37917921255 0.312678637278
1.38051232804 0.34099959096
1.38184544353 0.316505793181
1.38317855902 0.304258894291
1.38451167451 0.29048113304
1.38584479 0.324542820577
1.38717790549 0.306937903423
1.38851102098 0.319184802313
1.38984413647 0.305407041062
1.39117725195 0.287419408318
1.39251036744 0.318802086723
1.39384348293 0.285888545957
1.39517659842 0.293542857763
1.39650971391 0.269814491164
1.3978428294 0.268666344393
1.39917594489 0.255654014323
1.40050906038 0.244937977794
1.40184217587 0.268666344393
1.40317529136 0.253357720781
1.40450840685 0.243789831023
1.40584152234 0.249913280468
1.40717463783 0.244172546613
1.40850775332 0.243789831023
1.40984086881 0.245703408975
1.4111739843 0.249913280468
1.41250709979 0.237666381578
1.41384021528 0.21508616175
1.41517333077 0.22695034505
1.41650644626 0.223505904737
1.41783956175 0.213555299389
1.41917267724 0.224654051508
1.42050579273 0.215851592931
1.42183890822 0.218530602063
1.42317202371 0.234221941266
1.4245051392 0.200160253729
1.42583825469 0.191357795152
1.42717137018 0.205900987583
1.42850448567 0.180641758623
1.42983760116 0.186765208068
1.43117071665 0.183703483346
1.43250383214 0.185617061297
1.43383694763 0.174518309178
1.43517006312 0.183320767755
1.43650317861 0.172604731227
1.4378362941 0.173370162407
1.43916940959 0.169925722095
1.44050252508 0.165333135011
1.44183564057 0.161505979108
1.44316875606 0.162271410289
1.44450187155 0.159209685566
1.44583498704 0.15155537376
1.44716810253 0.171073868866
1.44850121802 0.15193808935
1.44983433351 0.148876364628
1.451167449 0.150407226989
1.45250056449 0.137012181329
1.45383367998 0.150407226989
1.45516679547 0.138160328099
1.45649991096 0.135098603377
1.45783302645 0.130888731884
1.45916614194 0.131271447474
1.46049925743 0.141604768412
1.46183237292 0.130888731884
1.46316548841 0.133185025426
1.4644986039 0.111370236778
1.46583171939 0.119407264175
1.46716483488 0.119789979765
1.46849795037 0.125147998029
1.46983106585 0.122851704487
1.47116418134 0.109456658827
1.47249729683 0.100271484659
1.47383041232 0.124382566849
1.47516352781 0.120555410946
1.4764966433 0.107160365285
1.47782975879 0.104864071743
1.47916287428 0.0968270443467
1.48049598977 0.0991233378885
1.48182910526 0.0949134663952
1.48316222075 0.0956788975758
1.48449533624 0.093382604034
1.48582845173 0.0979751911176
1.48716156722 0.0891727325407
1.48849468271 0.097209759937
1.4898277982 0.0887900169503
1.49116091369 0.0822838519152
1.49249402918 0.0822838519152
1.49382714467 0.0868764389988
1.49516026016 0.0876418701794
1.49649337565 0.0880245857697
1.49782649114 0.0799875583734
1.49915960663 0.0769258336509
1.50049272212 0.0708023842061
1.50182583761 0.080752989554
1.5031589531 0.0734813933382
1.50449206859 0.0700369530255
1.50582518408 0.0658270815322
1.50715829957 0.0742468245188
1.50849141506 0.0708023842061
1.50982453055 0.0604690632679
1.51115764604 0.0662097971225
1.51249076153 0.0677406594837
1.51382387702 0.0765431180606
1.51515699251 0.0639135035806
1.516490108 0.0604690632679
1.51782322349 0.0574073385455
1.51915633898 0.0543456138231
1.52048945447 0.0539628982328
1.52182256996 0.0547283294134
1.52315568545 0.0535801826425
1.52448880094 0.0635307879903
1.52582191643 0.0443950084752
1.52715503192 0.0574073385455
1.52848814741 0.0520493202812
1.5298212629 0.0509011735103
1.53115437839 0.0443950084752
1.53248749388 0.0455431552461
1.53382060937 0.0463085864267
1.53515372486 0.0424814305237
1.53648684035 0.0531974670521
1.53781995584 0.05051845792
1.53915307133 0.0489875955588
1.54048618682 0.0394197058012
1.54181930231 0.0405678525721
1.5431524178 0.0455431552461
1.54448553329 0.0386542746206
1.54581864878 0.0459258708364
1.54715176427 0.0420987149334
1.54848487975 0.0363579810788
1.54981799524 0.0367406966691
1.55115111073 0.0371234122594
1.55248422622 0.0394197058012
1.55381734171 0.0267900913212
1.5551504572 0.0405678525721
1.55648357269 0.03788884344
1.55781668818 0.0348271187176
1.55914980367 0.0355925498982
1.56048291916 0.0313826784049
1.56181603465 0.0348271187176
1.56314915014 0.0256419445503
1.56448226563 0.0375061278497
1.56581538112 0.0329135407661
1.56714849661 0.0287036692727
1.5684816121 0.0287036692727
1.56981472759 0.0271728069115
1.57114784308 0.0241110821891
1.57248095857 0.0283209536824
1.57381407406 0.0256419445503
1.57514718955 0.0244937977794
1.57648030504 0.0229629354182
1.57781342053 0.0218147886473
1.57914653602 0.0237283665988
1.58047965151 0.0256419445503
1.581812767 0.0202839262861
1.58314588249 0.0241110821891
1.58447899798 0.0206666418764
1.58581211347 0.0202839262861
1.58714522896 0.0206666418764
1.58847834445 0.0202839262861
1.58981145994 0.0218147886473
1.59114457543 0.0225802198279
1.59247769092 0.0233456510085
1.59381080641 0.0229629354182
1.5951439219 0.0156913392024
1.59647703739 0.0179876327443
1.59781015288 0.0221975042376
1.59914326837 0.0195184951055
1.60047638386 0.0237283665988
1.60180949935 0.0176049171539
1.60314261484 0.0179876327443
1.60447573033 0.0187530639249
1.60580884582 0.00956788975758
1.60714196131 0.0149259080218
1.6084750768 0.0153086236121
1.60980819229 0.0118641832994
1.61114130778 0.0172222015636
1.61247442327 0.0160740547927
1.61380753876 0.0107160365285
1.61514065425 0.0141604768412
1.61647376974 0.01262961448
1.61780688523 0.00995060534788
1.61914000072 0.0110987521188
1.62047311621 0.0103333209382
1.6218062317 0.01262961448
1.62313934719 0.0118641832994
1.62447246268 0.0122468988897
1.62580557817 0.0137777612509
1.62713869365 0.00995060534788
1.62847180914 0.0103333209382
1.62980492463 0.0137777612509
1.63113804012 0.0118641832994
1.63247115561 0.00803702739637
1.6338042711 0.00765431180606
1.63513738659 0.0110987521188
1.63647050208 0.0107160365285
1.63780361757 0.01262961448
1.63913673306 0.00841974298667
1.64046984855 0.00688888062546
1.64180296404 0.00612344944485
1.64313607953 0.00650616503515
1.64446919502 0.00688888062546
1.64580231051 0.00459258708364
1.647135426 0.00880245857697
1.64846854149 0.00574073385455
1.64980165698 0.00727159621576
1.65113477247 0.00688888062546
1.65246788796 0.00841974298667
1.65380100345 0.00650616503515
1.65513411894 0.00612344944485
1.65646723443 0.0103333209382
1.65780034992 0.00803702739637
1.65913346541 0.00574073385455
1.6604665809 0.00880245857697
1.66179969639 0.00574073385455
1.66313281188 0.00574073385455
1.66446592737 0.00574073385455
1.66579904286 0.00420987149334
1.66713215835 0.00382715590303
1.66846527384 0.00497530267394
1.66979838933 0.00459258708364
1.67113150482 0.00574073385455
1.67246462031 0.00612344944485
1.6737977358 0.00574073385455
1.67513085129 0.00803702739637
1.67646396678 0.00420987149334
1.67779708227 0.00727159621576
1.67913019776 0.00497530267394
1.68046331325 0.00382715590303
1.68179642874 0.00535801826425
1.68312954423 0.00535801826425
1.68446265972 0.00459258708364
1.68579577521 0.00650616503515
1.6871288907 0.00497530267394
1.68846200619 0.00420987149334
1.68979512168 0.00229629354182
1.69112823717 0.00229629354182
1.69246135266 0.00306172472243
1.69379446815 0.00420987149334
1.69512758364 0.00306172472243
1.69646069913 0.00191357795152
1.69779381462 0.00382715590303
1.69912693011 0.00191357795152
1.7004600456 0.00229629354182
1.70179316109 0.00153086236121
1.70312627658 0.00229629354182
1.70445939207 0.00267900913212
1.70579250755 0.00267900913212
1.70712562304 0.00153086236121
1.70845873853 0.00344444031273
1.70979185402 0.00191357795152
1.71112496951 0.00114814677091
1.712458085 0.00535801826425
1.71379120049 0.00306172472243
1.71512431598 0.00153086236121
1.71645743147 0.00191357795152
1.71779054696 0.00114814677091
1.71912366245 0.00344444031273
1.72045677794 0.00229629354182
1.72178989343 0.00114814677091
1.72312300892 0.00153086236121
1.72445612441 0.00114814677091
1.7257892399 0.00229629354182
1.72712235539 0.00306172472243
1.72845547088 0.00153086236121
1.72978858637 0.00114814677091
1.73112170186 0.00191357795152
1.73245481735 0.00382715590303
1.73378793284 0.00229629354182
1.73512104833 0.00191357795152
1.73645416382 0.000765431180606
1.73778727931 0.00191357795152
1.7391203948 0.00153086236121
1.74045351029 0.00191357795152
1.74178662578 0.000765431180606
1.74311974127 0.00191357795152
1.74445285676 0.00153086236121
1.74578597225 0.000382715590303
1.74711908774 0.00191357795152
1.74845220323 0.00153086236121
1.74978531872 0.000382715590303
1.75111843421 0.00114814677091
1.7524515497 0.00229629354182
1.75378466519 0.000382715590303
1.75511778068 0.00114814677091
1.75645089617 0.000382715590303
1.75778401166 0.000382715590303
1.75911712715 0.000765431180606
1.76045024264 0.000765431180606
1.76178335813 0.00114814677091
1.76311647362 0.000765431180606
1.76444958911 0.000765431180606
1.7657827046 0.00153086236121
1.76711582009 0.00191357795152
1.76844893558 0.00114814677091
1.76978205107 0.000382715590303
1.77111516656 0.000765431180606
1.77244828205 0.000765431180606
1.77378139754 0.00153086236121
1.77511451303 0.0
1.77644762852 0.00114814677091
1.77778074401 0.00114814677091
1.7791138595 0.000382715590303
1.78044697499 0.000382715590303
1.78178009048 0.00114814677091
1.78311320596 0.000382715590303
1.78444632145 0.000382715590303
1.78577943694 0.000382715590303
1.78711255243 0.0
1.78844566792 0.000382715590303
1.78977878341 0.000765431180606
1.7911118989 0.000765431180606
1.79244501439 0.0
1.79377812988 0.0
1.79511124537 0.000382715590303
1.79644436086 0.000382715590303
1.79777747635 0.00114814677091
1.79911059184 0.000765431180606
1.80044370733 0.000765431180606
1.80177682282 0.00114814677091
1.80310993831 0.000765431180606
1.8044430538 0.000765431180606
1.80577616929 0.0
1.80710928478 0.0
1.80844240027 0.000382715590303
1.80977551576 0.000382715590303
1.81110863125 0.0
1.81244174674 0.0
1.81377486223 0.000382715590303
1.81510797772 0.000382715590303
1.81644109321 0.000382715590303
1.8177742087 0.000765431180606
1.81910732419 0.0
1.82044043968 0.0
1.82177355517 0.0
1.82310667066 0.0
1.82443978615 0.000765431180606
1.82577290164 0.0
1.82710601713 0.000382715590303
1.82843913262 0.000382715590303
1.82977224811 0.000382715590303
1.8311053636 0.000765431180606
1.83243847909 0.000382715590303
1.83377159458 0.0
1.83510471007 0.0
1.83643782556 0.0
1.83777094105 0.0
1.83910405654 0.0
1.84043717203 0.0
1.84177028752 0.0
1.84310340301 0.0
1.8444365185 0.0
1.84576963399 0.000382715590303
1.84710274948 0.0
1.84843586497 0.000382715590303
1.84976898046 0.0
1.85110209595 0.0
1.85243521144 0.0
1.85376832693 0.0
1.85510144242 0.0
1.85643455791 0.0
1.8577676734 0.0
1.85910078889 0.0
1.86043390438 0.0
1.86176701986 0.000382715590303
1.86310013535 0.0
1.86443325084 0.0
1.86576636633 0.000382715590303
1.86709948182 0.0
1.86843259731 0.0
1.8697657128 0.0
1.87109882829 0.0
1.87243194378 0.0
1.87376505927 0.0
1.87509817476 0.0
1.87643129025 0.0
1.87776440574 0.000382715590303
1.87909752123 0.000382715590303
1.88043063672 0.000382715590303
1.88176375221 0.0
1.8830968677 0.0
1.88442998319 0.0
1.88576309868 0.0
1.88709621417 0.0
1.88842932966 0.0
1.88976244515 0.0
1.89109556064 0.0
1.89242867613 0.0
1.89376179162 0.0
1.89509490711 0.0
1.8964280226 0.0
1.89776113809 0.000382715590303
1.89909425358 0.0
1.90042736907 0.0
1.90176048456 0.0
1.90309360005 0.0
1.90442671554 0.0
1.90575983103 0.0
1.90709294652 0.0
1.90842606201 0.000382715590303
1.9097591775 0.0
1.91109229299 0.0
1.91242540848 0.0
1.91375852397 0.0
1.91509163946 0.0
1.91642475495 0.0
1.91775787044 0.0
1.91909098593 0.0
1.92042410142 0.0
1.92175721691 0.0
1.9230903324 0.0
1.92442344789 0.0
1.92575656338 0.0
1.92708967887 0.0
1.92842279436 0.0
1.92975590985 0.0
1.93108902534 0.0
1.93242214083 0.0
1.93375525632 0.0
1.93508837181 0.0
1.9364214873 0.0
1.93775460279 0.000382715590303
1.93908771828 0.0
1.94042083376 0.0
1.94175394925 0.0
1.94308706474 0.0
1.94442018023 0.000382715590303
1.94575329572 0.0
1.94708641121 0.0
1.9484195267 0.0
1.94975264219 0.0
1.95108575768 0.0
1.95241887317 0.0
1.95375198866 0.0
1.95508510415 0.0
1.95641821964 0.0
1.95775133513 0.0
1.95908445062 0.0
1.96041756611 0.0
1.9617506816 0.0
1.96308379709 0.0
1.96441691258 0.0
1.96575002807 0.0
1.96708314356 0.0
1.96841625905 0.0
1.96974937454 0.0
1.97108249003 0.0
1.97241560552 0.0
1.97374872101 0.0
1.9750818365 0.0
