0.0738581728497 0.000284704158773
0.0756179012856 0.0
0.0773776297214 0.0
0.0791373581573 0.0
0.0808970865932 0.000284704158773
0.0826568150291 0.0
0.084416543465 0.0
0.0861762719009 0.0
0.0879360003368 0.0
0.0896957287726 0.0
0.0914554572085 0.000284704158773
0.0932151856444 0.0
0.0949749140803 0.0
0.0967346425162 0.0
0.0984943709521 0.0
0.100254099388 0.000284704158773
0.102013827824 0.0
0.10377355626 0.0
0.105533284696 0.0
0.107293013131 0.000284704158773
0.109052741567 0.0
0.110812470003 0.0
0.112572198439 0.0
0.114331926875 0.000284704158773
0.116091655311 0.000284704158773
0.117851383747 0.000284704158773
0.119611112183 0.000284704158773
0.121370840619 0.000284704158773
0.123130569054 0.000284704158773
0.12489029749 0.000284704158773
0.126650025926 0.00113881663509
0.128409754362 0.0
0.130169482798 0.0
0.131929211234 0.00085411247632
0.13368893967 0.000569408317546
0.135448668106 0.0
0.137208396542 0.000284704158773
0.138968124977 0.000569408317546
0.140727853413 0.000284704158773
0.142487581849 0.000569408317546
0.144247310285 0.0
0.146007038721 0.000284704158773
0.147766767157 0.000284704158773
0.149526495593 0.000284704158773
0.151286224029 0.0
0.153045952465 0.000569408317546
0.1548056809 0.00085411247632
0.156565409336 0.000569408317546
0.158325137772 0.00085411247632
0.160084866208 0.0
0.161844594644 0.00085411247632
0.16360432308 0.00085411247632
0.165364051516 0.000284704158773
0.167123779952 0.000569408317546
0.168883508387 0.000284704158773
0.170643236823 0.000284704158773
0.172402965259 0.000284704158773
0.174162693695 0.000569408317546
0.175922422131 0.000284704158773
0.177682150567 0.00113881663509
0.179441879003 0.00170822495264
0.181201607439 0.000569408317546
0.182961335875 0.000284704158773
0.18472106431 0.00085411247632
0.186480792746 0.000569408317546
0.188240521182 0.00113881663509
0.190000249618 0.00142352079387
0.191759978054 0.00085411247632
0.19351970649 0.00113881663509
0.195279434926 0.00142352079387
0.197039163362 0.00170822495264
0.198798891798 0.00170822495264
0.200558620233 0.00142352079387
0.202318348669 0.000569408317546
0.204078077105 0.00085411247632
0.205837805541 0.00170822495264
0.207597533977 0.00113881663509
0.209357262413 0.00170822495264
0.211116990849 0.00199292911141
0.212876719285 0.00284704158773
0.21463644772 0.00170822495264
0.216396176156 0.00284704158773
0.218155904592 0.00113881663509
0.219915633028 0.00142352079387
0.221675361464 0.000569408317546
0.2234350899 0.00170822495264
0.225194818336 0.00113881663509
0.226954546772 0.00170822495264
0.228714275208 0.00142352079387
0.230474003643 0.00256233742896
0.232233732079 0.00256233742896
0.233993460515 0.00170822495264
0.235753188951 0.00341644990528
0.237512917387 0.00256233742896
0.239272645823 0.00370115406405
0.241032374259 0.00284704158773
0.242792102695 0.00398585822283
0.244551831131 0.00227763327019
0.246311559566 0.00256233742896
0.248071288002 0.00284704158773
0.249831016438 0.00313174574651
0.251590744874 0.00341644990528
0.25335047331 0.00313174574651
0.255110201746 0.00256233742896
0.256869930182 0.00256233742896
0.258629658618 0.00398585822283
0.260389387054 0.00199292911141
0.262149115489 0.00455526654037
0.263908843925 0.00398585822283
0.265668572361 0.00284704158773
0.267428300797 0.00398585822283
0.269188029233 0.00398585822283
0.270947757669 0.00483997069914
0.272707486105 0.00512467485792
0.274467214541 0.0042705623816
0.276226942976 0.00455526654037
0.277986671412 0.0074023081281
0.279746399848 0.00654819565178
0.281506128284 0.00711760396933
0.28326585672 0.00455526654037
0.285025585156 0.00341644990528
0.286785313592 0.00540937901669
0.288545042028 0.00597878733424
0.290304770464 0.00882582892197
0.292064498899 0.00654819565178
0.293824227335 0.00882582892197
0.295583955771 0.00825642060442
0.297343684207 0.0074023081281
0.299103412643 0.00683289981056
0.300863141079 0.00654819565178
0.302622869515 0.00825642060442
0.304382597951 0.00797171644565
0.306142326387 0.00939523723952
0.307902054822 0.00797171644565
0.309661783258 0.00768701228688
0.311421511694 0.0113881663509
0.31318124013 0.0111034621922
0.314940968566 0.00882582892197
0.316700697002 0.0133810954623
0.318460425438 0.00911053308074
0.320220153874 0.0119575746685
0.321979882309 0.0085411247632
0.323739610745 0.0108187580334
0.325499339181 0.0119575746685
0.327259067617 0.0116728705097
0.329018796053 0.00797171644565
0.330778524489 0.00825642060442
0.332538252925 0.00996464555706
0.334297981361 0.0133810954623
0.336057709797 0.0185057703203
0.337817438232 0.00967994139829
0.339577166668 0.0139505037799
0.341336895104 0.0122422788272
0.34309662354 0.0119575746685
0.344856351976 0.0128116871448
0.346616080412 0.0130963913036
0.348375808848 0.0162281370501
0.350135537284 0.0153740245738
0.35189526572 0.0173669536852
0.353654994155 0.0179363620027
0.355414722591 0.0182210661615
0.357174451027 0.0202139952729
0.358934179463 0.0165128412088
0.360693907899 0.0204986994317
0.362453636335 0.0190751786378
0.364213364771 0.0159434328913
0.365973093207 0.0222069243843
0.367732821643 0.0227763327019
0.369492550078 0.0210681077492
0.371252278514 0.0167975453676
0.37301200695 0.0259080784484
0.374771735386 0.0199292911141
0.376531463822 0.0173669536852
0.378291192258 0.0219222202255
0.380050920694 0.0279010075598
0.38181064913 0.0287551200361
0.383570377565 0.0236304451782
0.385330106001 0.0210681077492
0.387089834437 0.027616303401
0.388849562873 0.0241998534957
0.390609291309 0.0259080784484
0.392369019745 0.025053965972
0.394128748181 0.0290398241949
0.395888476617 0.0279010075598
0.397648205053 0.0298939366712
0.399407933488 0.0324562741001
0.401167661924 0.0350186115291
0.40292739036 0.0335950907352
0.404687118796 0.0335950907352
0.406446847232 0.0381503572756
0.408206575668 0.0347339073703
0.409966304104 0.0384350614344
0.41172603254 0.0384350614344
0.413485760976 0.040143286387
0.415245489411 0.0333103865765
0.417005217847 0.0370115406405
0.418764946283 0.0407126947046
0.420524674719 0.0449832570862
0.422284403155 0.0409973988633
0.424044131591 0.0501079319441
0.425803860027 0.0384350614344
0.427563588463 0.0418515113397
0.429323316898 0.0435597362923
0.431083045334 0.04640677788
0.43284277377 0.0392891739107
0.434602502206 0.0546631984845
0.436362230642 0.0475455945151
0.438121959078 0.0495385236265
0.439881687514 0.0475455945151
0.44164141595 0.0540937901669
0.443401144386 0.0572255359134
0.445160872821 0.0566561275959
0.446920601257 0.052670269373
0.448680329693 0.0606419858187
0.450440058129 0.0623502107713
0.452199786565 0.0620655066126
0.453959515001 0.0566561275959
0.455719243437 0.0572255359134
0.457478971873 0.0597878733424
0.459238700309 0.0657666606766
0.460998428744 0.0671901814705
0.46275815718 0.0666207731529
0.464517885616 0.0686137022643
0.466277614052 0.0609266899775
0.468037342488 0.067759589788
0.469797070924 0.067759589788
0.47155679936 0.0782936436626
0.473316527796 0.0780089395039
0.475076256232 0.074023081281
0.476835984667 0.080286572774
0.478595713103 0.0899665141723
0.480355441539 0.0754466020749
0.482115169975 0.080286572774
0.483874898411 0.0876888809022
0.485634626847 0.0876888809022
0.487394355283 0.0945217807127
0.489154083719 0.0967994139829
0.490913812154 0.101354680523
0.49267354059 0.103632313793
0.494433269026 0.0879735850609
0.496192997462 0.0985076389355
0.497952725898 0.104201722111
0.499712454334 0.101069976364
0.50147218277 0.101639384682
0.503231911206 0.112458142715
0.504991639642 0.111604030239
0.506751368077 0.115305184303
0.508511096513 0.12071456332
0.510270824949 0.117013409256
0.512030553385 0.108472284493
0.513790281821 0.125554534019
0.515550010257 0.117582817573
0.517309738693 0.126978054813
0.519069467129 0.143206191863
0.520829195565 0.127832167289
0.522588924 0.131248617194
0.524348652436 0.136373292052
0.526108380872 0.1346650671
0.527868109308 0.137227404529
0.529627837744 0.142352079387
0.53138756618 0.144629712657
0.533147294616 0.132956842147
0.534907023052 0.149184979197
0.536666751487 0.149184979197
0.538426479923 0.151177908309
0.540186208359 0.157156695643
0.541945936795 0.161142553866
0.543705665231 0.171391903581
0.545465393667 0.171961311899
0.547225122103 0.171391903581
0.548984850539 0.167975453676
0.550744578975 0.175662465963
0.55250430741 0.185911815679
0.554264035846 0.178224803392
0.556023764282 0.175377761804
0.557783492718 0.183064774091
0.559543221154 0.191036490537
0.56130294959 0.190467082219
0.563062678026 0.199862319459
0.564822406462 0.205271698475
0.566582134898 0.209257556698
0.568341863333 0.203278769364
0.570101591769 0.204417585999
0.571861320205 0.212104598286
0.573621048641 0.229471551971
0.575380777077 0.224631581272
0.577140505513 0.229186847812
0.578900233949 0.218368089779
0.580659962385 0.228902143654
0.582419690821 0.219222202255
0.584179419256 0.234026818512
0.585939147692 0.237443268417
0.587698876128 0.240575014163
0.589458604564 0.252532588832
0.591218333 0.250824363879
0.592978061436 0.263636051024
0.594737789872 0.259080784484
0.596497518308 0.268476021723
0.598257246743 0.270753654993
0.600016975179 0.264205459342
0.601776703615 0.270184246676
0.603536432051 0.28783590452
0.605296160487 0.273031288264
0.607055888923 0.306911083158
0.608815617359 0.280148892233
0.610575345795 0.315167503762
0.612335074231 0.294384100172
0.614094802666 0.312320462174
0.615854531102 0.300932295823
0.617614259538 0.322854516049
0.619373987974 0.335950907352
0.62113371641 0.333673274082
0.622893444846 0.337089723987
0.624653173282 0.342499103004
0.626412901718 0.356734310943
0.628172630154 0.353317861038
0.629932358589 0.340790878052
0.631692087025 0.364706027388
0.633451815461 0.3666989565
0.635211543897 0.365275435706
0.636971272333 0.384635318503
0.638731000769 0.379510643645
0.640490729205 0.382357685232
0.642250457641 0.376948306216
0.644010186076 0.404564609617
0.645769914512 0.390329401678
0.647529642948 0.423355084096
0.649289371384 0.40855046784
0.65104909982 0.425348013207
0.652808828256 0.427910350636
0.654568556692 0.41993863419
0.656328285128 0.453533724926
0.658088013564 0.436736179558
0.659847741999 0.449263162544
0.661607470435 0.450686683338
0.663367198871 0.453249020767
0.665126927307 0.461220737213
0.666886655743 0.448409050068
0.668646384179 0.479157099215
0.670406112615 0.473747720199
0.672165841051 0.488267632296
0.673925569487 0.505065177664
0.675685297922 0.527556806207
0.677445026358 0.528695622842
0.679204754794 0.523570947984
0.68096448323 0.524994468778
0.682724211666 0.518730977285
0.684483940102 0.548340209797
0.686243668538 0.528126214524
0.688003396974 0.549194322274
0.68976312541 0.556311926243
0.691522853845 0.58705997539
0.693282582281 0.575387104881
0.695042310717 0.585351750438
0.696802039153 0.580796483897
0.698561767589 0.594746987677
0.700321496025 0.597878733424
0.702081224461 0.595885804312
0.703840952897 0.60328811244
0.705600681332 0.655388973496
0.707360409768 0.619516249491
0.709120138204 0.624640924348
0.71087986664 0.654819565178
0.712639595076 0.645709032098
0.714399323512 0.691831105819
0.716159051948 0.662791281624
0.717918780384 0.668770068958
0.71967850882 0.677311193721
0.721438237255 0.69154640166
0.723197965691 0.687845247596
0.724957694127 0.688699360072
0.726717422563 0.711760396933
0.728477150999 0.725710900713
0.730236879435 0.727703829824
0.731996607871 0.720016817537
0.733756336307 0.759021287289
0.735516064743 0.760160103924
0.737275793178 0.73795317954
0.739035521614 0.766138891259
0.74079525005 0.766708299576
0.742554978486 0.776103536816
0.744314706922 0.779235282562
0.746074435358 0.802581023582
0.747834163794 0.799733981994
0.74959389223 0.835322001841
0.751353620665 0.830482031141
0.753113349101 0.820232681426
0.754873077537 0.832474960253
0.756632805973 0.857244222066
0.758392534409 0.84927250562
0.760152262845 0.85411247632
0.761911991281 0.862653601083
0.763671719717 0.913046237186
0.765431448153 0.887707567055
0.767191176588 0.889985200325
0.768950905024 0.899380437565
0.77071063346 0.960022423383
0.772470361896 0.938100203158
0.774230090332 0.934683753252
0.775989818768 0.931552007506
0.777749547204 0.94920366535
0.77950927564 0.981090531132
0.781269004076 0.973118814687
0.783028732511 0.971125885575
0.784788460947 1.00642920126
0.786548189383 1.02635849238
0.788307917819 1.00671390542
0.790067646255 1.0124079886
0.791827374691 1.03376080051
0.793587103127 1.02607378822
0.795346831563 1.00244334304
0.797106559999 1.04429485438
0.798866288434 1.03347609635
0.80062601687 1.06934882035
0.802385745306 1.06906411619
0.804145473742 1.08329932413
0.805905202178 1.08016757839
0.807664930614 1.10208979861
0.80942465905 1.0724805661
0.811184387486 1.11746382318
0.812944115921 1.1456495349
0.814703844357 1.13283784776
0.816463572793 1.14650364738
0.818223301229 1.13454607271
0.819983029665 1.19006338367
0.821742758101 1.16244708027
0.823502486537 1.18180696307
0.825262214973 1.19490335437
0.827021943409 1.17839051316
0.828781671844 1.17440465494
0.83054140028 1.25298300276
0.832301128716 1.21340912469
0.834060857152 1.22593610768
0.835820585588 1.24330306136
0.837580314024 1.25070536949
0.83934004246 1.29113336004
0.841099770896 1.26380176079
0.842859499332 1.28970983924
0.844619227767 1.25810767762
0.846378956203 1.31220146779
0.848138684639 1.27405111051
0.849898413075 1.33526250465
0.851658141511 1.30707679293
0.853417869947 1.34864360011
0.855177598383 1.32415904245
0.856937326819 1.35376827497
0.858697055254 1.39419626551
0.86045678369 1.34864360011
0.862216512126 1.37341286192
0.863976240562 1.39191863224
0.865735968998 1.38480102827
0.867495697434 1.37341286192
0.86925542587 1.3728434536
0.871015154306 1.41611848574
0.872774882742 1.41127851504
0.874534611177 1.42067375228
0.876294339613 1.44572771825
0.878054068049 1.4246596105
0.879813796485 1.47476754245
0.881573524921 1.45170650558
0.883333253357 1.4798922173
0.885092981793 1.47362872581
0.886852710229 1.45426884301
0.888612438665 1.49270390445
0.8903721671 1.52572958687
0.892131895536 1.48530159632
0.893891623972 1.51120967477
0.895651352408 1.50693911239
0.897411080844 1.5171884621
0.89917080928 1.56786580236
0.900930537716 1.52886133261
0.902690266152 1.57555281465
0.904449994588 1.56729639405
0.906209723023 1.54281183639
0.907969451459 1.53939538649
0.909729179895 1.57270577306
0.911488908331 1.55391529858
0.913248636767 1.55533881938
0.915008365203 1.5365483449
0.916768093639 1.58181630614
0.918527822075 1.62366781748
0.92028755051 1.62822308402
0.922047278946 1.6193972551
0.923807007382 1.61711962183
0.925566735818 1.64331240444
0.927326464254 1.59889855567
0.92908619269 1.64274299612
0.930845921126 1.63107012561
0.932605649562 1.67491456606
0.934365377998 1.67149811616
0.936125106433 1.64872178346
0.937884834869 1.65925583733
0.939644563305 1.68886506984
0.941404291741 1.66096406228
0.943164020177 1.70253086946
0.944923748613 1.68060864924
0.946683477049 1.6794698326
0.948443205485 1.68374039498
0.950202933921 1.74267415585
0.951962662356 1.71705078156
0.953722390792 1.69427444886
0.955482119228 1.71420373997
0.957241847664 1.73498714356
0.9590015761 1.74153533922
0.960761304536 1.72189075226
0.962521032972 1.75861758874
0.964280761408 1.73043187702
0.966040489843 1.75690936379
0.967800218279 1.75149998477
0.969559946715 1.76772812182
0.971319675151 1.74295886001
0.973079403587 1.7685822343
0.974839132023 1.70281557362
0.976598860459 1.75747877211
0.978358588895 1.75349291388
0.980118317331 1.74381297249
0.981878045766 1.77797747154
0.983637774202 1.74381297249
0.985397502638 1.83463359913
0.987157231074 1.80246202919
0.98891695951 1.77940099233
0.990676687946 1.79392090443
0.992436416382 1.80701729573
0.994196144818 1.79278208779
0.995955873254 1.82239132031
0.997715601689 1.83064774091
0.999475330125 1.8203983912
1.00123505856 1.7719986842
1.002994787 1.78822682125
1.00475451543 1.79648324186
1.00651424387 1.80559377494
1.0082739723 1.80644788742
1.01003370074 1.82267602447
1.01179342918 1.79762205849
1.01355315761 1.79648324186
1.01531288605 1.82609247437
1.01707261448 1.79050445452
1.01883234292 1.81385019554
1.02059207136 1.82808540348
1.02235179979 1.82950892428
1.02411152823 1.82324543278
1.02587125666 1.78908093373
1.0276309851 1.82780069932
1.02939071354 1.81726664545
1.03115044197 1.7506458723
1.03291017041 1.79676794602
1.03466989884 1.79591383354
1.03642962728 1.82011368704
1.03818935571 1.81954427872
1.03994908415 1.82125250367
1.04170881259 1.78708800462
1.04346854102 1.83121714923
1.04522826946 1.79762205849
1.04698799789 1.78623389214
1.04874772633 1.78481037135
1.05050745477 1.79420560859
1.0522671832 1.82353013694
1.05402691164 1.79762205849
1.05578664007 1.78224803392
1.05754636851 1.79449031275
1.05930609695 1.77029045925
1.06106582538 1.809294929
1.06282555382 1.7879421171
1.06458528225 1.81128785812
1.06634501069 1.75577054715
1.06810473912 1.79534442522
1.06986446756 1.7768386549
1.071624196 1.77740806322
1.07338392443 1.73299421445
1.07514365287 1.78509507551
1.0769033813 1.76431167192
1.07866310974 1.76402696776
1.08042283818 1.72132134394
1.08218256661 1.77740806322
1.08394229505 1.74352826833
1.08570202348 1.74182004337
1.08746175192 1.70253086946
1.08922148036 1.72559190632
1.09098120879 1.72815424375
1.09274093723 1.71619666908
1.09450066566 1.71961311899
1.0962603941 1.74751412655
1.09802012253 1.68174746587
1.09977985097 1.74609060576
1.10153957941 1.71391903581
1.10329930784 1.70196146115
1.10505903628 1.68231687419
1.10681876471 1.67918512844
1.10857849315 1.71505785245
1.11033822159 1.67804631181
1.11209795002 1.64729826266
1.11385767846 1.67377574943
1.11561740689 1.70822495264
1.11737713533 1.68032394508
1.11913686377 1.64672885434
1.1208965922 1.61911255094
1.12265632064 1.61711962183
1.12441604907 1.64815237514
1.12617577751 1.63647950463
1.12793550594 1.62452192996
1.12969523438 1.64587474187
1.13145496282 1.62993130898
1.13321469125 1.62879249234
1.13497441969 1.58665627684
1.13673414812 1.57042813979
1.13849387656 1.64729826266
1.140253605 1.61057142618
1.14201333343 1.58921861427
1.14377306187 1.54195772392
1.1455327903 1.53398600747
1.14729251874 1.56302583166
1.14905224718 1.55220707363
1.15081197561 1.52943074093
1.15257170405 1.54110361144
1.15433143248 1.49469683356
1.15609116092 1.5089320415
1.15785088935 1.50238384585
1.15961061779 1.50921674566
1.16137034623 1.47789928819
1.16313007466 1.47277461333
1.1648898031 1.45512295549
1.16664953153 1.44544301409
1.16840925997 1.48245455473
1.17016898841 1.45540765965
1.17192871684 1.46423348857
1.17368844528 1.45626177212
1.17544817371 1.4619558553
1.17720790215 1.43035369368
1.17896763059 1.41355614831
1.18072735902 1.39277274472
1.18248708746 1.40757736097
1.18424681589 1.4067232485
1.18600654433 1.40757736097
1.18776627277 1.39789741958
1.1895260012 1.37170463697
1.19128572964 1.3141943969
1.19304545807 1.35433768328
1.19480518651 1.35661531655
1.19656491494 1.33981777119
1.19832464338 1.31476380521
1.20008437182 1.34465774189
1.20184410025 1.28600868518
1.20360382869 1.29625803489
1.20536355712 1.31134735531
1.20712328556 1.28486986854
1.208883014 1.2914180642
1.21064274243 1.26921113981
1.21240247087 1.23590075323
1.2141621993 1.24842773622
1.21592192774 1.27746756042
1.21768165618 1.22195024945
1.21944138461 1.25099007365
1.22120111305 1.2071456332
1.22296084148 1.20999267479
1.22472056992 1.20059743755
1.22648029835 1.18038344227
1.22824002679 1.19632687517
1.22999975523 1.1892092712
1.23175948366 1.15988474284
1.2335192121 1.15960003868
1.23527894053 1.12828258122
1.23703866897 1.13312255192
1.23879839741 1.13084491865
1.24055812584 1.12885198954
1.24231785428 1.07532760769
1.24407758271 1.12885198954
1.24583731115 1.12714376458
1.24759703959 1.07162645362
1.24935676802 1.08956281563
1.25111649646 1.04087840447
1.25287622489 1.08329932413
1.25463595333 1.06308532886
1.25639568176 1.0545442041
1.2581554102 1.03433020882
1.25991513864 1.02009500088
1.26167486707 1.05255127498
1.26343459551 1.00813742622
1.26519432394 1.03660784209
1.26695405238 0.988208135102
1.26871378082 0.985076389355
1.27047350925 0.967994139829
1.27223323769 0.979951714497
1.27399296612 0.956321269319
1.27575269456 0.955467156843
1.277512423 0.953189523573
1.27927215143 0.931836711665
1.28103187987 0.928420261759
1.2827916083 0.917601503726
1.28455133674 0.940377836428
1.28631106517 0.885714637943
1.28807079361 0.909060378963
1.28983052205 0.854681884637
1.29159025048 0.876888809022
1.29334997892 0.880874667244
1.29510970735 0.828773806189
1.29686943579 0.86094537613
1.29862916423 0.83788433927
1.30038889266 0.822795018855
1.3021486211 0.841870197492
1.30390834953 0.799164573676
1.30566807797 0.805997473487
1.30742780641 0.773825903546
1.30918753484 0.787491703167
1.31094726328 0.822225610537
1.31270699171 0.773256495228
1.31446672015 0.769555341164
1.31622644858 0.780374099197
1.31798617702 0.736244954588
1.31974590546 0.731404983888
1.32150563389 0.756174245702
1.32326536233 0.738522587858
1.32502509076 0.734252025476
1.3267848192 0.720016817537
1.32854454764 0.723433267443
1.33030427607 0.692115809978
1.33206400451 0.679019418674
1.33382373294 0.704927497122
1.33558346138 0.673610039657
1.33734318982 0.675602968769
1.33910291825 0.665068914894
1.34086264669 0.64969489032
1.34262237512 0.651972523591
1.34438210356 0.677026489563
1.34614183199 0.63346675327
1.34790156043 0.612398645521
1.34966128887 0.606135154028
1.3514210173 0.632897344953
1.35318074574 0.61040571641
1.35494047417 0.605850449869
1.35670020261 0.589907016978
1.35845993105 0.589337608661
1.36021965948 0.579088258945
1.36197938792 0.540937901669
1.36373911635 0.58022707558
1.36549884479 0.574248288246
1.36725857323 0.549194322274
1.36901830166 0.548909618115
1.3707780301 0.526417989572
1.37253775853 0.529265031159
1.37429748697 0.527841510366
1.3760572154 0.515883935697
1.37781694384 0.521008610555
1.37957667228 0.500509911123
1.38133640071 0.503072248552
1.38309612915 0.478302986739
1.38485585758 0.478587690898
1.38661558602 0.462074849689
1.38837531446 0.476879465945
1.39013504289 0.464352482959
1.39189477133 0.466060707912
1.39365449976 0.447270233433
1.3954142282 0.441860854416
1.39717395664 0.447554937591
1.39893368507 0.427625646477
1.40069341351 0.441860854416
1.40245314194 0.42705623816
1.40421287038 0.431326800541
1.40597259881 0.432465617177
1.40773232725 0.432180913018
1.40949205569 0.419653930032
1.41125178412 0.407696355363
1.41301151256 0.390329401678
1.41477124099 0.380934164439
1.41653096943 0.384920022661
1.41829069787 0.369545998088
1.4200504263 0.359011944213
1.42181015474 0.361574281642
1.42356988317 0.362713098277
1.42532961161 0.357873127578
1.42708934005 0.349901411132
1.42884906848 0.364990731547
1.43060879692 0.340506173893
1.43236852535 0.334527386559
1.43412825379 0.317445137032
1.43588798222 0.323423924366
1.43764771066 0.315736912079
1.4394074391 0.323708628525
1.44116716753 0.298369958394
1.44292689597 0.314313391286
1.4446866244 0.307480491475
1.44644635284 0.289544129472
1.44820608128 0.288120608678
1.44996580971 0.292960579378
1.45172553815 0.284704158773
1.45348526658 0.275593625692
1.45524499502 0.280148892233
1.45700472346 0.282711229662
1.45876445189 0.288690016996
1.46052418033 0.269899542517
1.46228390876 0.258511376166
1.4640436372 0.259365488642
1.46580336563 0.26221253023
1.46756309407 0.250254955562
1.46932282251 0.253386701308
1.47108255094 0.247977322291
1.47284227938 0.236589155941
1.47460200781 0.241144422481
1.47636173625 0.230610368606
1.47812146469 0.237158564258
1.47988119312 0.22747862286
1.48164092156 0.215521048191
1.48340064999 0.223777468796
1.48516037843 0.210111669175
1.48692010687 0.202139952729
1.4886798353 0.211819894127
1.49043956374 0.210681077492
1.49219929217 0.207549331746
1.49395902061 0.214666935715
1.49571874904 0.187620040632
1.49747847748 0.189328265584
1.49923820592 0.190467082219
1.50099793435 0.196445869554
1.50275766279 0.178509507551
1.50451739122 0.185057703203
1.50627711966 0.17395424101
1.5080368481 0.187335336473
1.50979657653 0.174808353487
1.51155630497 0.169114270311
1.5133160334 0.167690749517
1.51507576184 0.141782671069
1.51683549028 0.151177908309
1.51859521871 0.156302583166
1.52035494715 0.146053233451
1.52211467558 0.154024949896
1.52387440402 0.151462612467
1.52563413246 0.147476754245
1.52739386089 0.146907345927
1.52915358933 0.142067375228
1.53091331776 0.133810954623
1.5326730462 0.142352079387
1.53443277463 0.131818025512
1.53619250307 0.138366221164
1.53795223151 0.133526250465
1.53971195994 0.118152225891
1.54147168838 0.130394504718
1.54323141681 0.119291042526
1.54499114525 0.118152225891
1.54675087369 0.112173438557
1.54851060212 0.115589888462
1.55027033056 0.0996464555706
1.55203005899 0.105055834587
1.55378978743 0.120145155002
1.55554951587 0.107048763699
1.5573092443 0.0993617514119
1.55906897274 0.108187580334
1.56082870117 0.10904169281
1.56258842961 0.0950911890303
1.56434815804 0.102778201317
1.56610788648 0.0908206266487
1.56786761492 0.0882582892197
1.56962734335 0.0990770472531
1.57138707179 0.0950911890303
1.57314680022 0.0985076389355
1.57490652866 0.0848418393144
1.5766662571 0.0871194725846
1.57842598553 0.0788630519802
1.58018571397 0.091674739125
1.5819454424 0.0859806559495
1.58370517084 0.0805712769328
1.58546489928 0.0822795018855
1.58722462771 0.0805712769328
1.58898435615 0.0842724309969
1.59074408458 0.0757313062337
1.59250381302 0.0731689688047
1.59426354145 0.0697525188994
1.59602326989 0.079147756139
1.59778299833 0.0680442939468
1.59954272676 0.0686137022643
1.6013024552 0.0626349149301
1.60306218363 0.0728842646459
1.60482191207 0.0654819565178
1.60658164051 0.0623502107713
1.60834136894 0.0637737315652
1.61010109738 0.0700372230582
1.61186082581 0.0646278440415
1.61362055425 0.0546631984845
1.61538028269 0.057794944231
1.61714001112 0.0586490567073
1.61889973956 0.0535243818494
1.62065946799 0.0563714234371
1.62241919643 0.0566561275959
1.62417892486 0.0529549735318
1.6259386533 0.0523855652143
1.62769838174 0.0438444404511
1.62945811017 0.0444138487686
1.63121783861 0.0452679612449
1.63297756704 0.0481150028327
1.63473729548 0.0432750321335
1.63649702392 0.0486844111502
1.63825675235 0.0421362154984
1.64001648079 0.0441291446098
1.64177620922 0.0461220737213
1.64353593766 0.0432750321335
1.6452956661 0.0435597362923
1.64705539453 0.0412821030221
1.64881512297 0.0409973988633
1.6505748514 0.0395738780695
1.65233457984 0.0341644990528
1.65409430827 0.0378656531168
1.65585403671 0.0370115406405
1.65761376515 0.0307480491475
1.65937349358 0.033879794894
1.66113322202 0.0361574281642
1.66289295045 0.0327409782589
1.66465267889 0.0267621909247
1.66641240733 0.0310327533063
1.66817213576 0.0321715699414
1.6699318642 0.0330256824177
1.67169159263 0.0261927826071
1.67345132107 0.0327409782589
1.67521104951 0.0287551200361
1.67697077794 0.0244845576545
1.67873050638 0.0290398241949
1.68049023481 0.0267621909247
1.68224996325 0.0267621909247
1.68400969168 0.023915149337
1.68576942012 0.0261927826071
1.68752914856 0.0224916285431
1.68928887699 0.0207834035904
1.69104860543 0.0259080784484
1.69280833386 0.021352811908
1.6945680623 0.0273315992422
1.69632779074 0.0244845576545
1.69808751917 0.0210681077492
1.69984724761 0.0204986994317
1.70160697604 0.0244845576545
1.70336670448 0.0153740245738
1.70512643292 0.0219222202255
1.70688616135 0.0219222202255
1.70864588979 0.0167975453676
1.71040561822 0.0233457410194
1.71216534666 0.0196445869554
1.71392507509 0.015089320415
1.71568480353 0.0170822495264
1.71744453197 0.0153740245738
1.7192042604 0.0190751786378
1.72096398884 0.015089320415
1.72272371727 0.0145199120974
1.72448344571 0.0156587287325
1.72624317415 0.015089320415
1.72800290258 0.0153740245738
1.72976263102 0.0159434328913
1.73152235945 0.0145199120974
1.73328208789 0.0173669536852
1.73504181633 0.012526982986
1.73680154476 0.0108187580334
1.7385612732 0.0165128412088
1.74032100163 0.0113881663509
1.74208073007 0.0116728705097
1.7438404585 0.0136657996211
1.74560018694 0.00967994139829
1.74735991538 0.0145199120974
1.74911964381 0.0105340538746
1.75087937225 0.00996464555706
1.75263910068 0.012526982986
1.75439882912 0.0085411247632
1.75615855756 0.00882582892197
1.75791828599 0.0085411247632
1.75967801443 0.00967994139829
1.76143774286 0.00939523723952
1.7631974713 0.0113881663509
1.76495719974 0.0113881663509
1.76671692817 0.00939523723952
1.76847665661 0.00967994139829
1.77023638504 0.00768701228688
1.77199611348 0.00797171644565
1.77375584191 0.00654819565178
1.77551557035 0.00711760396933
1.77727529879 0.00825642060442
1.77903502722 0.00597878733424
1.78079475566 0.00654819565178
1.78255448409 0.00683289981056
1.78431421253 0.00683289981056
1.78607394097 0.00768701228688
1.7878336694 0.00996464555706
1.78959339784 0.00711760396933
1.79135312627 0.00654819565178
1.79311285471 0.00540937901669
1.79487258315 0.00626349149301
1.79663231158 0.00455526654037
1.79839204002 0.00683289981056
1.80015176845 0.00256233742896
1.80191149689 0.00483997069914
1.80367122532 0.00540937901669
1.80543095376 0.00996464555706
1.8071906822 0.00483997069914
1.80895041063 0.00597878733424
1.81071013907 0.00569408317546
1.8124698675 0.00512467485792
1.81422959594 0.00483997069914
1.81598932438 0.00711760396933
1.81774905281 0.00711760396933
1.81950878125 0.00313174574651
1.82126850968 0.00512467485792
1.82302823812 0.00341644990528
1.82478796656 0.0042705623816
1.82654769499 0.00540937901669
1.82830742343 0.00455526654037
1.83006715186 0.00540937901669
1.8318268803 0.0042705623816
1.83358660873 0.00370115406405
1.83534633717 0.00483997069914
1.83710606561 0.00398585822283
1.83886579404 0.00370115406405
1.84062552248 0.00398585822283
1.84238525091 0.00341644990528
1.84414497935 0.00370115406405
1.84590470779 0.00341644990528
1.84766443622 0.0042705623816
1.84942416466 0.00256233742896
1.85118389309 0.00284704158773
1.85294362153 0.00284704158773
1.85470334997 0.00199292911141
1.8564630784 0.00199292911141
1.85822280684 0.00341644990528
1.85998253527 0.00483997069914
1.86174226371 0.00284704158773
1.86350199214 0.00341644990528
1.86526172058 0.00370115406405
1.86702144902 0.00170822495264
1.86878117745 0.00227763327019
1.87054090589 0.00398585822283
1.87230063432 0.00170822495264
1.87406036276 0.00085411247632
1.8758200912 0.00284704158773
1.87757981963 0.00113881663509
1.87933954807 0.00256233742896
1.8810992765 0.00199292911141
1.88285900494 0.00256233742896
1.88461873338 0.00142352079387
1.88637846181 0.00113881663509
1.88813819025 0.00284704158773
1.88989791868 0.00142352079387
1.89165764712 0.000569408317546
1.89341737556 0.00170822495264
1.89517710399 0.00170822495264
1.89693683243 0.00199292911141
1.89869656086 0.00113881663509
1.9004562893 0.00170822495264
1.90221601773 0.00113881663509
1.90397574617 0.00170822495264
1.90573547461 0.00113881663509
1.90749520304 0.00085411247632
1.90925493148 0.00142352079387
1.91101465991 0.00085411247632
1.91277438835 0.00113881663509
1.91453411679 0.00170822495264
1.91629384522 0.00170822495264
1.91805357366 0.000284704158773
1.91981330209 0.00113881663509
1.92157303053 0.00284704158773
1.92333275897 0.00085411247632
1.9250924874 0.00256233742896
1.92685221584 0.000569408317546
1.92861194427 0.00142352079387
1.93037167271 0.000569408317546
1.93213140114 0.00085411247632
1.93389112958 0.000569408317546
1.93565085802 0.0
1.93741058645 0.000569408317546
1.93917031489 0.000284704158773
1.94093004332 0.00085411247632
1.94268977176 0.0
1.9444495002 0.000569408317546
1.94620922863 0.0
1.94796895707 0.000284704158773
1.9497286855 0.00113881663509
1.95148841394 0.000284704158773
1.95324814238 0.000569408317546
1.95500787081 0.00170822495264
1.95676759925 0.00085411247632
1.95852732768 0.000284704158773
1.96028705612 0.00113881663509
1.96204678455 0.00113881663509
1.96380651299 0.00113881663509
1.96556624143 0.000284704158773
1.96732596986 0.00085411247632
1.9690856983 0.00085411247632
1.97084542673 0.000284704158773
1.97260515517 0.000284704158773
1.97436488361 0.0
1.97612461204 0.000569408317546
1.97788434048 0.0
1.97964406891 0.000284704158773
1.98140379735 0.000284704158773
1.98316352579 0.000284704158773
1.98492325422 0.000569408317546
1.98668298266 0.000569408317546
1.98844271109 0.00113881663509
1.99020243953 0.000284704158773
1.99196216796 0.000284704158773
1.9937218964 0.00113881663509
1.99548162484 0.000284704158773
1.99724135327 0.000569408317546
1.99900108171 0.0
2.00076081014 0.000569408317546
2.00252053858 0.000284704158773
2.00428026702 0.000569408317546
2.00603999545 0.0
2.00779972389 0.000284704158773
2.00955945232 0.0
2.01131918076 0.0
2.0130789092 0.000569408317546
2.01483863763 0.000284704158773
2.01659836607 0.0
2.0183580945 0.000284704158773
2.02011782294 0.000569408317546
2.02187755137 0.000284704158773
2.02363727981 0.000569408317546
2.02539700825 0.000284704158773
2.02715673668 0.0
2.02891646512 0.000284704158773
2.03067619355 0.000284704158773
2.03243592199 0.000284704158773
2.03419565043 0.0
2.03595537886 0.000569408317546
2.0377151073 0.000284704158773
2.03947483573 0.000284704158773
2.04123456417 0.000284704158773
2.04299429261 0.0
2.04475402104 0.000284704158773
2.04651374948 0.0
2.04827347791 0.0
2.05003320635 0.00085411247632
2.05179293478 0.000284704158773
2.05355266322 0.0
2.05531239166 0.0
2.05707212009 0.000284704158773
2.05883184853 0.0
2.06059157696 0.0
2.0623513054 0.000284704158773
2.06411103384 0.0
2.06587076227 0.0
2.06763049071 0.0
2.06939021914 0.0
2.07114994758 0.000569408317546
2.07290967602 0.0
2.07466940445 0.0
2.07642913289 0.000569408317546
2.07818886132 0.0
2.07994858976 0.00085411247632
2.08170831819 0.0
2.08346804663 0.000284704158773
2.08522777507 0.000284704158773
2.0869875035 0.000284704158773
2.08874723194 0.0
2.09050696037 0.00113881663509
2.09226668881 0.0
2.09402641725 0.0
2.09578614568 0.0
2.09754587412 0.000569408317546
2.09930560255 0.0
2.10106533099 0.0
2.10282505943 0.000284704158773
2.10458478786 0.000284704158773
2.1063445163 0.0
2.10810424473 0.0
2.10986397317 0.000569408317546
2.1116237016 0.0
2.11338343004 0.0
2.11514315848 0.0
2.11690288691 0.0
2.11866261535 0.000284704158773
2.12042234378 0.0
2.12218207222 0.000569408317546
2.12394180066 0.000284704158773
2.12570152909 0.0
2.12746125753 0.000569408317546
2.12922098596 0.0
2.1309807144 0.0
2.13274044284 0.0
2.13450017127 0.0
2.13625989971 0.0
2.13801962814 0.0
2.13977935658 0.0
2.14153908501 0.000284704158773
2.14329881345 0.0
2.14505854189 0.0
2.14681827032 0.000284704158773
2.14857799876 0.000284704158773
2.15033772719 0.0
2.15209745563 0.000284704158773
2.15385718407 0.0
2.1556169125 0.0
2.15737664094 0.0
2.15913636937 0.0
2.16089609781 0.0
2.16265582625 0.000284704158773
2.16441555468 0.0
2.16617528312 0.0
2.16793501155 0.000284704158773
2.16969473999 0.000284704158773
2.17145446842 0.0
2.17321419686 0.000284704158773
2.1749739253 0.0
2.17673365373 0.000284704158773
2.17849338217 0.000284704158773
2.1802531106 0.0
2.18201283904 0.0
2.18377256748 0.0
2.18553229591 0.000284704158773
2.18729202435 0.000284704158773
2.18905175278 0.000284704158773
2.19081148122 0.0
2.19257120966 0.000284704158773
2.19433093809 0.0
2.19609066653 0.0
2.19785039496 0.0
2.1996101234 0.0
2.20136985183 0.0
2.20312958027 0.0
2.20488930871 0.000284704158773
2.20664903714 0.0
2.20840876558 0.0
2.21016849401 0.0
2.21192822245 0.000284704158773
2.21368795089 0.0
2.21544767932 0.0
2.21720740776 0.0
2.21896713619 0.0
2.22072686463 0.0
2.22248659307 0.0
2.2242463215 0.0
2.22600604994 0.0
2.22776577837 0.000284704158773
2.22952550681 0.0
2.23128523524 0.0
2.23304496368 0.0
2.23480469212 0.000284704158773
2.23656442055 0.0
2.23832414899 0.0
2.24008387742 0.0
2.24184360586 0.0
2.2436033343 0.000284704158773
2.24536306273 0.0
2.24712279117 0.0
2.2488825196 0.0
2.25064224804 0.000284704158773
2.25240197648 0.0
2.25416170491 0.000284704158773
2.25592143335 0.0
2.25768116178 0.0
2.25944089022 0.0
2.26120061866 0.0
2.26296034709 0.000569408317546
2.26472007553 0.0
2.26647980396 0.0
2.2682395324 0.0
2.26999926083 0.0
2.27175898927 0.0
2.27351871771 0.0
2.27527844614 0.0
2.27703817458 0.0
2.27879790301 0.0
2.28055763145 0.000284704158773
2.28231735989 0.0
2.28407708832 0.0
2.28583681676 0.000284704158773
2.28759654519 0.000284704158773
2.28935627363 0.0
2.29111600207 0.0
2.2928757305 0.0
2.29463545894 0.0
2.29639518737 0.0
2.29815491581 0.0
2.29991464424 0.0
2.30167437268 0.0
2.30343410112 0.0
2.30519382955 0.0
2.30695355799 0.0
2.30871328642 0.0
2.31047301486 0.0
2.3122327433 0.0
2.31399247173 0.0
2.31575220017 0.0
2.3175119286 0.0
2.31927165704 0.0
2.32103138548 0.0
2.32279111391 0.0
2.32455084235 0.0
2.32631057078 0.0
2.32807029922 0.0
2.32983002765 0.0
2.33158975609 0.000284704158773
2.33334948453 0.0
2.33510921296 0.0
2.3368689414 0.0
2.33862866983 0.0
2.34038839827 0.0
2.34214812671 0.0
2.34390785514 0.0
2.34566758358 0.000284704158773
2.34742731201 0.0
2.34918704045 0.0
2.35094676889 0.0
2.35270649732 0.0
2.35446622576 0.0
2.35622595419 0.0
2.35798568263 0.0
2.35974541106 0.000284704158773
2.3615051395 0.000284704158773
2.36326486794 0.0
2.36502459637 0.0
2.36678432481 0.0
2.36854405324 0.0
2.37030378168 0.0
2.37206351012 0.0
2.37382323855 0.0
2.37558296699 0.0
2.37734269542 0.0
2.37910242386 0.0
2.3808621523 0.0
2.38262188073 0.0
2.38438160917 0.0
2.3861413376 0.0
2.38790106604 0.0
2.38966079447 0.0
2.39142052291 0.0
2.39318025135 0.0
2.39493997978 0.000284704158773
2.39669970822 0.0
2.39845943665 0.0
2.40021916509 0.0
2.40197889353 0.0
2.40373862196 0.0
2.4054983504 0.0
2.40725807883 0.0
2.40901780727 0.0
2.41077753571 0.0
2.41253726414 0.0
2.41429699258 0.0
2.41605672101 0.0
2.41781644945 0.000284704158773
2.41957617788 0.0
2.42133590632 0.0
2.42309563476 0.0
2.42485536319 0.0
2.42661509163 0.0
2.42837482006 0.0
2.4301345485 0.0
2.43189427694 0.0
2.43365400537 0.0
2.43541373381 0.0
2.43717346224 0.0
2.43893319068 0.0
2.44069291912 0.0
2.44245264755 0.0
2.44421237599 0.0
2.44597210442 0.0
2.44773183286 0.0
2.44949156129 0.0
2.45125128973 0.0
2.45301101817 0.0
2.4547707466 0.0
2.45653047504 0.000284704158773
2.45829020347 0.0
2.46004993191 0.0
2.46180966035 0.0
2.46356938878 0.0
2.46532911722 0.0
2.46708884565 0.0
2.46884857409 0.0
2.47060830253 0.0
2.47236803096 0.0
2.4741277594 0.000284704158773
2.47588748783 0.0
2.47764721627 0.0
2.4794069447 0.0
2.48116667314 0.0
2.48292640158 0.0
2.48468613001 0.0
2.48644585845 0.0
2.48820558688 0.0
2.48996531532 0.0
2.49172504376 0.0
2.49348477219 0.0
2.49524450063 0.0
2.49700422906 0.0
2.4987639575 0.0
2.50052368594 0.0
2.50228341437 0.0
2.50404314281 0.0
2.50580287124 0.000284704158773
2.50756259968 0.0
2.50932232811 0.0
2.51108205655 0.0
2.51284178499 0.0
2.51460151342 0.0
2.51636124186 0.0
2.51812097029 0.0
2.51988069873 0.0
2.52164042717 0.0
2.5234001556 0.0
2.52515988404 0.0
2.52691961247 0.0
2.52867934091 0.0
2.53043906935 0.0
2.53219879778 0.0
2.53395852622 0.0
2.53571825465 0.0
2.53747798309 0.0
2.53923771152 0.000284704158773
2.54099743996 0.0
2.5427571684 0.0
2.54451689683 0.0
2.54627662527 0.0
2.5480363537 0.0
2.54979608214 0.0
2.55155581058 0.0
2.55331553901 0.0
2.55507526745 0.0
2.55683499588 0.0
