0.359576019092 0.000972083278378
0.361279195328 0.0
0.362982371564 0.0
0.3646855478 0.0
0.366388724036 0.0
0.368091900272 0.0
0.369795076508 0.0
0.371498252744 0.0
0.37320142898 0.0
0.374904605215 0.0
0.376607781451 0.0
0.378310957687 0.000972083278378
0.380014133923 0.0
0.381717310159 0.0
0.383420486395 0.0
0.385123662631 0.0
0.386826838867 0.0
0.388530015103 0.0
0.390233191339 0.000972083278378
0.391936367575 0.0
0.393639543811 0.0
0.395342720047 0.0
0.397045896282 0.0
0.398749072518 0.0
0.400452248754 0.0
0.40215542499 0.0
0.403858601226 0.0
0.405561777462 0.0
0.407264953698 0.000972083278378
0.408968129934 0.000972083278378
0.41067130617 0.000972083278378
0.412374482406 0.000972083278378
0.414077658642 0.0
0.415780834878 0.000972083278378
0.417484011114 0.000972083278378
0.419187187349 0.00194416655676
0.420890363585 0.00194416655676
0.422593539821 0.00194416655676
0.424296716057 0.000972083278378
0.425999892293 0.00194416655676
0.427703068529 0.000972083278378
0.429406244765 0.000972083278378
0.431109421001 0.00194416655676
0.432812597237 0.000972083278378
0.434515773473 0.00194416655676
0.436218949709 0.000972083278378
0.437922125945 0.00291624983513
0.439625302181 0.0
0.441328478416 0.000972083278378
0.443031654652 0.00194416655676
0.444734830888 0.0
0.446438007124 0.00194416655676
0.44814118336 0.000972083278378
0.449844359596 0.0
0.451547535832 0.000972083278378
0.453250712068 0.0
0.454953888304 0.00583249967027
0.45665706454 0.000972083278378
0.458360240776 0.00194416655676
0.460063417012 0.00194416655676
0.461766593248 0.00291624983513
0.463469769484 0.00291624983513
0.465172945719 0.00194416655676
0.466876121955 0.0
0.468579298191 0.00486041639189
0.470282474427 0.00486041639189
0.471985650663 0.00486041639189
0.473688826899 0.00388833311351
0.475392003135 0.000972083278378
0.477095179371 0.00486041639189
0.478798355607 0.00194416655676
0.480501531843 0.00486041639189
0.482204708079 0.00777666622702
0.483907884315 0.00972083278378
0.485611060551 0.00388833311351
0.487314236786 0.00972083278378
0.489017413022 0.00291624983513
0.490720589258 0.00194416655676
0.492423765494 0.00486041639189
0.49412694173 0.00583249967027
0.495830117966 0.0087487495054
0.497533294202 0.00680458294865
0.499236470438 0.00486041639189
0.500939646674 0.00486041639189
0.50264282291 0.00583249967027
0.504345999146 0.00777666622702
0.506049175382 0.00583249967027
0.507752351618 0.00583249967027
0.509455527853 0.00972083278378
0.511158704089 0.00486041639189
0.512861880325 0.00583249967027
0.514565056561 0.0106929160622
0.516268232797 0.00680458294865
0.517971409033 0.0087487495054
0.519674585269 0.0106929160622
0.521377761505 0.00777666622702
0.523080937741 0.00972083278378
0.524784113977 0.00680458294865
0.526487290213 0.015553332454
0.528190466449 0.0126370826189
0.529893642685 0.00777666622702
0.53159681892 0.00972083278378
0.533299995156 0.00972083278378
0.535003171392 0.0233299986811
0.536706347628 0.0087487495054
0.538409523864 0.0194416655676
0.5401127001 0.0136091658973
0.541815876336 0.015553332454
0.543519052572 0.0116649993405
0.545222228808 0.00972083278378
0.546925405044 0.015553332454
0.54862858128 0.00972083278378
0.550331757516 0.0174974990108
0.552034933752 0.0301345816297
0.553738109988 0.0174974990108
0.555441286223 0.0165254157324
0.557144462459 0.0243020819594
0.558847638695 0.0223579154027
0.560550814931 0.0223579154027
0.562253991167 0.0301345816297
0.563957167403 0.0194416655676
0.565660343639 0.0223579154027
0.567363519875 0.0359670813
0.569066696111 0.0369391645784
0.570769872347 0.0340229147432
0.572473048583 0.0320787481865
0.574176224819 0.0301345816297
0.575879401055 0.0320787481865
0.57758257729 0.0359670813
0.579285753526 0.0252741652378
0.580988929762 0.0311066649081
0.582692105998 0.0408274976919
0.584395282234 0.0388833311351
0.58609845847 0.0311066649081
0.587801634706 0.0447158308054
0.589504810942 0.0427716642486
0.591207987178 0.0466599973621
0.592911163414 0.0476320806405
0.59461433965 0.0417995809703
0.596317515886 0.0408274976919
0.598020692122 0.051520413754
0.599723868357 0.0690179127648
0.601427044593 0.0583249967027
0.603130220829 0.0524924970324
0.604833397065 0.0622133298162
0.606536573301 0.0505483304757
0.608239749537 0.0573529134243
0.609942925773 0.0612412465378
0.611646102009 0.0631854130946
0.613349278245 0.0612412465378
0.615052454481 0.0573529134243
0.616755630717 0.0777666622702
0.618458806953 0.0583249967027
0.620161983189 0.0835991619405
0.621865159424 0.0670737462081
0.62356833566 0.0826270786621
0.625271511896 0.0738783291567
0.626974688132 0.0777666622702
0.628677864368 0.103040827508
0.630381040604 0.0972083278378
0.63208421684 0.0758224957135
0.633787393076 0.0981804111162
0.635490569312 0.101096660951
0.637193745548 0.11956624324
0.638896921784 0.111789577013
0.64060009802 0.108873327178
0.642303274256 0.108873327178
0.644006450491 0.120538326519
0.645709626727 0.105957077343
0.647412802963 0.112761660292
0.649115979199 0.122482493076
0.650819155435 0.131231242581
0.652522331671 0.1438683252
0.654225507907 0.139007908808
0.655928684143 0.103040827508
0.657631860379 0.151644991427
0.659335036615 0.131231242581
0.661038212851 0.163309990767
0.662741389087 0.160393740932
0.664444565323 0.147756658313
0.666147741559 0.164282074046
0.667850917794 0.15553332454
0.66955409403 0.180807489778
0.671257270266 0.163309990767
0.672960446502 0.182751656335
0.674663622738 0.187612072727
0.676366798974 0.207053738295
0.67806997521 0.183723739613
0.679773151446 0.20996998813
0.681476327682 0.234272070089
0.683179503918 0.204137488459
0.684882680154 0.205109571738
0.68658585639 0.213858321243
0.688289032626 0.203165405181
0.689992208861 0.228439570419
0.691695385097 0.24593706943
0.693398561333 0.256629985492
0.695101737569 0.266350818276
0.696804913805 0.243020819594
0.698508090041 0.266350818276
0.700211266277 0.270239151389
0.701914442513 0.269267068111
0.703617618749 0.282876234008
0.705320794985 0.309122482524
0.707023971221 0.278987900894
0.708727147457 0.314954982194
0.710430323693 0.3237037317
0.712133499928 0.332452481205
0.713836676164 0.339257064154
0.7155398524 0.355782479886
0.717243028636 0.314954982194
0.718946204872 0.37133581234
0.720649381108 0.37133581234
0.722352557344 0.383972894959
0.72405573358 0.388833311351
0.725758909816 0.394665811021
0.727462086052 0.410219143475
0.729165262288 0.42577247593
0.730868438524 0.46173955723
0.73257161476 0.451046641167
0.734274790995 0.424800392651
0.735977967231 0.391749561186
0.737681143467 0.454934974281
0.739384319703 0.46173955723
0.741087495939 0.464655807065
0.742790672175 0.494790388694
0.744493848411 0.475348723127
0.746197024647 0.508399554592
0.747900200883 0.578389550635
0.749603377119 0.525897053602
0.751306553355 0.555059551954
0.753009729591 0.571584967686
0.754712905827 0.570612884408
0.756416082063 0.606579965708
0.758119258298 0.577417467356
0.759822434534 0.588110383419
0.76152561077 0.627965797832
0.763228787006 0.592970799811
0.764931963242 0.6114403821
0.766635139478 0.645463296843
0.768338315714 0.679486211586
0.77004149195 0.724202042392
0.771744668186 0.640602880451
0.773447844422 0.735867041732
0.775151020658 0.654212046348
0.776854196894 0.774750372867
0.77855737313 0.724202042392
0.780260549365 0.747532041073
0.781963725601 0.774750372867
0.783666901837 0.811689537446
0.785370078073 0.835019536127
0.787073254309 0.76114120697
0.788776430545 0.814605787281
0.790479606781 0.855433284973
0.792182783017 0.820438286951
0.793885959253 0.853489118416
0.795589135489 0.895288699386
0.797292311725 0.945837029862
0.798995487961 0.963334528873
0.800698664197 0.97694369477
0.802401840432 0.912786198397
0.804105016668 1.02360369213
0.805808192904 1.02263160885
0.80751136914 1.01679910918
0.809214545376 1.03040827508
0.810917721612 1.01485494263
0.812620897848 1.04887785737
0.814324074084 1.09942618785
0.81602725032 1.07026368949
0.817730426556 1.14025368554
0.819433602792 1.1149795203
0.821136779028 1.16358368422
0.822839955264 1.13636535242
0.824543131499 1.17719285012
0.826246307735 1.22676909731
0.827949483971 1.1956624324
0.829652660207 1.19080201601
0.831355836443 1.32203325859
0.833059012679 1.32980992482
0.834762188915 1.2364899301
0.836465365151 1.26079201206
0.838168541387 1.39493950447
0.839871717623 1.33564242449
0.841574893859 1.32008909204
0.843278070095 1.43673908544
0.844981246331 1.43187866905
0.846684422567 1.41826950315
0.848387598802 1.41438117004
0.850090775038 1.46687366707
0.851793951274 1.48534324936
0.85349712751 1.53686366312
0.855200303746 1.51547783099
0.856903479982 1.55047282901
0.858606656218 1.49603616542
0.860309832454 1.57380282769
0.86201300869 1.52617074705
0.863716184926 1.58935616015
0.865419361162 1.60004907621
0.867122537398 1.73419656863
0.868825713634 1.6768436552
0.870528889869 1.65934615619
0.872232066105 1.74100115157
0.873935242341 1.68850865454
0.875638418577 1.70892240339
0.877341594813 1.74780573452
0.879044771049 1.77696823287
0.880747947285 1.77988448271
0.882451123521 1.81487948073
0.884154299757 1.89459030956
0.885857475993 1.96069197249
0.887560652229 1.98596613773
0.889263828465 1.89750655939
0.890967004701 1.94805488987
0.892670180936 1.84890239547
0.894373357172 1.92375280791
0.896076533408 2.0141565528
0.897779709644 2.02193321903
0.89948288588 2.01512863608
0.901186062116 2.01707280263
0.902889238352 1.96069197249
0.904592414588 2.03457030165
0.906295590824 2.05498405049
0.90799876706 2.22801487404
0.909701943296 2.1444157121
0.911405119532 2.03748655148
0.913108295768 2.1939919593
0.914811472003 2.12983446293
0.916514648239 2.28245153763
0.918217824475 2.24065195666
0.919921000711 2.28050737107
0.921624176947 2.24454028977
0.923327353183 2.32036278549
0.925030529419 2.25426112256
0.926733705655 2.23967987338
0.928436881891 2.33688820122
0.930140058127 2.30966986943
0.931843234363 2.33591611794
0.933546410599 2.32911153499
0.935249586835 2.29897695336
0.936952763071 2.42923611267
0.938655939306 2.41562694677
0.940359115542 2.42729194611
0.942062291778 2.42729194611
0.943765468014 2.43604069562
0.94546864425 2.46131486085
0.947171820486 2.43020819594
0.948874996722 2.50117027527
0.950578172958 2.43409652906
0.952281349194 2.57407652114
0.95398452543 2.41173861366
0.955687701666 2.60421110277
0.957390877902 2.53810943984
0.959094054138 2.47978444314
0.960797230373 2.63823401752
0.962500406609 2.50117027527
0.964203582845 2.61101568572
0.965906759081 2.53422110673
0.967609935317 2.61976443523
0.969313111553 2.69364276439
0.971016287789 2.6615640162
0.972719464025 2.56435568836
0.974422640261 2.68197776504
0.976125816497 2.5983786031
0.977828992733 2.61684818539
0.979532168969 2.611987769
0.981235345205 2.73058192896
0.98293852144 2.72086109618
0.984641697676 2.66739651587
0.986344873912 2.63531776768
0.988048050148 2.70239151389
0.989751226384 2.76752109354
0.99145440262 2.6839219316
0.993157578856 2.8190415073
0.994860755092 2.65378734997
0.996563931328 2.69169859783
0.998267107564 2.65184318342
0.9999702838 2.7918231755
1.00167346004 2.6839219316
1.00337663627 2.68100568177
1.00507981251 2.6703127657
1.00678298874 2.72863776241
1.00848616498 2.70141943061
1.01018934122 2.79279525878
1.01189251745 2.7558560942
1.01359569369 2.76849317682
1.01529886992 2.74127484503
1.01700204616 2.61393193556
1.01870522239 2.63628985096
1.02040839863 2.71600067979
1.02211157487 2.75099567781
1.0238147511 2.78890692567
1.02551792734 2.66059193292
1.02722110357 2.62365276834
1.02892427981 2.66350818276
1.03062745605 2.81126484107
1.03233063228 2.69850318078
1.03403380852 2.69947526406
1.03573698475 2.65475943325
1.03744016099 2.65573151653
1.03914333723 2.79765567517
1.04084651346 2.68683818144
1.0425496897 2.72572151257
1.04425286593 2.67808943193
1.04595604217 2.66934068243
1.04765921841 2.55463485558
1.04936239464 2.65767568309
1.05106557088 2.57310443787
1.05276874711 2.57407652114
1.05447192335 2.59351818671
1.05617509959 2.59740651983
1.05787827582 2.65573151653
1.05958145206 2.65573151653
1.06128462829 2.53908152312
1.06298780453 2.60518318605
1.06469098076 2.64989901686
1.066394157 2.55949527197
1.06809733324 2.5760206877
1.06980050947 2.57213235459
1.07150368571 2.45256611135
1.07320686194 2.51283527461
1.07491003818 2.4545102779
1.07661321442 2.43020819594
1.07831639065 2.49144944248
1.08001956689 2.37091111596
1.08172274312 2.50894694149
1.08342591936 2.36702278285
1.0851290956 2.47006361036
1.08683227183 2.46034277757
1.08853544807 2.44770569496
1.0902386243 2.43895694545
1.09194180054 2.34952528384
1.09364497678 2.40785028054
1.09534815301 2.37479944908
1.09705132925 2.30869778615
1.09875450548 2.31258611926
1.10045768172 2.25037278944
1.10216085796 2.34563695073
1.10386403419 2.21829404126
1.10556721043 2.26300987206
1.10727038666 2.23190320716
1.1089735629 2.1939919593
1.11067673913 2.17649446029
1.11237991537 2.19496404258
1.11408309161 2.23190320716
1.11578626784 2.07831404917
1.11748944408 2.0724815495
1.11919262031 2.12594612981
1.12089579655 2.02970988525
1.12259897279 2.08900696523
1.12430214902 2.05401196721
1.12600532526 2.03554238492
1.12770850149 2.07636988262
1.12941167773 2.01512863608
1.13111485397 1.98013363806
1.1328180302 1.9198644748
1.13452120644 1.98791030428
1.13622438267 1.87514864399
1.13792755891 1.85376281187
1.13963073515 1.80224239811
1.14133391138 1.798354065
1.14303708762 1.81876781385
1.14474026385 1.81779573057
1.14644344009 1.75752656731
1.14814661633 1.80029823156
1.14984979256 1.73419656863
1.1515529688 1.7128107365
1.15325614503 1.6904528211
1.15495932127 1.66517865586
1.1566624975 1.69628532077
1.15836567374 1.68462032143
1.16006884998 1.55727741196
1.16177202621 1.70795032011
1.16347520245 1.51742199755
1.16517837868 1.55824949524
1.16688155492 1.5961607431
1.16858473116 1.49311991559
1.17028790739 1.46978991691
1.17199108363 1.5601936618
1.17369425986 1.50575699821
1.1753974361 1.45132033462
1.17710061234 1.41826950315
1.17880378857 1.5193661641
1.18050696481 1.47173408346
1.18221014104 1.40854867037
1.18391331728 1.41243700348
1.18561649352 1.44451575167
1.18731966975 1.28412201074
1.18902284599 1.32008909204
1.19072602222 1.29773117663
1.19242919846 1.36480492284
1.1941323747 1.28606617729
1.19583555093 1.24815492944
1.19753872717 1.18399743306
1.1992419034 1.18496951634
1.20094507964 1.16941618389
1.20264825587 1.21024368158
1.20435143211 1.13344910259
1.20605460835 1.14997451832
1.20775778458 1.15191868488
1.20946096082 1.12178410325
1.21116413705 1.10720285407
1.21286731329 1.0926216049
1.21457048953 1.03235244164
1.21627366576 1.08290077211
1.217976842 1.04693369081
1.21968001823 1.00124577673
1.22138319447 0.974027444935
1.22308637071 0.921534947902
1.22478954694 0.926395364294
1.22649272318 0.973055361656
1.22819589941 0.962362445594
1.22989907565 0.897232865943
1.23160225189 0.941948696748
1.23330542812 0.878763283654
1.23500860436 0.831131203013
1.23671178059 0.852517035137
1.23841495683 0.855433284973
1.24011813307 0.867098284313
1.2418213093 0.769889956475
1.24352448554 0.796136204992
1.24522766177 0.764057456805
1.24693083801 0.759197040413
1.24863401424 0.762113290248
1.25033719048 0.7553087073
1.25204036672 0.714481209608
1.25374354295 0.68920704437
1.25544671919 0.69503954404
1.25714989542 0.692123294205
1.25885307166 0.620189131605
1.2605562479 0.696983710597
1.26225942413 0.619217048327
1.26396260037 0.604635799151
1.2656657766 0.597831216202
1.26736895284 0.586166216862
1.26907212908 0.582277883748
1.27077530531 0.593942883089
1.27247848155 0.55117121884
1.27418165778 0.578389550635
1.27588483402 0.510343721148
1.27758801026 0.5035391382
1.27929118649 0.507427471313
1.28099436273 0.527841220159
1.28269753896 0.524924970324
1.2844007152 0.487985805746
1.28610389144 0.481181222797
1.28780706767 0.485069555911
1.28951024391 0.450074557889
1.29121342014 0.42577247593
1.29291659638 0.453962891002
1.29461977261 0.435493308713
1.29632294885 0.439381641827
1.29802612509 0.36550331267
1.29972930132 0.411191226754
1.30143247756 0.377168312011
1.30313565379 0.397582060857
1.30483883003 0.368419562505
1.30654200627 0.334396647762
1.3082451825 0.343145397267
1.30994835874 0.363559146113
1.31165153497 0.369391645784
1.31335471121 0.341201230711
1.31505788745 0.349949980216
1.31676106368 0.325647898257
1.31846423992 0.344117480546
1.32016741615 0.292597066792
1.32187059239 0.305234149411
1.32357376863 0.296485399905
1.32527694486 0.28190415073
1.3269801211 0.311066649081
1.32868329733 0.262462485162
1.33038647357 0.259546235327
1.3320896498 0.248853319265
1.33379282604 0.267322901554
1.33549600228 0.24593706943
1.33719917851 0.252741652378
1.33890235475 0.242048736316
1.34060553098 0.204137488459
1.34230870722 0.219690820913
1.34401188346 0.243020819594
1.34571505969 0.2158024878
1.34741823593 0.1798354065
1.34912141216 0.195388738954
1.3508245884 0.20996998813
1.35252776464 0.183723739613
1.35423094087 0.189556239284
1.35593411711 0.205109571738
1.35763729334 0.168170407159
1.35934046958 0.192472489119
1.36104364582 0.157477491097
1.36274682205 0.145812491757
1.36444999829 0.160393740932
1.36615317452 0.122482493076
1.36785635076 0.142896241922
1.369559527 0.146784575035
1.37126270323 0.135119575695
1.37296587947 0.121510409797
1.3746690557 0.146784575035
1.37637223194 0.13803582553
1.37807540817 0.0845712452189
1.37977858441 0.111789577013
1.38148176065 0.125398742911
1.38318493688 0.123454576354
1.38488811312 0.122482493076
1.38659128935 0.11373374357
1.38829446559 0.104012910786
1.38999764183 0.0972083278378
1.39170081806 0.0894316616108
1.3934039943 0.0855433284973
1.39510717053 0.0884595783324
1.39681034677 0.0787387455486
1.39851352301 0.109845410457
1.40021669924 0.0758224957135
1.40191987548 0.0787387455486
1.40362305171 0.0816549953837
1.40532622795 0.0738783291567
1.40702940419 0.0816549953837
1.40873258042 0.0835991619405
1.41043575666 0.0651295796513
1.41213893289 0.0787387455486
1.41384210913 0.0767945789919
1.41554528537 0.0661016629297
1.4172484616 0.0661016629297
1.41895163784 0.051520413754
1.42065481407 0.0602691632594
1.42235799031 0.0592970799811
1.42406116654 0.0602691632594
1.42576434278 0.0456879140838
1.42746751902 0.0602691632594
1.42917069525 0.0544366635892
1.43087387149 0.0524924970324
1.43257704772 0.0495762471973
1.43428022396 0.043743747527
1.4359834002 0.0427716642486
1.43768657643 0.0369391645784
1.43938975267 0.0349949980216
1.4410929289 0.0388833311351
1.44279610514 0.0417995809703
1.44449928138 0.0379112478567
1.44620245761 0.0272183317946
1.44790563385 0.0408274976919
1.44960881008 0.028190415073
1.45131198632 0.0291624983513
1.45301516256 0.0272183317946
1.45471833879 0.0301345816297
1.45642151503 0.0311066649081
1.45812469126 0.0223579154027
1.4598278675 0.0272183317946
1.46153104374 0.0349949980216
1.46323421997 0.0174974990108
1.46493739621 0.0252741652378
1.46664057244 0.028190415073
1.46834374868 0.0204137488459
1.47004692491 0.0194416655676
1.47175010115 0.0165254157324
1.47345327739 0.0204137488459
1.47515645362 0.0213858321243
1.47685962986 0.0174974990108
1.47856280609 0.0174974990108
1.48026598233 0.0145812491757
1.48196915857 0.0204137488459
1.4836723348 0.0116649993405
1.48537551104 0.0136091658973
1.48707868727 0.0252741652378
1.48878186351 0.0106929160622
1.49048503975 0.0136091658973
1.49218821598 0.00972083278378
1.49389139222 0.0145812491757
1.49559456845 0.0116649993405
1.49729774469 0.015553332454
1.49900092093 0.0087487495054
1.50070409716 0.00972083278378
1.5024072734 0.0136091658973
1.50411044963 0.0087487495054
1.50581362587 0.00777666622702
1.50751680211 0.0087487495054
1.50921997834 0.0087487495054
1.51092315458 0.00388833311351
1.51262633081 0.00680458294865
1.51432950705 0.00486041639189
1.51603268328 0.0136091658973
1.51773585952 0.0116649993405
1.51943903576 0.0126370826189
1.52114221199 0.0126370826189
1.52284538823 0.00777666622702
1.52454856446 0.00680458294865
1.5262517407 0.0116649993405
1.52795491694 0.00583249967027
1.52965809317 0.0087487495054
1.53136126941 0.00486041639189
1.53306444564 0.00291624983513
1.53476762188 0.00583249967027
1.53647079812 0.00486041639189
1.53817397435 0.00291624983513
1.53987715059 0.00486041639189
1.54158032682 0.00291624983513
1.54328350306 0.00388833311351
1.5449866793 0.00291624983513
1.54668985553 0.00291624983513
1.54839303177 0.00194416655676
1.550096208 0.00777666622702
1.55179938424 0.000972083278378
1.55350256048 0.00388833311351
1.55520573671 0.00291624983513
1.55690891295 0.00680458294865
1.55861208918 0.000972083278378
1.56031526542 0.00486041639189
1.56201844165 0.000972083278378
1.56372161789 0.00194416655676
1.56542479413 0.00388833311351
1.56712797036 0.00194416655676
1.5688311466 0.00583249967027
1.57053432283 0.0
1.57223749907 0.00194416655676
1.57394067531 0.00291624983513
1.57564385154 0.00194416655676
1.57734702778 0.00194416655676
1.57905020401 0.00291624983513
1.58075338025 0.00194416655676
1.58245655649 0.00291624983513
1.58415973272 0.00291624983513
1.58586290896 0.00388833311351
1.58756608519 0.00388833311351
1.58926926143 0.00194416655676
1.59097243767 0.00194416655676
1.5926756139 0.000972083278378
1.59437879014 0.000972083278378
1.59608196637 0.000972083278378
1.59778514261 0.00194416655676
1.59948831885 0.0
1.60119149508 0.000972083278378
1.60289467132 0.0
1.60459784755 0.000972083278378
1.60630102379 0.000972083278378
1.60800420002 0.000972083278378
1.60970737626 0.0
1.6114105525 0.000972083278378
1.61311372873 0.000972083278378
1.61481690497 0.0
1.6165200812 0.00194416655676
1.61822325744 0.000972083278378
1.61992643368 0.00194416655676
1.62162960991 0.0
1.62333278615 0.000972083278378
1.62503596238 0.0
1.62673913862 0.0
1.62844231486 0.0
1.63014549109 0.0
1.63184866733 0.0
1.63355184356 0.0
1.6352550198 0.0
1.63695819604 0.0
1.63866137227 0.0
1.64036454851 0.0
1.64206772474 0.0
1.64377090098 0.0
1.64547407722 0.0
1.64717725345 0.0
1.64888042969 0.0
1.65058360592 0.0
1.65228678216 0.000972083278378
1.65398995839 0.0
1.65569313463 0.0
1.65739631087 0.000972083278378
1.6590994871 0.0
1.66080266334 0.0
1.66250583957 0.0
1.66420901581 0.0
1.66591219205 0.0
1.66761536828 0.0
1.66931854452 0.0
1.67102172075 0.0
1.67272489699 0.0
1.67442807323 0.0
1.67613124946 0.0
1.6778344257 0.000972083278378
1.67953760193 0.0
1.68124077817 0.0
