0.0499744374466 0.000246901073815
0.0524684061333 0.0
0.0549623748199 0.0
0.0574563435066 0.0
0.0599503121933 0.000740703221445
0.0624442808799 0.000246901073815
0.0649382495666 0.0
0.0674322182532 0.00123450536908
0.0699261869399 0.00098760429526
0.0724201556266 0.00222210966434
0.0749141243132 0.00271591181197
0.0774080929999 0.00123450536908
0.0799020616866 0.00370351610723
0.0823960303732 0.00222210966434
0.0848899990599 0.00148140644289
0.0873839677465 0.00370351610723
0.0898779364332 0.00222210966434
0.0923719051199 0.0049380214763
0.0948658738065 0.00419731825486
0.0973598424932 0.00740703221445
0.0998538111799 0.0049380214763
0.102347779867 0.00740703221445
0.104841748553 0.00691323006682
0.10733571724 0.00592562577156
0.109829685927 0.00938224080497
0.112323654613 0.00864153758353
0.1148176233 0.00888843865734
0.117311591986 0.0098760429526
0.119805560673 0.010616746174
0.12229952936 0.0135795590598
0.124793498046 0.0153078665765
0.127287466733 0.0111105483217
0.12978143542 0.0153078665765
0.132275404106 0.0177768773147
0.134769372793 0.0180237783885
0.13726334148 0.0219741955695
0.139757310166 0.0195051848314
0.142251278853 0.0197520859052
0.14474524754 0.0182706794623
0.147239216226 0.0222210966434
0.149733184913 0.0281467224149
0.1522271536 0.0301219310054
0.154721122286 0.0269122170458
0.157215090973 0.026665315972
0.15970905966 0.0296281288578
0.162203028346 0.0313564363745
0.164696997033 0.0335785460388
0.16719096572 0.0419731825486
0.169684934406 0.032097139596
0.172178903093 0.0362944578508
0.17467287178 0.0365413589246
0.177166840466 0.0459235997296
0.179660809153 0.0404917761057
0.18215477784 0.0419731825486
0.184648746526 0.0437014900653
0.187142715213 0.0449359954343
0.1896366839 0.045429797582
0.192130652586 0.0592562577156
0.194624621273 0.056046543756
0.19711858996 0.0518492255012
0.199612558646 0.0508616212059
0.202106527333 0.0538244340917
0.20460049602 0.0557996426822
0.207094464706 0.0651818834872
0.209588433393 0.0629597738228
0.21208240208 0.0641942791919
0.214576370766 0.062712872749
0.217070339453 0.0733296189231
0.21956430814 0.0718482124802
0.222058276826 0.0703668060373
0.224552245513 0.0691323006682
0.2270462142 0.0785145414732
0.229540182886 0.0841932661709
0.232034151573 0.0792552446946
0.23452812026 0.082711859728
0.237022088946 0.0871560790567
0.239516057633 0.088143683352
0.24201002632 0.0953038144926
0.244503995006 0.0967852209355
0.246997963693 0.0995011327475
0.24949193238 0.101970143486
0.251985901066 0.0972790230831
0.254479869753 0.109624076774
0.25697383844 0.105179857445
0.259467807126 0.11258688966
0.261961775813 0.106661263888
0.2644557445 0.110611681069
0.266949713186 0.108883373552
0.269443681873 0.129623063753
0.27193765056 0.137523898115
0.274431619246 0.126413349793
0.276925587933 0.135548689524
0.27941955662 0.134067283082
0.281913525306 0.127647855162
0.284407493993 0.142461919591
0.28690146268 0.142461919591
0.289395431366 0.144930930329
0.291889400053 0.145671633551
0.29438336874 0.145177831403
0.296877337426 0.150856556101
0.299371306113 0.156288379725
0.3018652748 0.158757390463
0.304359243486 0.159498093685
0.306853212173 0.16048569798
0.30934718086 0.170361740932
0.311841149546 0.17406525704
0.314335118233 0.178262575294
0.316829086919 0.179990882811
0.319323055606 0.176534267778
0.321817024293 0.189126222542
0.324310992979 0.208631407374
0.326804961666 0.188385519321
0.329298930353 0.184682003214
0.331792899039 0.192582837576
0.334286867726 0.194064244019
0.336780836413 0.2083845063
0.339274805099 0.211347319186
0.341768773786 0.193323540797
0.344262742473 0.207643803078
0.346756711159 0.213322527776
0.349250679846 0.214803934219
0.351744648533 0.216038439588
0.354238617219 0.228877295427
0.356732585906 0.221470263212
0.359226554593 0.237765734084
0.361720523279 0.2291241965
0.364214491966 0.245172766298
0.366708460653 0.25307360066
0.369202429339 0.249863886701
0.371696398026 0.254308106029
0.374190366713 0.260480632875
0.376684335399 0.242456854486
0.379178304086 0.25949302858
0.381672272773 0.260233731801
0.384166241459 0.274800895156
0.386660210146 0.268875269385
0.389154178833 0.262455841465
0.391648147519 0.281467224149
0.394142116206 0.298009596095
0.396636084893 0.284430037035
0.399130053579 0.295046783209
0.401624022266 0.278504411263
0.404117990953 0.301219310054
0.406611959639 0.297268892873
0.409105928326 0.313070561597
0.411599897013 0.286899047773
0.414093865699 0.313070561597
0.416587834386 0.330847438912
0.419081803073 0.310601550859
0.421575771759 0.319489989517
0.424069740446 0.324674912067
0.426563709133 0.329612933543
0.429057677819 0.338995174348
0.431551646506 0.330353636765
0.434045615193 0.348377415153
0.436539583879 0.33331644965
0.439033552566 0.338748273274
0.441527521253 0.338007570053
0.444021489939 0.353315436629
0.446515458626 0.358747260253
0.449009427313 0.355043744146
0.451503395999 0.368623303206
0.453997364686 0.368376402132
0.456491333373 0.384918774078
0.458985302059 0.369117105353
0.461479270746 0.388375389111
0.463973239433 0.398992135285
0.466467208119 0.393313410587
0.468961176806 0.378499346158
0.471455145493 0.386893982668
0.473949114179 0.394054113809
0.476443082866 0.412571694345
0.478937051553 0.392572707366
0.481431020239 0.422200836224
0.483924988926 0.428126461995
0.486418957613 0.427385758774
0.488912926299 0.430101670586
0.491406894986 0.418003517969
0.493900863673 0.417015913674
0.496394832359 0.435039692062
0.498888801046 0.430595472733
0.501382769733 0.438990109243
0.503876738419 0.4478785479
0.506370707106 0.453063470451
0.508864675793 0.464420919846
0.511358644479 0.467383732732
0.513852613166 0.463433315551
0.516346581853 0.453557272598
0.518840550539 0.451582064008
0.521334519226 0.48343230253
0.523828487912 0.489851730449
0.526322456599 0.483185401456
0.528816425286 0.491086235818
0.531310393972 0.489111027228
0.533804362659 0.510591420649
0.536298331346 0.520220562528
0.538792300032 0.499727773402
0.541286268719 0.476519072463
0.543780237406 0.508863113133
0.546274206092 0.532071814071
0.548768174779 0.520467463602
0.551262143466 0.514048035683
0.553756112152 0.538738143064
0.556250080839 0.519973661454
0.558744049526 0.539231945212
0.561238018212 0.532565616219
0.563731986899 0.541207153803
0.566225955586 0.551823899977
0.568719924272 0.547379680648
0.571213892959 0.557255723601
0.573707861646 0.561206140782
0.576201830332 0.554046009641
0.578695799019 0.573304293398
0.581189767706 0.567625568701
0.583683736392 0.58441484172
0.586177705079 0.573551194472
0.588671673766 0.58441484172
0.591165642452 0.580217523465
0.593659611139 0.582686534203
0.596153579826 0.612067761987
0.598647548512 0.578489215949
0.601141517199 0.614042970578
0.603635485886 0.612561564135
0.606129454572 0.601944817961
0.608623423259 0.614783673799
0.611117391946 0.602932422256
0.613611360632 0.639226880107
0.616105329319 0.629597738228
0.618599298006 0.622190706014
0.621093266692 0.638979979033
0.623587235379 0.636757869369
0.626081204066 0.657250658496
0.628575172752 0.636017166148
0.631069141439 0.654534746684
0.633563110126 0.684656677689
0.636057078812 0.67305232722
0.638551047499 0.668855008965
0.641045016186 0.667373602522
0.643538984872 0.682928370172
0.646032953559 0.645646308026
0.648526922246 0.688113292722
0.651020890932 0.690088501313
0.653514859619 0.683175271246
0.656008828306 0.724901552721
0.658502796992 0.704408763594
0.660996765679 0.692310610977
0.663490734366 0.708112279701
0.665984703052 0.706877774332
0.668478671739 0.714284806547
0.670972640426 0.73971561715
0.673466609112 0.738234210707
0.675960577799 0.747122649364
0.678454546486 0.732802387083
0.680948515172 0.732061683862
0.683442483859 0.748604055807
0.685936452546 0.752060670841
0.688430421232 0.732802387083
0.690924389919 0.760702208424
0.693418358606 0.758973900907
0.695912327292 0.75329517621
0.698406295979 0.781688799698
0.700900264666 0.781194997551
0.703394233352 0.797737369496
0.705888202039 0.775022470705
0.708382170726 0.790577238356
0.710876139412 0.822180575804
0.713370108099 0.805144401711
0.715864076786 0.823168180099
0.718358045472 0.814032840368
0.720852014159 0.837735343454
0.723345982845 0.83872294775
0.725839951532 0.8542777154
0.728333920219 0.82514338869
0.730827888905 0.835266332716
0.733321857592 0.832056618757
0.735815826279 0.857981231507
0.738309794965 0.842920266004
0.740803763652 0.883165141036
0.743297732339 0.865388263722
0.745791701025 0.874276702379
0.748285669712 0.889337667882
0.750779638399 0.885387250701
0.753273607085 0.890325272177
0.755767575772 0.921681708551
0.758261544459 0.895510194727
0.760755513145 0.90217652372
0.763249481832 0.900942018351
0.765743450519 0.936989575128
0.768237419205 0.929582542914
0.770731387892 0.878967822781
0.773225356579 0.927360433249
0.775719325265 0.935261267611
0.778213293952 0.94489040949
0.780707262639 0.939458585866
0.783201231325 0.949828430966
0.785695200012 0.949087727745
0.788189168699 0.976987549086
0.790683137385 0.99599893177
0.793177106072 0.973037131905
0.795671074759 0.996986536065
0.798165043445 0.964642495395
0.800659012132 0.991801613515
0.803152980819 0.991060910294
0.805646949505 0.991554712441
0.808140918192 1.01822002841
0.810634886879 0.980937966267
0.813128855565 1.02241734667
0.815622824252 1.020195237
0.818116792939 1.05402068412
0.820610761625 1.04044112506
0.823104730312 1.01772622627
0.825598698999 1.04167563043
0.828092667685 1.05821800237
0.830586636372 1.07525417646
0.833080605059 1.07352586895
0.835574573745 1.07969839579
0.838068542432 1.08932753767
0.840562511119 1.09500626237
0.843056479805 1.09673456989
0.845550448492 1.10611681069
0.848044417179 1.09179654841
0.850538385865 1.08389571405
0.853032354552 1.09673456989
0.855526323239 1.09895667955
0.858020291925 1.12216538049
0.860514260612 1.11154863432
0.863008229299 1.14808999324
0.865502197985 1.10932652465
0.867996166672 1.11574595257
0.870490135359 1.13500423633
0.872984104045 1.14586788358
0.875478072732 1.16660757378
0.877972041419 1.16487926626
0.880466010105 1.15006520183
0.882959978792 1.16487926626
0.885453947479 1.15352181686
0.887947916165 1.15821293727
0.890441884852 1.18018713284
0.892935853539 1.19302598867
0.895429822225 1.15278111364
0.897923790912 1.18635965968
0.900417759599 1.2135187778
0.902911728285 1.19351979082
0.905405696972 1.23055495189
0.907899665659 1.19006317579
0.910393634345 1.22216031538
0.912887603032 1.20117372411
0.915381571719 1.25129464209
0.917875540405 1.25302294961
0.920369509092 1.22611073257
0.922863477778 1.21771609606
0.925357446465 1.23796198411
0.927851415152 1.25277604854
0.930345383838 1.24783802706
0.932839352525 1.2389495884
0.935333321212 1.25376365283
0.937827289898 1.25326985069
0.940321258585 1.28289797954
0.942815227272 1.24512211525
0.945309195958 1.26166448719
0.947803164645 1.25006013673
0.950297133332 1.27129362907
0.952791102018 1.27351573874
0.955285070705 1.24734422491
0.957779039392 1.30018105471
0.960273008078 1.25623266357
0.962766976765 1.26240519042
0.965260945452 1.28907050639
0.967754914138 1.29104571498
0.970248882825 1.29400852786
0.972742851512 1.27425644196
0.975236820198 1.24833182921
0.977730788885 1.28413248491
0.980224757572 1.24092479699
0.982718726258 1.27499714518
0.985212694945 1.26981222263
0.987706663632 1.30462527404
0.990200632318 1.2720343323
0.992694601005 1.28857670424
0.995188569692 1.26660250867
0.997682538378 1.29450233001
1.00017650707 1.26289899256
1.00267047575 1.28018206773
1.00516444444 1.3068473837
1.00765841313 1.2757378484
1.01015238181 1.30116865901
1.0126463505 1.31005709766
1.01514031919 1.2814165731
1.01763428787 1.27425644196
1.02012825656 1.30190936223
1.02262222524 1.2861076935
1.02511619393 1.26314589364
1.02761016262 1.30585977941
1.0301041313 1.24512211525
1.03259809999 1.27154053015
1.03509206868 1.28832980317
1.03758603736 1.28956430854
1.04008000605 1.24685042277
1.04257397474 1.24117169807
1.04506794342 1.22413552397
1.04756191211 1.23969029163
1.0500558808 1.26191138827
1.05254984948 1.25919547646
1.05504381817 1.23203635834
1.05753778686 1.26240519042
1.06003175554 1.25796097109
1.06252572423 1.26413349793
1.06501969292 1.26092378397
1.0675136616 1.24067789592
1.07000763029 1.22808594116
1.07250159898 1.22882664438
1.07499556766 1.22191341431
1.07748953635 1.21475328317
1.07998350504 1.21845679928
1.08247747372 1.22141961216
1.08497144241 1.21623468961
1.0874654111 1.19228528545
1.08995937978 1.17031108988
1.09245334847 1.19623570263
1.09494731716 1.16512616733
1.09744128584 1.19697640586
1.09993525453 1.16413856304
1.10242922322 1.19401359297
1.1049231919 1.18364374787
1.10741716059 1.1767305178
1.10991112928 1.16907658451
1.11240509796 1.18932247257
1.11489906665 1.15648462975
1.11739303534 1.17154559525
1.11988700402 1.14759619109
1.12238097271 1.14512718035
1.1248749414 1.11623975472
1.12736891008 1.07722938505
1.12986287877 1.11228933754
1.13235684746 1.12735030304
1.13485081614 1.10636371177
1.13734478483 1.0740196711
1.13983875352 1.09179654841
1.1423327222 1.09624076774
1.14482669089 1.04439154224
1.14732065958 1.11648665579
1.14981462826 1.0880930323
1.15230859695 1.0372314111
1.15480256564 1.03525620251
1.15729653432 1.03105888425
1.15979050301 1.0258739617
1.1622844717 1.02661466492
1.16477844038 1.026861566
1.16727240907 1.01624481982
1.16976637776 0.984888383448
1.17226034644 1.00464046935
1.17475431513 1.03476240036
1.17724828382 0.968346011503
1.1797422525 0.972543329757
1.18223622119 0.951309837409
1.18473018988 0.957482364255
1.18722415856 0.964395594321
1.18971812725 0.964395594321
1.19221209594 0.948840826671
1.19470606462 0.962420385731
1.19720003331 0.910324259156
1.199694002 0.940693091235
1.20218797068 0.922669312847
1.20468193937 0.899213710834
1.20717590806 0.895016392579
1.20966987674 0.901929622646
1.21216384543 0.91254636882
1.21465781412 0.880449229224
1.2171517828 0.868844878755
1.21964575149 0.858721934729
1.22213972018 0.865141362648
1.22463368886 0.860697143319
1.22712765755 0.846623782112
1.22962162624 0.872795295936
1.23211559492 0.833784926273
1.23460956361 0.806625808154
1.2371035323 0.814279741442
1.23959750098 0.835760134864
1.24209146967 0.829587608018
1.24458543836 0.778972887886
1.24707940704 0.790577238356
1.24957337573 0.780701195403
1.25206734442 0.784651612584
1.2545613131 0.798478072718
1.25705528179 0.763911922384
1.25954925048 0.773047262115
1.26204321916 0.769343746008
1.26453718785 0.734283793526
1.26703115654 0.738481111781
1.26952512522 0.720210432318
1.27201909391 0.721444937687
1.2745130626 0.702433555004
1.27700703128 0.69700173138
1.27950099997 0.708852982923
1.28199496866 0.692063709904
1.28448893734 0.706383972185
1.28698290603 0.668361206817
1.28947687472 0.670830217555
1.2919708434 0.651571933798
1.29446481209 0.676262041179
1.29695878078 0.674780634736
1.29945274946 0.639967583329
1.30194671815 0.660460372455
1.30444068684 0.653794043462
1.30693465552 0.617005783464
1.30942862421 0.622437607088
1.3119225929 0.62194380494
1.31441656158 0.622190706014
1.31691053027 0.636017166148
1.31940449896 0.613055366283
1.32189846764 0.608611146954
1.32439243633 0.615524377021
1.32688640502 0.588612159975
1.3293803737 0.574291897694
1.33187434239 0.579970622391
1.33436831108 0.566637964405
1.33686227976 0.598488202928
1.33935624845 0.57725471058
1.34185021714 0.558984031117
1.34434418582 0.557008822527
1.34683815451 0.553305306419
1.3493321232 0.534047022662
1.35182609188 0.55207080105
1.35432006057 0.526639990447
1.35681402926 0.551823899977
1.35930799794 0.529849704407
1.36180196663 0.50935691528
1.36429593532 0.523430276488
1.366789904 0.502937487361
1.36928387269 0.516517046421
1.37177784138 0.506394102395
1.37427181006 0.498493268033
1.37676577875 0.496518059442
1.37925974744 0.493308345482
1.38175371612 0.467877534879
1.38424768481 0.469112040249
1.3867416535 0.459976700517
1.38923562218 0.473309358503
1.39172959087 0.470593446691
1.39422355956 0.473556259577
1.39671752824 0.446644042531
1.39921149693 0.473309358503
1.40170546562 0.464174018772
1.4041994343 0.455532481189
1.40669340299 0.423188440519
1.40918737168 0.439237010317
1.41168134036 0.432076879176
1.41417530905 0.445409537162
1.41666927774 0.41355929864
1.41916324642 0.401461146023
1.42165721511 0.427879560921
1.4241511838 0.421213231928
1.42664515248 0.424422945888
1.42913912117 0.392078905218
1.43163308986 0.397016926695
1.43412705854 0.411830991123
1.43662102723 0.393313410587
1.43911499592 0.385659477299
1.4416089646 0.396029322399
1.44410293329 0.380474554749
1.44659690198 0.387140883742
1.44909087066 0.367882599984
1.45158483935 0.391338201997
1.45407880804 0.355784447367
1.45657277672 0.380721455823
1.45906674541 0.365907391394
1.4615607141 0.371092313944
1.46405468278 0.368623303206
1.46654865147 0.348624316227
1.46904262016 0.372079918239
1.47153658884 0.36245077636
1.47403055753 0.355043744146
1.47652452622 0.364425984951
1.4790184949 0.371586116092
1.48151246359 0.338254471127
1.48400643228 0.325415615288
1.48650040096 0.352574733408
1.48899436965 0.354549941998
1.49148833834 0.34492080012
1.49398230702 0.335785460388
1.49647627571 0.341217284012
1.4989702444 0.303441419719
1.50146421308 0.322699703476
1.50395818177 0.317514780926
1.50645215046 0.32097139596
1.50894611914 0.307144935826
1.51144008783 0.320724494886
1.51393405652 0.305910430457
1.5164280252 0.314305066967
1.51892199389 0.301713112202
1.52141596258 0.287392849921
1.52390993126 0.303688320792
1.52640389995 0.304922826162
1.52889786864 0.28862735529
1.53139183732 0.297762695021
1.53388580601 0.279985817706
1.5363797747 0.283689333813
1.53887374338 0.294059178914
1.54136771207 0.287886652068
1.54386168076 0.27183808227
1.54635564944 0.276529202673
1.54884961813 0.284676938109
1.55134358682 0.278751312337
1.5538375555 0.265665555425
1.55633152419 0.262949643613
1.55882549288 0.250110787775
1.56131946156 0.272578785492
1.56381343025 0.255789512472
1.56630739894 0.262208940392
1.56880136762 0.255048809251
1.57129533631 0.248876282406
1.573789305 0.253320501734
1.57628327368 0.250110787775
1.57877724237 0.248135579184
1.58127121106 0.243691359855
1.58376517974 0.24788867811
1.58625914843 0.231099405091
1.58875311712 0.233815316903
1.5912470858 0.233074613681
1.59374105449 0.245172766298
1.59623502318 0.238012635158
1.59872899186 0.234556020124
1.60122296055 0.231099405091
1.60371692924 0.221223362138
1.60621089792 0.222951669655
1.60870486661 0.228383493279
1.6111988353 0.222210966434
1.61369280398 0.217272944957
1.61618677267 0.210853517038
1.61868074136 0.217026043883
1.62117471004 0.219001252474
1.62366867873 0.200977474085
1.62616264742 0.2083845063
1.6286566161 0.206162396636
1.63115058479 0.215544637441
1.63364455348 0.206903099857
1.63613852216 0.207890704152
1.63863249085 0.191101431133
1.64112645954 0.202952682676
1.64362042822 0.196039452609
1.64611439691 0.214063230998
1.6486083656 0.194558046166
1.65110233428 0.186904112878
1.65359630297 0.190113826838
1.65609027166 0.17604046563
1.65858424034 0.185422706435
1.66107820903 0.188138618247
1.66357217772 0.180484684959
1.6660661464 0.18641031073
1.66856011509 0.180978487106
1.67105408378 0.180978487106
1.67354805246 0.170114839859
1.67604202115 0.171843147375
1.67853598984 0.163448510866
1.68102995852 0.172830751671
1.68352392721 0.171843147375
1.6860178959 0.165176818382
1.68851186458 0.174312158113
1.69100583327 0.160238796906
1.69349980196 0.16246090657
1.69599377064 0.162707807644
1.69848773933 0.166905125899
1.70098170802 0.156782181873
1.7034756767 0.151844160396
1.70596964539 0.158510489389
1.70846361408 0.162954708718
1.71095758276 0.161967104423
1.71345155145 0.154806973282
1.71594552014 0.143202622813
1.71843948882 0.140980513148
1.72093345751 0.148387545363
1.7234274262 0.145424732477
1.72592139488 0.142708820665
1.72841536357 0.145424732477
1.73090933226 0.149868951806
1.73340330094 0.144684029256
1.73589726963 0.130857569122
1.73839123832 0.138758403484
1.740885207 0.130857569122
1.74337917569 0.131845173417
1.74587314438 0.121475328317
1.74836711306 0.129869964827
1.75086108175 0.127154053015
1.75335505044 0.130116865901
1.75584901912 0.134314184155
1.75834298781 0.123203635834
1.7608369565 0.116784207915
1.76333092518 0.129376162679
1.76582489387 0.117278010062
1.76831886256 0.114808999324
1.77081283124 0.122709833686
1.77330679993 0.11777181221
1.77580076862 0.121722229391
1.7782947373 0.112093087512
1.78078870599 0.109624076774
1.78328267468 0.116537306841
1.78577664336 0.113574493955
1.78827061205 0.107155066036
1.79076458074 0.113080691807
1.79325854942 0.10419225315
1.79575251811 0.102957747781
1.7982464868 0.0977728252307
1.80074045548 0.104439154224
1.80323442417 0.110858582143
1.80572839286 0.107155066036
1.80822236154 0.104932956371
1.81071633023 0.0992542316736
1.81321029892 0.0908595951639
1.8157042676 0.100488737043
1.81819823629 0.0985135284522
1.82069220498 0.0923410016068
1.82318617366 0.102710846707
1.82568014235 0.105920560667
1.82817411104 0.0908595951639
1.83066807972 0.0982666273784
1.83316204841 0.0992542316736
1.8356560171 0.0957976166402
1.83814998578 0.0933286059021
1.84064395447 0.0898719908687
1.84313792316 0.0859215736876
1.84563189184 0.0809835522113
1.84812586053 0.0903657930163
1.85061982922 0.0866622769091
1.8531137979 0.0777738382517
1.85560776659 0.0898719908687
1.85810173528 0.0861684747614
1.86059570396 0.0841932661709
1.86308967265 0.0802428489899
1.86558364134 0.078761442547
1.86807761002 0.078761442547
1.87057157871 0.0775269371779
1.8730655474 0.0804897500637
1.87555951608 0.0790083436208
1.87805348477 0.0770331350303
1.88054745346 0.0713544103325
1.88304142214 0.074811025366
1.88553539083 0.0723420146278
1.88802935952 0.072095113554
1.8905233282 0.0767862339565
1.89301729689 0.0777738382517
1.89551126558 0.0651818834872
1.89800523426 0.0706137071111
1.90049920295 0.0622190706014
1.90299317164 0.0664163888562
1.90548714032 0.0624659716752
1.90798110901 0.0711075092587
1.9104750777 0.0612314663061
1.91296904638 0.0686384985206
1.91546301507 0.0634535759705
1.91795698376 0.0614783673799
1.92045095244 0.0599969609371
1.92294492113 0.0567872469775
1.92543888982 0.0590093566418
1.9279328585 0.0629597738228
1.93042682719 0.0632066748966
1.93292079588 0.0632066748966
1.93541476456 0.0676508942253
1.93790873325 0.0607376641585
1.94040270194 0.0624659716752
1.94289667062 0.0538244340917
1.94539063931 0.0506147201321
1.947884608 0.0491333136892
1.95037857668 0.0604907630847
1.95287254537 0.0550589394608
1.95536651406 0.0486395115416
1.95786048274 0.0437014900653
1.96035445143 0.0476519072463
1.96284842012 0.052096126575
1.9653423888 0.0498740169106
1.96783635749 0.0513554233535
1.97033032618 0.0449359954343
1.97282429486 0.0491333136892
1.97531826355 0.0488864126154
1.97781223224 0.0461705008034
1.98030620092 0.0469112040249
1.98280016961 0.0476519072463
1.9852941383 0.0459235997296
1.98778810698 0.0483926104677
1.99028207567 0.0483926104677
1.99277604436 0.0414793804009
1.99527001304 0.038763468589
1.99776398173 0.0402448750318
2.00025795042 0.0446890943605
2.0027519191 0.0358006557032
2.00524588779 0.0367882599984
2.00773985648 0.0355537546294
2.01023382516 0.0362944578508
2.01272779385 0.0355537546294
2.01522176254 0.0377758642937
2.01771573122 0.0459235997296
2.02020969991 0.0382696664413
2.0227036686 0.0335785460388
2.02519763728 0.0380227653675
2.02769160597 0.0340723481865
2.03018557466 0.0362944578508
2.03267954334 0.0330847438912
2.03517351203 0.0409855782533
2.03766748072 0.0306157331531
2.0401614494 0.0338254471127
2.04265541809 0.0338254471127
2.04514938678 0.0372820621461
2.04764335546 0.0340723481865
2.05013732415 0.032097139596
2.05263129284 0.0271591181197
2.05512526152 0.0303688320792
2.05761923021 0.0286405245625
2.0601131989 0.026665315972
2.06260716758 0.0316033374483
2.06510113627 0.0291343267102
2.06759510496 0.0276529202673
2.07008907364 0.032097139596
2.07258304233 0.0254308106029
2.07507701102 0.0274060191935
2.0775709797 0.0306157331531
2.08006494839 0.0256777116768
2.08255891708 0.0229617998648
2.08505288576 0.0283936234887
2.08754685445 0.0237025030862
2.09004082314 0.0269122170458
2.09253479182 0.0269122170458
2.09502876051 0.0237025030862
2.0975227292 0.0249370084553
2.10001669788 0.0229617998648
2.10251066657 0.0261715138244
2.10500463526 0.0219741955695
2.10749860394 0.0241963052339
2.10999257263 0.022714898791
2.11248654132 0.0256777116768
2.11498051 0.0209865912743
2.11747447869 0.0219741955695
2.11996844738 0.0261715138244
2.12246241606 0.0202458880528
2.12495638475 0.0195051848314
2.12745035344 0.0190113826838
2.12994432212 0.0217272944957
2.13243829081 0.0182706794623
2.1349322595 0.0237025030862
2.13742622818 0.0170361740932
2.13992019687 0.0190113826838
2.14241416556 0.0192582837576
2.14490813424 0.0148140644289
2.14740210293 0.0187644816099
2.14989607162 0.0202458880528
2.1523900403 0.0190113826838
2.15488400899 0.0148140644289
2.15737797768 0.0165423719456
2.15987194636 0.0162954708718
2.16236591505 0.0185175805361
2.16485988374 0.0177768773147
2.16735385242 0.0148140644289
2.16984782111 0.0167892730194
2.1723417898 0.0162954708718
2.17483575848 0.0148140644289
2.17732972717 0.0165423719456
2.17982369586 0.0158016687242
2.18231766454 0.0148140644289
2.18481163323 0.0145671633551
2.18730560192 0.0108636472479
2.1897995706 0.0118512515431
2.19229353929 0.0143202622813
2.19478750798 0.0150609655027
2.19728147666 0.0165423719456
2.19977544535 0.0162954708718
2.20226941404 0.0150609655027
2.20476338272 0.0145671633551
2.20725735141 0.0125919547646
2.2097513201 0.0111105483217
2.21224528878 0.0116043504693
2.21473925747 0.0130857569122
2.21723322616 0.0123450536908
2.21972719484 0.0135795590598
2.22222116353 0.00864153758353
2.22471513222 0.0128388558384
2.2272091009 0.013332657986
2.22970306959 0.0118512515431
2.23219703828 0.0101229440264
2.23469100696 0.0108636472479
2.23718497565 0.00592562577156
2.23967894434 0.0130857569122
2.24217291302 0.00888843865734
2.24466688171 0.0101229440264
2.2471608504 0.0118512515431
2.24965481908 0.0123450536908
2.25214878777 0.0111105483217
2.25464275646 0.00913533973116
2.25713672514 0.0103698451002
2.25963069383 0.0098760429526
2.26212466252 0.0111105483217
2.2646186312 0.00765393328827
2.26711259989 0.00888843865734
2.26960656858 0.0111105483217
2.27210053726 0.00864153758353
2.27459450595 0.0081477354359
2.27708847464 0.00888843865734
2.27958244332 0.00839463650971
2.28207641201 0.0111105483217
2.2845703807 0.00962914187879
2.28706434938 0.00691323006682
2.28955831807 0.00617252684538
2.29205228676 0.00864153758353
2.29454625544 0.00641942791919
2.29704022413 0.00839463650971
2.29953419282 0.00666632899301
2.3020281615 0.00888843865734
2.30452213019 0.00864153758353
2.30701609888 0.00864153758353
2.30951006756 0.00938224080497
2.31200403625 0.0049380214763
2.31449800494 0.00691323006682
2.31699197362 0.00864153758353
2.31948594231 0.00765393328827
2.321979911 0.00716013114064
2.32447387968 0.00938224080497
2.32696784837 0.0081477354359
2.32946181706 0.00740703221445
2.33195578574 0.0049380214763
2.33444975443 0.00567872469775
2.33694372312 0.00592562577156
2.3394376918 0.00518492255012
2.34193166049 0.00617252684538
2.34442562918 0.00518492255012
2.34691959786 0.0049380214763
2.34941356655 0.00567872469775
2.35190753524 0.00839463650971
2.35440150392 0.00543182362393
2.35689547261 0.00296281288578
2.3593894413 0.00641942791919
2.36188340998 0.00370351610723
2.36437737867 0.00345661503341
2.36687134736 0.00641942791919
2.36936531604 0.00592562577156
2.37185928473 0.00617252684538
2.37435325342 0.00395041718104
2.3768472221 0.00543182362393
2.37934119079 0.00469112040249
2.38183515948 0.00395041718104
2.38432912816 0.00444421932867
2.38682309685 0.00345661503341
2.38931706554 0.0032097139596
2.39181103422 0.00345661503341
2.39430500291 0.00370351610723
2.3967989716 0.00395041718104
2.39929294028 0.0032097139596
2.40178690897 0.00246901073815
2.40428087766 0.0032097139596
2.40677484634 0.00567872469775
2.40926881503 0.00370351610723
2.41176278372 0.0032097139596
2.4142567524 0.00197520859052
2.41675072109 0.00296281288578
2.41924468978 0.00197520859052
2.42173865846 0.00345661503341
2.42423262715 0.0032097139596
2.42672659584 0.00271591181197
2.42922056452 0.00222210966434
2.43171453321 0.00197520859052
2.4342085019 0.00246901073815
2.43670247058 0.00246901073815
2.43919643927 0.00296281288578
2.44169040796 0.00172830751671
2.44418437664 0.00345661503341
2.44667834533 0.00172830751671
2.44917231402 0.00296281288578
2.4516662827 0.00172830751671
2.45416025139 0.00345661503341
2.45665422008 0.00444421932867
2.45914818876 0.00296281288578
2.46164215745 0.00222210966434
2.46413612614 0.00271591181197
2.46663009482 0.00395041718104
2.46912406351 0.00172830751671
2.4716180322 0.00148140644289
2.47411200088 0.00197520859052
2.47660596957 0.00197520859052
2.47909993826 0.00148140644289
2.48159390694 0.00246901073815
2.48408787563 0.00197520859052
2.48658184432 0.00222210966434
2.489075813 0.00222210966434
2.49156978169 0.00197520859052
2.49406375038 0.00222210966434
2.49655771906 0.00098760429526
2.49905168775 0.00271591181197
2.50154565644 0.00222210966434
2.50403962512 0.00197520859052
2.50653359381 0.00148140644289
2.5090275625 0.00098760429526
2.51152153118 0.00098760429526
2.51401549987 0.00345661503341
2.51650946856 0.00172830751671
2.51900343724 0.00123450536908
2.52149740593 0.00197520859052
2.52399137462 0.00197520859052
2.5264853433 0.00345661503341
2.52897931199 0.00098760429526
2.53147328068 0.00197520859052
2.53396724936 0.00123450536908
2.53646121805 0.00148140644289
2.53895518674 0.00172830751671
2.54144915542 0.00049380214763
2.54394312411 0.00123450536908
2.5464370928 0.000246901073815
2.54893106148 0.00148140644289
2.55142503017 0.00049380214763
2.55391899886 0.00222210966434
2.55641296754 0.00148140644289
2.55890693623 0.00123450536908
2.56140090492 0.00222210966434
2.5638948736 0.00172830751671
2.56638884229 0.00049380214763
2.56888281098 0.000740703221445
2.57137677966 0.000740703221445
2.57387074835 0.000740703221445
2.57636471704 0.00098760429526
2.57885868572 0.00222210966434
2.58135265441 0.000740703221445
2.5838466231 0.000246901073815
2.58634059178 0.00049380214763
2.58883456047 0.00123450536908
2.59132852916 0.00098760429526
2.59382249784 0.00123450536908
2.59631646653 0.00098760429526
2.59881043522 0.000740703221445
2.6013044039 0.00049380214763
2.60379837259 0.00098760429526
2.60629234128 0.000740703221445
2.60878630996 0.00197520859052
2.61128027865 0.00123450536908
2.61377424734 0.000740703221445
2.61626821602 0.000740703221445
2.61876218471 0.00098760429526
2.6212561534 0.000246901073815
2.62375012208 0.00049380214763
2.62624409077 0.000740703221445
2.62873805946 0.00049380214763
2.63123202814 0.000246901073815
2.63372599683 0.00049380214763
2.63621996552 0.00049380214763
2.6387139342 0.00098760429526
2.64120790289 0.000246901073815
2.64370187158 0.00049380214763
2.64619584026 0.0
2.64868980895 0.00049380214763
2.65118377764 0.00098760429526
2.65367774632 0.000246901073815
2.65617171501 0.000246901073815
2.6586656837 0.000740703221445
2.66115965238 0.0
2.66365362107 0.000246901073815
2.66614758976 0.000246901073815
2.66864155844 0.00049380214763
2.67113552713 0.000246901073815
2.67362949582 0.000246901073815
2.6761234645 0.000740703221445
2.67861743319 0.000246901073815
2.68111140188 0.000740703221445
2.68360537056 0.00049380214763
2.68609933925 0.00049380214763
2.68859330794 0.0
2.69108727662 0.00049380214763
2.69358124531 0.00123450536908
2.696075214 0.000246901073815
2.69856918268 0.00098760429526
2.70106315137 0.000740703221445
2.70355712006 0.000246901073815
2.70605108874 0.000246901073815
2.70854505743 0.0
2.71103902612 0.00049380214763
2.7135329948 0.000246901073815
2.71602696349 0.000246901073815
2.71852093218 0.00049380214763
2.72101490086 0.000246901073815
2.72350886955 0.000246901073815
2.72600283824 0.0
2.72849680692 0.000740703221445
2.73099077561 0.0
2.7334847443 0.0
2.73597871298 0.0
2.73847268167 0.000246901073815
2.74096665036 0.00049380214763
2.74346061904 0.000246901073815
2.74595458773 0.000740703221445
2.74844855642 0.0
2.7509425251 0.000246901073815
2.75343649379 0.000246901073815
2.75593046248 0.000246901073815
2.75842443116 0.000246901073815
2.76091839985 0.0
2.76341236854 0.0
2.76590633722 0.000246901073815
2.76840030591 0.000246901073815
2.7708942746 0.0
2.77338824328 0.0
2.77588221197 0.000246901073815
2.77837618066 0.0
2.78087014934 0.000246901073815
2.78336411803 0.0
2.78585808672 0.0
2.7883520554 0.000246901073815
2.79084602409 0.00049380214763
2.79333999278 0.0
2.79583396146 0.000246901073815
2.79832793015 0.0
2.80082189884 0.000246901073815
2.80331586752 0.0
2.80580983621 0.000246901073815
2.8083038049 0.000246901073815
2.81079777358 0.000246901073815
2.81329174227 0.0
2.81578571096 0.00049380214763
2.81827967964 0.0
2.82077364833 0.0
2.82326761702 0.0
2.8257615857 0.0
2.82825555439 0.000246901073815
2.83074952308 0.0
2.83324349176 0.0
2.83573746045 0.00049380214763
2.83823142914 0.0
2.84072539782 0.0
2.84321936651 0.0
2.8457133352 0.0
2.84820730388 0.0
2.85070127257 0.0
2.85319524126 0.0
2.85568920994 0.0
2.85818317863 0.0
2.86067714732 0.000246901073815
2.863171116 0.0
2.86566508469 0.000246901073815
2.86815905338 0.0
2.87065302206 0.0
2.87314699075 0.0
2.87564095944 0.0
2.87813492812 0.0
2.88062889681 0.000246901073815
2.8831228655 0.0
2.88561683418 0.0
2.88811080287 0.0
2.89060477156 0.0
2.89309874024 0.0
2.89559270893 0.000246901073815
2.89808667762 0.0
2.9005806463 0.0
2.90307461499 0.000246901073815
2.90556858368 0.0
2.90806255236 0.0
2.91055652105 0.0
2.91305048974 0.0
2.91554445842 0.000246901073815
2.91803842711 0.0
2.9205323958 0.0
2.92302636448 0.0
2.92552033317 0.0
2.92801430186 0.0
2.93050827054 0.0
2.93300223923 0.0
2.93549620792 0.0
2.9379901766 0.0
2.94048414529 0.0
2.94297811398 0.000246901073815
2.94547208266 0.000246901073815
2.94796605135 0.0
2.95046002004 0.0
2.95295398872 0.0
2.95544795741 0.0
2.9579419261 0.0
2.96043589478 0.0
2.96292986347 0.0
2.96542383216 0.000246901073815
2.96791780084 0.0
2.97041176953 0.000246901073815
2.97290573822 0.0
2.9753997069 0.0
2.97789367559 0.0
2.98038764428 0.0
2.98288161296 0.0
2.98537558165 0.0
2.98786955034 0.0
2.99036351902 0.0
2.99285748771 0.0
2.9953514564 0.0
2.99784542508 0.0
3.00033939377 0.0
3.00283336246 0.0
3.00532733114 0.0
3.00782129983 0.0
3.01031526852 0.0
3.0128092372 0.0
3.01530320589 0.0
3.01779717458 0.0
3.02029114326 0.0
3.02278511195 0.0
3.02527908064 0.0
3.02777304932 0.0
3.03026701801 0.0
3.0327609867 0.0
3.03525495538 0.0
3.03774892407 0.0
3.04024289276 0.0
3.04273686144 0.0
3.04523083013 0.0
3.04772479881 0.0
3.0502187675 0.0
3.05271273619 0.0
3.05520670487 0.0
3.05770067356 0.0
3.06019464225 0.0
3.06268861093 0.0
3.06518257962 0.0
3.06767654831 0.0
3.07017051699 0.0
3.07266448568 0.0
3.07515845437 0.0
3.07765242305 0.0
3.08014639174 0.0
3.08264036043 0.0
3.08513432911 0.0
3.0876282978 0.0
3.09012226649 0.0
3.09261623517 0.0
3.09511020386 0.0
3.09760417255 0.0
3.10009814123 0.0
3.10259210992 0.0
3.10508607861 0.0
3.10758004729 0.0
3.11007401598 0.0
3.11256798467 0.0
3.11506195335 0.0
3.11755592204 0.0
3.12004989073 0.0
3.12254385941 0.0
3.1250378281 0.0
3.12753179679 0.0
3.13002576547 0.0
3.13251973416 0.0
3.13501370285 0.0
3.13750767153 0.0
3.14000164022 0.0
3.14249560891 0.0
3.14498957759 0.0
3.14748354628 0.0
3.14997751497 0.0
3.15247148365 0.0
3.15496545234 0.0
3.15745942103 0.0
3.15995338971 0.0
3.1624473584 0.0
3.16494132709 0.0
3.16743529577 0.000246901073815
3.16992926446 0.0
3.17242323315 0.0
3.17491720183 0.0
3.17741117052 0.0
3.17990513921 0.0
3.18239910789 0.0
3.18489307658 0.0
3.18738704527 0.0
3.18988101395 0.0
3.19237498264 0.0
3.19486895133 0.0
3.19736292001 0.0
3.1998568887 0.0
3.20235085739 0.0
3.20484482607 0.0
3.20733879476 0.0
3.20983276345 0.0
3.21232673213 0.0
3.21482070082 0.0
3.21731466951 0.0
3.21980863819 0.0
3.22230260688 0.0
3.22479657557 0.0
