0.0747446396842 0.000234046145975
0.0775190953227 0.0
0.0802935509611 0.000234046145975
0.0830680065995 0.0
0.0858424622379 0.000936184583898
0.0886169178764 0.000468092291949
0.0913913735148 0.000936184583898
0.0941658291532 0.00117023072987
0.0969402847916 0.00163832302182
0.09971474043 0.00163832302182
0.102489196068 0.00351069218962
0.105263651707 0.00304259989767
0.108038107345 0.00421283062754
0.110812562984 0.00327664604364
0.113587018622 0.00585115364937
0.116361474261 0.00444687677352
0.119135929899 0.00468092291949
0.121910385537 0.00795756896314
0.124684841176 0.00397878448157
0.127459296814 0.00678733823326
0.130233752453 0.00842566125509
0.133008208091 0.0107661227148
0.13578266373 0.0110001688608
0.138557119368 0.0117023072987
0.141331575006 0.0140427687585
0.144106030645 0.0119363534447
0.146880486283 0.0131065841746
0.149654941922 0.0198939224078
0.15242939756 0.0154470456343
0.155203853199 0.0201279685538
0.157978308837 0.0191917839699
0.160752764475 0.0203620146998
0.163527220114 0.0224684300136
0.166301675752 0.0257450760572
0.169076131391 0.0222343838676
0.171850587029 0.0283195836629
0.174625042667 0.0259791222032
0.177399498306 0.0262131683492
0.180173953944 0.0285536298089
0.182948409583 0.0360431064801
0.185722865221 0.0320643219985
0.18849732086 0.0400218909617
0.191271776498 0.0388516602318
0.194046232136 0.0486815983627
0.196820687775 0.0440006754432
0.199595143413 0.0447028138812
0.202369599052 0.05523489045
0.20514405469 0.0454049523191
0.207918510329 0.046107090757
0.210692965967 0.055000844304
0.213467421605 0.0575753519098
0.216241877244 0.064128643997
0.219016332882 0.055468936596
0.221790788521 0.0573413057638
0.224565244159 0.0683414746246
0.227339699798 0.0727883513981
0.230114155436 0.0699797976464
0.232888611074 0.0685755207706
0.235663066713 0.0751288128579
0.238437522351 0.0809799665072
0.24121197799 0.0798097357773
0.243986433628 0.0798097357773
0.246760889267 0.0847247048428
0.249535344905 0.09244822766
0.252309800543 0.091746089222
0.255084256182 0.0884694431784
0.25785871182 0.0992355658932
0.260633167459 0.0973631967254
0.263407623097 0.101341981207
0.266182078735 0.101810073499
0.268956534374 0.107895273294
0.271730990012 0.112108103922
0.274505445651 0.116086888403
0.277279901289 0.115384749965
0.280054356928 0.121703995907
0.282828812566 0.126384918826
0.285603268204 0.125448734242
0.288377723843 0.135278672373
0.291152179481 0.137385087687
0.29392663512 0.138555318417
0.296701090758 0.135980810811
0.299475546397 0.157513056241
0.302250002035 0.155640687073
0.305024457673 0.154470456343
0.307798913312 0.156576871657
0.31057336895 0.166640855934
0.313347824589 0.160087563847
0.316122280227 0.173194148021
0.318896735866 0.176470794065
0.321671191504 0.172726055729
0.324445647142 0.179747440109
0.327220102781 0.178811255525
0.329994558419 0.185598593758
0.332769014058 0.197066854911
0.335543469696 0.19823708564
0.338317925335 0.216492685027
0.341092380973 0.217662915756
0.343866836611 0.215088408151
0.34664129225 0.226322623157
0.349415747888 0.209237254501
0.352190203527 0.2209395618
0.354964659165 0.228897130763
0.357739114803 0.238258976602
0.360513570442 0.231939730661
0.36328802608 0.22210979253
0.366062481719 0.237556838164
0.368836937357 0.252067699215
0.371611392996 0.238493022748
0.374385848634 0.258855037448
0.377160304272 0.256046483696
0.379934759911 0.267982837141
0.382709215549 0.267046652557
0.385483671188 0.269855206309
0.388258126826 0.304962128205
0.391032582465 0.281791559753
0.393807038103 0.282493698191
0.396581493741 0.29770669768
0.39935594938 0.296302420804
0.402130405018 0.300047159139
0.404904860657 0.29536623622
0.407679316295 0.311515420292
0.410453771934 0.31221755873
0.413228227572 0.326728419781
0.41600268321 0.336558357911
0.418777138849 0.348026619064
0.421551594487 0.334685988744
0.424326050126 0.339600957809
0.427100505764 0.352239449692
0.429874961402 0.344281880729
0.432649417041 0.35060112667
0.435423872679 0.346622342188
0.438198328318 0.359494880217
0.440972783956 0.363473664699
0.443747239595 0.36745244918
0.446521695233 0.360665110947
0.449296150871 0.377984525749
0.45207060651 0.381261171793
0.454845062148 0.386410187004
0.457619517787 0.397644402011
0.460393973425 0.394835848259
0.463168429064 0.408410524726
0.465942884702 0.404899832536
0.46871734034 0.42736826255
0.471491795979 0.420814970462
0.474266251617 0.42034687817
0.477040707256 0.421049016608
0.479815162894 0.443751492768
0.482589618533 0.434623693075
0.485364074171 0.448432415687
0.488138529809 0.453113338607
0.490912985448 0.45638998465
0.493687441086 0.460368769132
0.496461896725 0.464347553614
0.499236352363 0.465049692052
0.502010808002 0.483071245292
0.50478526364 0.459198538402
0.507559719278 0.482135060708
0.510334174917 0.491730952693
0.513108630555 0.491730952693
0.515883086194 0.515603659582
0.518657541832 0.495709737174
0.52143199747 0.511858921246
0.524206453109 0.518412213334
0.526980908747 0.532220935946
0.529755364386 0.507177998327
0.532529820024 0.550242489186
0.535304275663 0.53315712053
0.538078731301 0.542753012515
0.540853186939 0.536901858866
0.543627642578 0.554923412106
0.546402098216 0.571306642324
0.549176553855 0.567327857842
0.551951009493 0.548604166164
0.554725465132 0.563349073361
0.55749992077 0.554923412106
0.560274376408 0.579030165141
0.563048832047 0.59424316463
0.565823287685 0.570838550032
0.568597743324 0.604775241198
0.571372198962 0.593306980046
0.574146654601 0.590966518586
0.576921110239 0.603605010469
0.579695565877 0.628647948088
0.582470021516 0.619286102249
0.585244477154 0.620924425271
0.588018932793 0.64830782435
0.590793388431 0.62443511746
0.593567844069 0.640818347678
0.596342299708 0.6424566707
0.599116755346 0.657669670189
0.601891210985 0.65930799321
0.604665666623 0.674989084991
0.607440122262 0.653690885707
0.6102145779 0.648541870496
0.612989033538 0.66164845467
0.615763489177 0.683648792392
0.618537944815 0.672648623531
0.621312400454 0.687627576873
0.624086856092 0.711734329909
0.626861311731 0.700266068756
0.629635767369 0.696989422712
0.632410223007 0.707989591573
0.635184678646 0.711266237617
0.637959134284 0.717351437412
0.640733589923 0.703776760946
0.643508045561 0.742160328886
0.6462825012 0.718989760434
0.649056956838 0.71688334512
0.651831412476 0.753394543892
0.654605868115 0.748011482535
0.657380323753 0.744968882637
0.660154779392 0.748011482535
0.66292923503 0.743798651907
0.665703690669 0.752692405454
0.668478146307 0.765798989629
0.671252601945 0.766267081921
0.674027057584 0.776331066198
0.676801513222 0.777735343074
0.679575968861 0.789671696518
0.682350424499 0.753628590038
0.685124880137 0.813076311116
0.687899335776 0.784054589015
0.690673791414 0.792012157978
0.693448247053 0.803948511423
0.696222702691 0.824778618415
0.69899715833 0.781480081409
0.701771613968 0.804884696007
0.704546069606 0.810969895802
0.707320525245 0.797629265481
0.710094980883 0.82618289529
0.712869436522 0.834374510399
0.71564389216 0.791075973394
0.718418347799 0.839523525611
0.721192803437 0.81518272643
0.723967259075 0.816587003305
0.726741714714 0.843268263947
0.729516170352 0.836480925713
0.732290625991 0.844438494676
0.735065081629 0.847949186866
0.737839537268 0.864098370938
0.740613992906 0.839289479465
0.743388448544 0.854502478953
0.746162904183 0.846076817698
0.748937359821 0.881651831886
0.75171181546 0.857311032705
0.754486271098 0.856608894267
0.757260726737 0.885630616368
0.760035182375 0.878141139697
0.762809638013 0.892652000747
0.765584093652 0.875098539799
0.76835854929 0.904354308046
0.771133004929 0.877204955113
0.773907460567 0.890545585433
0.776681916205 0.862460047916
0.779456371844 0.90763095409
0.782230827482 0.885630616368
0.785005283121 0.90177980044
0.787779738759 0.899205292834
0.790554194398 0.896864831375
0.793328650036 0.889141308558
0.796103105674 0.902013846586
0.798877561313 0.925418461184
0.801652016951 0.907162861798
0.80442647259 0.935482445461
0.807200928228 0.887737031682
0.809975383867 0.927290830351
0.812749839505 0.893354139185
0.815524295143 0.917694938366
0.818298750782 0.940631460672
0.82107320642 0.927992968789
0.823847662059 0.934312214731
0.826622117697 0.929865337957
0.829396573336 0.944610245154
0.832171028974 0.974334105692
0.834945484612 0.916056615345
0.837719940251 0.928461061081
0.840494395889 0.960291336934
0.843268851528 0.945312383591
0.846043307166 0.951631629533
0.848817762804 0.952099721825
0.851592218443 0.956780644744
0.854366674081 0.936886722336
0.85714112972 0.944142152862
0.859915585358 0.930567476395
0.862690040997 0.966142490583
0.865464496635 0.938525045358
0.868238952273 0.970589367357
0.871013407912 0.944376199008
0.87378786355 0.94016336838
0.876562319189 0.987908782159
0.879336774827 0.948823075781
0.882111230466 0.999142997166
0.884885686104 0.948120937343
0.887660141742 0.968248905897
0.890434597381 0.964738213707
0.893209053019 0.943908106716
0.895983508658 0.957716829328
0.898757964296 0.97620647486
0.901532419935 0.987674736013
0.904306875573 0.970823413503
0.907081331211 0.97854693632
0.90985578685 0.986270459137
0.912630242488 0.976674567152
0.915404698127 0.974100059546
0.918179153765 0.949291168073
0.920953609404 0.964504167561
0.923728065042 0.97269578267
0.92650252068 0.981823582364
0.929276976319 0.942035737548
0.932051431957 1.00663247384
0.934825887596 0.955376367868
0.937600343234 0.978078844028
0.940374798872 0.97971716705
0.943149254511 0.9738660134
0.945923710149 0.9738660134
0.948698165788 1.0059303354
0.951472621426 0.956780644744
0.954247077065 0.962631798394
0.957021532703 0.948823075781
0.959795988341 0.953503998701
0.96257044398 0.965440352145
0.965344899618 0.985568320699
0.968119355257 0.993759935808
0.970893810895 0.976908613298
0.973668266534 0.982057628509
0.976442722172 0.967780813605
0.97921717781 0.970823413503
0.981991633449 0.957248737036
0.984766089087 0.976674567152
0.987540544726 0.98088739778
0.990315000364 0.997504674144
0.993089456003 0.977844797882
0.995863911641 0.967078675167
0.998638367279 0.968951044335
1.00141282292 0.958653013912
1.00418727856 1.0003132279
1.00696173419 0.969887228919
1.00973618983 0.954440183284
1.01251064547 0.977844797882
1.01528510111 0.941567645256
1.01805955675 0.959121106204
1.02083401239 0.982291674655
1.02360846803 0.942737875986
1.02638292366 0.969419136627
1.0291573793 0.960291336934
1.03193183494 0.958887060058
1.03470629058 0.971993644233
1.03748074622 0.968248905897
1.04025520186 0.958887060058
1.04302965749 0.973397921108
1.04580411313 0.946248568175
1.04857856877 0.969419136627
1.05135302441 0.954908275576
1.05412748005 0.951397583387
1.05690193569 0.962631798394
1.05967639132 0.934546260877
1.06245084696 0.959589198496
1.0652253026 0.929397245665
1.06799975824 0.949993306511
1.07077421388 0.946950706613
1.07354866952 0.946482614321
1.07632312516 0.949525214219
1.07909758079 0.931035568687
1.08187203643 0.956078506306
1.08464649207 0.937354814628
1.08742094771 0.935950537752
1.09019540335 0.907865000236
1.09296985899 0.918397076804
1.09574431462 0.94016336838
1.09851877026 0.919333261388
1.1012932259 0.921673722848
1.10406768154 0.933141984001
1.10684213718 0.909035230965
1.10961659282 0.90177980044
1.11239104845 0.938290999212
1.11516550409 0.918865169096
1.11793995973 0.913014015447
1.12071441537 0.905524538776
1.12348887101 0.908333092527
1.12626332665 0.895694600645
1.12903778229 0.906928815652
1.13181223792 0.879077324281
1.13458669356 0.887737031682
1.1373611492 0.88492847793
1.14013560484 0.888907262412
1.14291006048 0.893354139185
1.14568451612 0.889141308558
1.14845897175 0.849821556034
1.15123342739 0.876268770529
1.15400788303 0.898503154397
1.15678233867 0.911609738571
1.15955679431 0.853566294369
1.16233124995 0.883992293346
1.16510570558 0.855906755829
1.16788016122 0.878609231989
1.17065461686 0.85239606364
1.1734290725 0.869949524588
1.17620352814 0.846310863844
1.17897798378 0.848417279158
1.18175243942 0.841395894779
1.18452689505 0.857545078851
1.18730135069 0.859417448019
1.19007580633 0.853098202077
1.19285026197 0.854970571245
1.19562471761 0.85122583291
1.19839917325 0.843268263947
1.20117362888 0.834608556545
1.20394808452 0.823608387685
1.20672254016 0.839991617903
1.2094969958 0.827119079874
1.21227145144 0.802076142255
1.21504590708 0.814948680284
1.21782036271 0.835310694983
1.22059481835 0.839289479465
1.22336927399 0.807693249758
1.22614372963 0.808629434342
1.22891818527 0.821033880079
1.23169264091 0.801608049963
1.23446709655 0.814714634138
1.23724155218 0.786629096621
1.24001600782 0.829459541334
1.24279046346 0.793884527146
1.2455649191 0.793884527146
1.24833937474 0.778203435366
1.25111383038 0.769075635673
1.25388828601 0.781246035263
1.25666274165 0.787565281205
1.25943719729 0.762054251293
1.26221165293 0.783586496723
1.26498610857 0.759011651396
1.26776056421 0.771416097132
1.27053501984 0.751522174724
1.27330947548 0.755735005352
1.27608393112 0.745671021075
1.27885838676 0.743096513469
1.2816328424 0.75643714379
1.28440729804 0.720159991164
1.28718175368 0.750585990141
1.28995620931 0.755969051498
1.29273066495 0.712436468347
1.29550512059 0.717819529704
1.29827957623 0.744500790345
1.30105403187 0.704244853238
1.30382848751 0.717819529704
1.30660294314 0.699095838026
1.30937739878 0.719691898872
1.31215185442 0.730926113879
1.31492631006 0.71454288366
1.3177007657 0.711032191471
1.32047522134 0.683882838538
1.32324967697 0.698159653442
1.32602413261 0.700968207194
1.32879858825 0.662584639254
1.33157304389 0.68669139229
1.33434749953 0.685287115414
1.33712195517 0.679904054056
1.33989641081 0.697457515004
1.34267086644 0.664222962276
1.34544532208 0.675457177283
1.34821977772 0.64713759362
1.35099423336 0.653222793415
1.353768689 0.667031516028
1.35654314464 0.650180193517
1.35931760027 0.660010131648
1.36209205591 0.651584470393
1.36486651155 0.64713759362
1.36764096719 0.658371808627
1.37041542283 0.620690379125
1.37318987847 0.626307486628
1.37596433411 0.626307486628
1.37873878974 0.631690547985
1.38151324538 0.621860609855
1.38428770102 0.619988240687
1.38706215666 0.615307317767
1.3898366123 0.601732641301
1.39261106794 0.616711594643
1.39538552357 0.604541195052
1.39815997921 0.608519979534
1.40093443485 0.619052056103
1.40370889049 0.607349748804
1.40648334613 0.582072765039
1.40925780177 0.577391842119
1.4120322574 0.613434948599
1.41480671304 0.590264380148
1.41758116868 0.575285426806
1.42035562432 0.559370288879
1.42313007996 0.578796118995
1.4259045356 0.578093980557
1.42867899124 0.569668319302
1.43145344687 0.555157458252
1.43422790251 0.545327520121
1.43700235815 0.562178842631
1.43977681379 0.542987058661
1.44255126943 0.548136073873
1.44532572507 0.53315712053
1.4481001807 0.541816827931
1.45087463634 0.526837874589
1.45364909198 0.519348397918
1.45642354762 0.539242320326
1.45919800326 0.528710243757
1.4619724589 0.545093473975
1.46474691453 0.512327013538
1.46752137017 0.499922567802
1.47029582581 0.518880305626
1.47307028145 0.517241982604
1.47584473709 0.507646090619
1.47861919273 0.519114351772
1.48139364837 0.50062470624
1.484168104 0.485879799043
1.48694255964 0.477688183934
1.48971701528 0.47558176862
1.49249147092 0.485645752897
1.49526592656 0.495709737174
1.4980403822 0.466453968927
1.50081483783 0.486113845189
1.50358929347 0.48143292227
1.50636374911 0.483539337584
1.50913820475 0.464815645906
1.51191266039 0.447028138812
1.51468711603 0.45638998465
1.51746157166 0.460602815278
1.5202360273 0.450772877147
1.52301048294 0.453347384753
1.52578493858 0.451709061731
1.52855939422 0.434155600783
1.53133384986 0.42619803182
1.5341083055 0.423389478068
1.53688276113 0.421283062754
1.53965721677 0.44070889287
1.54243167241 0.423389478068
1.54520612805 0.432283231615
1.54798058369 0.42502780109
1.55075503933 0.423623524214
1.55352949496 0.412857401499
1.5563039506 0.412155263061
1.55907840624 0.408878617018
1.56185286188 0.409814801602
1.56462731752 0.399516771179
1.56740177316 0.403963647952
1.57017622879 0.417772370565
1.57295068443 0.378920710333
1.57572514007 0.385708048566
1.57849959571 0.377750479603
1.58127405135 0.376580248873
1.58404850699 0.377516433457
1.58682296263 0.389686833048
1.58959741826 0.404431740244
1.5923718739 0.358792741779
1.59514632954 0.371197187516
1.59792078518 0.354345865006
1.60069524082 0.36745244918
1.60346969646 0.379622848771
1.60624415209 0.369324818348
1.60901860773 0.347558526772
1.61179306337 0.363473664699
1.61456751901 0.330707204262
1.61734197465 0.363473664699
1.62011643029 0.345686157605
1.62289088592 0.328834835094
1.62566534156 0.337260496349
1.6284397972 0.326728419781
1.63121425284 0.322515589153
1.63398870848 0.335154081036
1.63676316412 0.33492003489
1.63953761976 0.345686157605
1.64231207539 0.310111143416
1.64508653103 0.31806871238
1.64786098667 0.325090096759
1.65063544231 0.317600620088
1.65340989795 0.31338778946
1.65618435359 0.317366573942
1.65895880922 0.292089590176
1.66173326486 0.296302420804
1.6645077205 0.296770513096
1.66728217614 0.31572825092
1.67005663178 0.291387451738
1.67283108742 0.302855712891
1.67560554305 0.282727744337
1.67837999869 0.282493698191
1.68115445433 0.292557682468
1.68392890997 0.285536298089
1.68670336561 0.278748959856
1.68947782125 0.271727575477
1.69225227689 0.266110467973
1.69502673252 0.267280698703
1.69780118816 0.265642375681
1.7005756438 0.249259145463
1.70335009944 0.265408329535
1.70612455508 0.251599606923
1.70889901072 0.248322960879
1.71167346635 0.25815289901
1.71444792199 0.254408160674
1.71722237763 0.249025099317
1.71999683327 0.251131514631
1.72277128891 0.244578222543
1.72554574455 0.257450760572
1.72832020018 0.249025099317
1.73109465582 0.257216714426
1.73386911146 0.250195330047
1.7366435671 0.234514238267
1.73941802274 0.23779088431
1.74219247838 0.231237592223
1.74496693402 0.228897130763
1.74774138965 0.231003546077
1.75051584529 0.235684468996
1.75329030093 0.226556669303
1.75606475657 0.217896961902
1.75883921221 0.223514069406
1.76161366785 0.214854362005
1.76438812348 0.213918177421
1.76716257912 0.211811762107
1.76993703476 0.215790546589
1.7727114904 0.215790546589
1.77548594604 0.206662746896
1.77826040168 0.21976933107
1.78103485731 0.192854024283
1.78380931295 0.20291800856
1.78658376859 0.199641362516
1.78935822423 0.199173270224
1.79213267987 0.188875239802
1.79490713551 0.20408823929
1.79768159115 0.192151885845
1.80045604678 0.203620146998
1.80323050242 0.18372622459
1.80600495806 0.182790040006
1.8087794137 0.193790208867
1.81155386934 0.172492009583
1.81432832498 0.171087732707
1.81710278061 0.179279347817
1.81987723625 0.172960101875
1.82265169189 0.168513225102
1.82542614753 0.175066517189
1.82820060317 0.171087732707
1.83097505881 0.168981317394
1.83374951444 0.161491840722
1.83652397008 0.16687490208
1.83929842572 0.169917501978
1.84207288136 0.168981317394
1.844847337 0.160789702285
1.84762179264 0.155406640927
1.85039624828 0.163130163744
1.85317070391 0.150491671862
1.85594515955 0.146044795088
1.85871961519 0.160321609993
1.86149407083 0.151661902592
1.86426852647 0.142534102899
1.86704298211 0.152832133321
1.86981743774 0.149789533424
1.87259189338 0.14651288738
1.87536634902 0.140193641439
1.87814080466 0.143938379774
1.8809152603 0.140895779877
1.88368971594 0.13200202633
1.88646417158 0.131065841746
1.88923862721 0.135044626227
1.89201308285 0.136214856957
1.89478753849 0.126384918826
1.89756199413 0.128257287994
1.90033644977 0.141831964461
1.90311090541 0.129427518724
1.90588536104 0.119597580593
1.90865981668 0.117257119133
1.91143427232 0.112576196214
1.91420872796 0.118193303717
1.9169831836 0.125448734242
1.91975763924 0.124512549658
1.92253209487 0.12498064195
1.92530655051 0.121235903615
1.92808100615 0.121001857469
1.93085546179 0.118193303717
1.93362991743 0.118895442155
1.93640437307 0.1104697809
1.93917882871 0.112576196214
1.94195328434 0.11281024236
1.94472773998 0.116320934549
1.94750219562 0.100639842769
1.95027665126 0.106490996418
1.9530511069 0.104150534959
1.95582556254 0.100639842769
1.95860001817 0.0947886891197
1.96137447381 0.101107935061
1.96414892945 0.0973631967254
1.96692338509 0.0959589198496
1.96969784073 0.0973631967254
1.97247229637 0.0868311201566
1.975246752 0.106725042564
1.97802120764 0.0987674736013
1.98079566328 0.0865970740106
1.98357011892 0.0880013508865
1.98634457456 0.0954908275576
1.9891190302 0.0898737200543
1.99189348584 0.0952567814117
1.99466794147 0.0966610582875
1.99744239711 0.0872992124485
2.00021685275 0.0854268432807
2.00299130839 0.0816821049451
2.00576576403 0.0854268432807
2.00854021967 0.0784054589015
2.0113146753 0.0784054589015
2.01408913094 0.0781714127555
2.01686358658 0.0896396739083
2.01963804222 0.073958582128
2.02241249786 0.0697457515004
2.0251869535 0.073724535982
2.02796140913 0.0770011820256
2.03073586477 0.0755969051498
2.03351032041 0.0732564436901
2.03628477605 0.0690436130625
2.03905923169 0.0746607205659
2.04183368733 0.0631924594131
2.04460814297 0.0777033204636
2.0473825986 0.0727883513981
2.05015705424 0.0638945978511
2.05293150988 0.0713840745223
2.05570596552 0.0657669670189
2.05848042116 0.0674052900407
2.0612548768 0.0596817672235
2.06402933243 0.0678733823326
2.06680378807 0.0678733823326
2.06957824371 0.0564051211799
2.07235269935 0.0580434442017
2.07512715499 0.064830782435
2.07790161063 0.0566391673259
2.08067606626 0.0610860440994
2.0834505219 0.0578093980557
2.08622497754 0.0540646597201
2.08899943318 0.0582774903477
2.09177388882 0.0592136749316
2.09454834446 0.0559370288879
2.0973228001 0.0533625212822
2.10009725573 0.0589796287856
2.10287171137 0.055702982742
2.10564616701 0.0571072596178
2.10842062265 0.0542987058661
2.11119507829 0.0479794599248
2.11396953393 0.0524263366983
2.11674398956 0.0468092291949
2.1195184452 0.0470432753409
2.12229290084 0.0498518290926
2.12506735648 0.0437666292973
2.12784181212 0.0493837368006
2.13061626776 0.0418942601295
2.13339072339 0.0402559371076
2.13616517903 0.046107090757
2.13893963467 0.0407240293996
2.14171409031 0.0477454137788
2.14448854595 0.0437666292973
2.14726300159 0.0432985370053
2.15003745723 0.0386176140858
2.15281191286 0.0381495217939
2.1555863685 0.0397878448157
2.15836082414 0.0404899832536
2.16113527978 0.0440006754432
2.16390973542 0.0421283062754
2.16668419106 0.0414261678375
2.16945864669 0.0393197525237
2.17223310233 0.036511198772
2.17500755797 0.0416602139835
2.17778201361 0.0341707373123
2.18055646925 0.0360431064801
2.18333092489 0.0358090603341
2.18610538052 0.0311281374146
2.18887983616 0.036745244918
2.1916542918 0.0311281374146
2.19442874744 0.0374473833559
2.19720320308 0.0334685988744
2.19997765872 0.0362771526261
2.20275211436 0.0311281374146
2.20552656999 0.0292557682468
2.20830102563 0.0339366911663
2.21107548127 0.0287876759549
2.21384993691 0.0294898143928
2.21662439255 0.0285536298089
2.21939884819 0.0332345527284
2.22217330382 0.0294898143928
2.22494775946 0.0285536298089
2.2277222151 0.0297238605388
2.23049667074 0.0315962297066
2.23327112638 0.0259791222032
2.23604558202 0.0257450760572
2.23882003765 0.0271493529331
2.24159449329 0.0245748453273
2.24436894893 0.0290217221009
2.24714340457 0.0252769837653
2.24991786021 0.0299579066848
2.25269231585 0.0248088914733
2.25546677149 0.0322983681445
2.25824122712 0.0217662915756
2.26101568276 0.0252769837653
2.2637901384 0.0224684300136
2.26656459404 0.0255110299112
2.26933904968 0.0201279685538
2.27211350532 0.0215322454297
2.27488796095 0.0222343838676
2.27766241659 0.0210641531377
2.28043687223 0.0212981992837
2.28321132787 0.0231705684515
2.28598578351 0.0212981992837
2.28876023915 0.0210641531377
2.29153469478 0.018255599386
2.29430915042 0.0241067530354
2.29708360606 0.0198939224078
2.2998580617 0.0229365223055
2.30263251734 0.0191917839699
2.30540697298 0.0175534609481
2.30818142862 0.018723691678
2.31095588425 0.0138087226125
2.31373033989 0.0159151379263
2.31650479553 0.0138087226125
2.31927925117 0.018255599386
2.32205370681 0.0156810917803
2.32482816245 0.0159151379263
2.32760261808 0.0117023072987
2.33037707372 0.0145108610504
2.33315152936 0.0203620146998
2.335925985 0.0142768149045
2.33870044064 0.0163832302182
2.34147489628 0.0138087226125
2.34424935191 0.0170853686561
2.34702380755 0.01802155324
2.34979826319 0.0159151379263
2.35257271883 0.0177875070941
2.35534717447 0.0142768149045
2.35812163011 0.0114682611528
2.36089608575 0.0124044457367
2.36367054138 0.0128725380286
2.36644499702 0.0147449071964
2.36921945266 0.0112342150068
2.3719939083 0.0145108610504
2.37476836394 0.0121703995907
2.37754281958 0.0147449071964
2.38031727521 0.00959589198496
2.38309173085 0.0110001688608
2.38586618649 0.0114682611528
2.38864064213 0.00842566125509
2.39141509777 0.0114682611528
2.39418955341 0.0128725380286
2.39696400905 0.0105320765689
2.39973846468 0.00912779969301
2.40251292032 0.00959589198496
2.40528737596 0.00842566125509
2.4080618316 0.00912779969301
2.41083628724 0.0105320765689
2.41361074288 0.00936184583898
2.41638519851 0.0119363534447
2.41915965415 0.00819161510911
2.42193410979 0.00889375354704
2.42470856543 0.0112342150068
2.42748302107 0.00889375354704
2.43025747671 0.00608519979534
2.43303193234 0.00889375354704
2.43580638798 0.00982993813093
2.43858084362 0.00819161510911
2.44135529926 0.0105320765689
2.4441297549 0.00514901521144
2.44690421054 0.00748947667119
2.44967866618 0.00655329208729
2.45245312181 0.00865970740106
2.45522757745 0.00655329208729
2.45800203309 0.00468092291949
2.46077648873 0.00936184583898
2.46355094437 0.00795756896314
2.46632540001 0.00912779969301
2.46909985564 0.00725543052521
2.47187431128 0.00655329208729
2.47464876692 0.00631924594131
2.47742322256 0.00561710750339
2.4801976782 0.00748947667119
2.48297213384 0.00585115364937
2.48574658947 0.00561710750339
2.48852104511 0.00748947667119
2.49129550075 0.00795756896314
2.49406995639 0.00538306135742
2.49684441203 0.00468092291949
2.49961886767 0.00725543052521
2.50239332331 0.00538306135742
2.50516777894 0.00468092291949
2.50794223458 0.00585115364937
2.51071669022 0.00538306135742
2.51349114586 0.00468092291949
2.5162656015 0.00585115364937
2.51904005714 0.00444687677352
2.52181451277 0.00608519979534
2.52458896841 0.00374473833559
2.52736342405 0.00468092291949
2.53013787969 0.00421283062754
2.53291233533 0.00514901521144
2.53568679097 0.00374473833559
2.5384612466 0.00351069218962
2.54123570224 0.00257450760572
2.54401015788 0.00351069218962
2.54678461352 0.00538306135742
2.54955906916 0.00397878448157
2.5523335248 0.00444687677352
2.55510798044 0.00514901521144
2.55788243607 0.00351069218962
2.56065689171 0.00468092291949
2.56343134735 0.00257450760572
2.56620580299 0.00561710750339
2.56898025863 0.00374473833559
2.57175471427 0.00397878448157
2.5745291699 0.00234046145975
2.57730362554 0.00397878448157
2.58007808118 0.00397878448157
2.58285253682 0.00444687677352
2.58562699246 0.00210641531377
2.5884014481 0.00468092291949
2.59117590373 0.00234046145975
2.59395035937 0.00210641531377
2.59672481501 0.00351069218962
2.59949927065 0.0028085537517
2.60227372629 0.00351069218962
2.60504818193 0.00257450760572
2.60782263757 0.00304259989767
2.6105970932 0.00351069218962
2.61337154884 0.00210641531377
2.61614600448 0.00491496906547
2.61892046012 0.00421283062754
2.62169491576 0.00444687677352
2.6244693714 0.00257450760572
2.62724382703 0.0018723691678
2.63001828267 0.00421283062754
2.63279273831 0.00140427687585
2.63556719395 0.0028085537517
2.63834164959 0.00257450760572
2.64111610523 0.00257450760572
2.64389056086 0.00210641531377
2.6466650165 0.00140427687585
2.64943947214 0.00163832302182
2.65221392778 0.0018723691678
2.65498838342 0.00257450760572
2.65776283906 0.00257450760572
2.6605372947 0.0018723691678
2.66331175033 0.00163832302182
2.66608620597 0.00234046145975
2.66886066161 0.00140427687585
2.67163511725 0.00234046145975
2.67440957289 0.00257450760572
2.67718402853 0.00257450760572
2.67995848416 0.0018723691678
2.6827329398 0.00140427687585
2.68550739544 0.00210641531377
2.68828185108 0.0028085537517
2.69105630672 0.00140427687585
2.69383076236 0.00210641531377
2.69660521799 0.00234046145975
2.69937967363 0.00140427687585
2.70215412927 0.00210641531377
2.70492858491 0.00210641531377
2.70770304055 0.00117023072987
2.71047749619 0.000702138437924
2.71325195183 0.00163832302182
2.71602640746 0.00163832302182
2.7188008631 0.00234046145975
2.72157531874 0.000468092291949
2.72434977438 0.00163832302182
2.72712423002 0.000702138437924
2.72989868566 0.00117023072987
2.73267314129 0.0018723691678
2.73544759693 0.00210641531377
2.73822205257 0.00140427687585
2.74099650821 0.0018723691678
2.74377096385 0.000468092291949
2.74654541949 0.0018723691678
2.74931987512 0.00140427687585
2.75209433076 0.00117023072987
2.7548687864 0.000234046145975
2.75764324204 0.000468092291949
2.76041769768 0.000936184583898
2.76319215332 0.000702138437924
2.76596660896 0.000234046145975
2.76874106459 0.0018723691678
2.77151552023 0.000702138437924
2.77428997587 0.00117023072987
2.77706443151 0.00117023072987
2.77983888715 0.000936184583898
2.78261334279 0.000702138437924
2.78538779842 0.000234046145975
2.78816225406 0.000936184583898
2.7909367097 0.000468092291949
2.79371116534 0.000468092291949
2.79648562098 0.000234046145975
2.79926007662 0.000702138437924
2.80203453225 0.000468092291949
2.80480898789 0.00117023072987
2.80758344353 0.000936184583898
2.81035789917 0.000468092291949
2.81313235481 0.000702138437924
2.81590681045 0.000702138437924
2.81868126609 0.000468092291949
2.82145572172 0.000468092291949
2.82423017736 0.000702138437924
2.827004633 0.000234046145975
2.82977908864 0.000702138437924
2.83255354428 0.000468092291949
2.83532799992 0.000468092291949
2.83810245555 0.000936184583898
2.84087691119 0.000936184583898
2.84365136683 0.000702138437924
2.84642582247 0.000234046145975
2.84920027811 0.00117023072987
2.85197473375 0.000234046145975
2.85474918938 0.000234046145975
2.85752364502 0.000468092291949
2.86029810066 0.000234046145975
2.8630725563 0.000936184583898
2.86584701194 0.000468092291949
2.86862146758 0.000234046145975
2.87139592322 0.000468092291949
2.87417037885 0.000936184583898
2.87694483449 0.0
2.87971929013 0.0
2.88249374577 0.000234046145975
2.88526820141 0.000234046145975
2.88804265705 0.000468092291949
2.89081711268 0.0
2.89359156832 0.000702138437924
2.89636602396 0.000234046145975
2.8991404796 0.000702138437924
2.90191493524 0.000468092291949
2.90468939088 0.000234046145975
2.90746384652 0.000234046145975
2.91023830215 0.000468092291949
2.91301275779 0.000702138437924
2.91578721343 0.000234046145975
2.91856166907 0.0
2.92133612471 0.000234046145975
2.92411058035 0.0
2.92688503598 0.0
2.92965949162 0.000702138437924
2.93243394726 0.0
2.9352084029 0.000234046145975
2.93798285854 0.0
2.94075731418 0.0
2.94353176981 0.0
2.94630622545 0.000234046145975
2.94908068109 0.000702138437924
2.95185513673 0.000234046145975
2.95462959237 0.0
2.95740404801 0.0
2.96017850365 0.000468092291949
2.96295295928 0.000234046145975
2.96572741492 0.0
2.96850187056 0.0
2.9712763262 0.000702138437924
2.97405078184 0.0
2.97682523748 0.000234046145975
2.97959969311 0.000234046145975
2.98237414875 0.000234046145975
2.98514860439 0.0
2.98792306003 0.0
2.99069751567 0.000234046145975
2.99347197131 0.0
2.99624642694 0.000936184583898
2.99902088258 0.000702138437924
3.00179533822 0.000468092291949
3.00456979386 0.000234046145975
3.0073442495 0.0
3.01011870514 0.0
3.01289316078 0.0
3.01566761641 0.0
3.01844207205 0.0
3.02121652769 0.0
3.02399098333 0.000234046145975
3.02676543897 0.000234046145975
3.02953989461 0.000234046145975
3.03231435024 0.0
3.03508880588 0.000234046145975
3.03786326152 0.000234046145975
3.04063771716 0.0
3.0434121728 0.000234046145975
3.04618662844 0.000234046145975
3.04896108407 0.000234046145975
3.05173553971 0.0
3.05450999535 0.0
3.05728445099 0.000468092291949
3.06005890663 0.0
3.06283336227 0.0
3.06560781791 0.0
3.06838227354 0.000234046145975
3.07115672918 0.0
3.07393118482 0.0
3.07670564046 0.0
3.0794800961 0.000468092291949
3.08225455174 0.000234046145975
3.08502900737 0.000234046145975
3.08780346301 0.0
3.09057791865 0.0
3.09335237429 0.000234046145975
3.09612682993 0.0
3.09890128557 0.0
3.1016757412 0.000468092291949
3.10445019684 0.000234046145975
3.10722465248 0.0
3.10999910812 0.0
3.11277356376 0.0
3.1155480194 0.0
3.11832247504 0.0
3.12109693067 0.0
3.12387138631 0.000234046145975
3.12664584195 0.0
3.12942029759 0.000234046145975
3.13219475323 0.0
3.13496920887 0.0
3.1377436645 0.0
3.14051812014 0.0
3.14329257578 0.0
3.14606703142 0.0
3.14884148706 0.0
3.1516159427 0.0
3.15439039833 0.000234046145975
3.15716485397 0.0
3.15993930961 0.0
3.16271376525 0.0
3.16548822089 0.0
3.16826267653 0.0
3.17103713217 0.0
3.1738115878 0.0
3.17658604344 0.0
3.17936049908 0.0
3.18213495472 0.0
3.18490941036 0.0
3.187683866 0.0
3.19045832163 0.0
3.19323277727 0.0
3.19600723291 0.0
3.19878168855 0.0
3.20155614419 0.0
3.20433059983 0.0
3.20710505546 0.0
3.2098795111 0.0
3.21265396674 0.0
3.21542842238 0.0
3.21820287802 0.000234046145975
3.22097733366 0.0
3.2237517893 0.0
3.22652624493 0.0
3.22930070057 0.0
3.23207515621 0.0
3.23484961185 0.0
3.23762406749 0.0
3.24039852313 0.0
3.24317297876 0.0
3.2459474344 0.0
3.24872189004 0.0
3.25149634568 0.0
3.25427080132 0.0
3.25704525696 0.0
3.25981971259 0.0
3.26259416823 0.0
3.26536862387 0.0
3.26814307951 0.0
3.27091753515 0.0
3.27369199079 0.0
3.27646644643 0.000234046145975
3.27924090206 0.0
3.2820153577 0.0
3.28478981334 0.0
3.28756426898 0.0
3.29033872462 0.0
3.29311318026 0.0
3.29588763589 0.0
3.29866209153 0.0
3.30143654717 0.0
3.30421100281 0.0
3.30698545845 0.0
3.30975991409 0.0
3.31253436972 0.0
3.31530882536 0.0
3.318083281 0.0
3.32085773664 0.0
3.32363219228 0.0
3.32640664792 0.0
3.32918110356 0.0
3.33195555919 0.0
3.33473001483 0.0
3.33750447047 0.0
3.34027892611 0.0
3.34305338175 0.0
3.34582783739 0.0
3.34860229302 0.0
3.35137674866 0.0
3.3541512043 0.0
3.35692565994 0.0
3.35970011558 0.0
3.36247457122 0.0
3.36524902685 0.000234046145975
3.36802348249 0.0
3.37079793813 0.0
3.37357239377 0.0
3.37634684941 0.0
3.37912130505 0.000234046145975
3.38189576069 0.0
3.38467021632 0.0
3.38744467196 0.0
3.3902191276 0.0
3.39299358324 0.0
3.39576803888 0.0
3.39854249452 0.0
3.40131695015 0.0
3.40409140579 0.0
3.40686586143 0.0
3.40964031707 0.0
3.41241477271 0.0
3.41518922835 0.0
3.41796368399 0.0
3.42073813962 0.0
3.42351259526 0.0
3.4262870509 0.0
3.42906150654 0.0
3.43183596218 0.0
3.43461041782 0.0
3.43738487345 0.0
3.44015932909 0.0
3.44293378473 0.0
3.44570824037 0.0
3.44848269601 0.0
3.45125715165 0.0
3.45403160728 0.0
3.45680606292 0.0
3.45958051856 0.0
3.4623549742 0.0
3.46512942984 0.0
3.46790388548 0.0
3.47067834112 0.0
3.47345279675 0.0
3.47622725239 0.0
3.47900170803 0.0
3.48177616367 0.0
3.48455061931 0.0
3.48732507495 0.0
3.49009953058 0.0
3.49287398622 0.0
3.49564844186 0.0
3.4984228975 0.0
3.50119735314 0.0
3.50397180878 0.0
3.50674626441 0.0
3.50952072005 0.0
3.51229517569 0.0
