0.001 2.555287649707768e-10
0.002 1.0224486165915735e-9
0.003 2.3017604913614727e-9
0.004 4.095133504832159e-9
0.005 6.404906284181061e-9
0.006 9.234088834800483e-9
0.007 1.2586364941889902e-8
0.008 1.646609510832092e-8
0.009000000000000001 2.0878320030327564e-8
0.01 2.5828764612857527e-8
0.011 3.13238425267042e-8
0.012 3.7370661309823455e-8
0.013000000000000001 4.397702801552463e-8
0.014 5.1151455410510655e-8
0.015 5.890316872602944e-8
0.016 6.724211296568617e-8
0.017 7.617896077375419e-8
0.018000000000000002 8.572512086811372e-8
0.019 9.58927470422364e-8
0.02 1.0669474774092718e-7
0.021 1.1814479621482879e-7
0.022 1.3025734125898725e-7
0.023 1.4304761854107696e-7
0.024 1.5653166252517613e-7
0.025 1.7072631899728956e-7
0.026000000000000002 1.85649258199112e-7
0.027 2.013189885768305e-7
0.028 2.1775487115207141e-7
0.029 2.3497713452239802e-7
0.03 2.530068904990849e-7
0.031 2.7186615039019205e-7
0.032 2.9157784193728984e-7
0.033 3.121658269144914e-7
0.034 3.336549193987705e-7
0.035 3.560709047208636e-7
0.036000000000000004 3.794405591063794e-7
0.037 4.037916700170603e-7
0.038 4.291530572024733e-7
0.039 4.555545944727349e-7
0.04 4.83027232203214e-7
0.041 5.116030205824863e-7
0.042 5.413151336151569e-7
0.043000000000000003 5.721978938915153e-7
0.044 6.042867981363262e-7
0.045 6.376185435494068e-7
0.046 6.722310549510059e-7
0.047 7.081635127453407e-7
0.048 7.454563817160224e-7
0.049 7.841514406674431e-7
0.05 8.242918129265893e-7
0.051000000000000004 8.659219977200954e-7
0.052000000000000005 9.090879024417347e-7
0.053 9.538368758259208e-7
0.054 1.0002177420431734e-6
0.055 1.0482808357338914e-6
0.056 1.098078037997156e-6
0.057 1.1496628133516939e-6
0.058 1.203090247686518e-6
0.059000000000000004 1.2584170872191627e-6
0.06 1.3157017784798523e-6
0.061 1.3750045093403356e-6
0.062 1.4363872511065397e-6
0.063 1.4999138016946179e-6
0.064 1.5656498299103966e-6
0.065 1.6336629208526336e-6
0.066 1.7040226224609598e-6
0.067 1.7768004932298016e-6
0.068 1.8520701511100112e-6
0.069 1.929907323620421e-6
0.07 2.0103898991919336e-6
0.07100000000000001 2.093597979767274e-6
0.07200000000000001 2.1796139346799496e-6
0.073 2.268522455836456e-6
0.074 2.36041061422624e-6
0.075 2.4553679177843947e-6
0.076 2.553486370632546e-6
0.077 2.6548605337239176e-6
0.078 2.7595875869189993e-6
0.079 2.8677673925187736e-6
0.08 2.9795025602829746e-6
0.081 3.0948985139613343e-6
0.082 3.21406355936631e-6
0.083 3.3371089540163052e-6
0.084 3.4641489783789113e-6
0.085 3.595301008744251e-6
0.08600000000000001 3.7306855917590453e-6
0.08700000000000001 3.870426520652556e-6
0.088 4.014650913186081e-6
0.089 4.163489291358367e-6
0.09 4.317075662899639e-6
0.091 4.47554760458779e-6
0.092 4.6390463474205905e-6
0.093 4.807716863678571e-6
0.094 4.981707955913681e-6
0.095 5.1611723478994655e-6
0.096 5.346266777579152e-6
0.097 5.5371520920485566e-6
0.098 5.733993344611384e-6
0.099 5.936959893945152e-6
0.1 6.146225505416492e-6
0.101 6.3619684545853366e-6
0.10200000000000001 6.5843716329379785e-6
0.10300000000000001 6.813622655889918e-6
0.10400000000000001 7.049913973099646e-6
0.105 7.293442981135625e-6
0.106 7.544412138538999e-6
0.107 7.803029083325535e-6
0.108 8.069506752970812e-6
0.109 8.344063506923346e-6
0.11 8.626923251691175e-6
0.111 8.918315568547957e-6
0.112 9.21847584390547e-6
0.113 9.527645402400015e-6
0.114 9.846071642740989e-6
0.115 0.000010174008176370659
0.116 0.000010511714968984727
0.117 0.00001085945848496436
0.11800000000000001 0.000011217511834770565
0.11900000000000001 0.0000115861549253532
0.12 0.000011965674613626966
0.121 0.000012356364863068157
0.122 0.000012758526903486166
0.123 0.000013172469394024856
0.124 0.000013598508589449554
0.125 0.000014036968509776236
0.126 0.000014488181113300268
0.127 0.000014952486473082917
0.128 0.000015430232956954376
0.129 0.00001592177741109352
0.13 0.000016427485347244474
0.131 0.00001694773113363178
0.132 0.00001748289818963634
0.133 0.000018033379184295076
0.134 0.00001859957623868836
0.135 0.00001918190113228003
0.136 0.000019780775513275464
0.137 0.000020396631113064338
0.138 0.00002102990996481531
0.139 0.000021681064626290987
0.14 0.000022350558406952044
0.14100000000000001 0.000023038865599420668
0.14200000000000002 0.000023746471715374152
0.14300000000000002 0.000024473873725940235
0.14400000000000002 0.000025221580306666938
0.145 0.000025990112087140534
0.146 0.000026780001905325894
0.147 0.00002759179506670449
0.148 0.00002842604960828679
0.149 0.000029283336567575683
0.15 0.00003016424025655914
0.151 0.000031069358540811505
0.152 0.000031999303123782934
0.153 0.000032954699836357996
0.154 0.00003393618893176535
0.155 0.000034944425385921166
0.156 0.000035980079203290097
0.157 0.00003704383572834806
0.158 0.00003813639596273302
0.159 0.000039258476888170144
0.16 0.00004041081179525794
0.161 0.00004159415061820556
0.162 0.00004280926027560894
0.163 0.000044056925017357416
0.164 0.00004533794677776102
0.165 0.000046653145534992005
0.166 0.00004800335967693285
0.167 0.00004938944637352521
0.168 0.00005081228195571515
0.169 0.00005227276230109101
0.17 0.00005377180322631052
0.171 0.00005531034088641511
0.17200000000000001 0.00005688933218113157
0.17300000000000001 0.00005850975516825985
0.17400000000000002 0.000060172609484248246
0.17500000000000002 0.00006187891677205831
0.176 0.00006362972111642239
0.177 0.00006542608948659737
0.178 0.00006726911218671838
0.179 0.00006915990331386108
0.18 0.00007109960122391628
0.181 0.00007308936900538578
0.182 0.00007513039496120882
0.183 0.00007722389309872689
0.184 0.00007937110362789932
0.185 0.00008157329346787912
0.186 0.00008383175676206343
0.187 0.0000861478154017305
0.188 0.00008852281955837732
0.189 0.00009095814822487421
0.19 0.00009345520976555114
0.191 0.00009601544247533367
0.192 0.00009864031514804483
0.193 0.00010133132765399386
0.194 0.0001040900115269697
0.195 0.0001069179305607596
0.196 0.00010981668141531536
0.197 0.00011278789423268852
0.198 0.00011583323326285776
0.199 0.0001189543974995712
0.2 0.00012215312132633085
0.201 0.0001254311751726424
0.202 0.0001287903661806566
0.203 0.00013223253888233028
0.20400000000000001 0.0001357595758872359
0.20500000000000002 0.00013937339858114488
0.20600000000000002 0.00014307596783551604
0.20700000000000002 0.00014686928472802088
0.20800000000000002 0.00015075539127423301
0.209 0.00015473637117061526
0.21 0.00015881435054893636
0.211 0.00016299149874225038
0.212 0.00016727002906257146
0.213 0.0001716521995903777
0.214 0.00017614031397608157
0.215 0.00018073672225359908
0.216 0.00018544382166615426
0.217 0.0001902640575044578
0.218 0.00019519992395739346
0.219 0.00020025396497535354
0.22 0.0002054287751463557
0.221 0.00021072700058508771
0.222 0.00021615133983501295
0.223 0.00022170454478367507
0.224 0.00022738942159135017
0.225 0.0002332088316331758
0.226 0.00023916569245490535
0.227 0.00024526297874242396
0.228 0.00025150372330517105
0.229 0.00025789101807360815
0.23 0.00026442801511087277
0.231 0.00027111792763876395
0.232 0.00027796403107820014
0.233 0.00028496966410428853
0.234 0.0002921382297161527
0.23500000000000001 0.0002994731963216592
0.23600000000000002 0.0003069780988371857
0.23700000000000002 0.00031465653980257164
0.23800000000000002 0.00032251219051139627
0.23900000000000002 0.000330548792156729
0.24 0.00033877015699248543
0.241 0.0003471801695105421
0.242 0.0003557827876337457
0.243 0.0003645820439249611
0.244 0.00037358204681229727
0.245 0.0003827869818306577
0.246 0.00039220111287975183
0.247 0.0004018287834987091
0.248 0.00041167441815743826
0.249 0.000421742523564871
0.25 0.00043203768999422915
0.251 0.0004425645926254503
0.252 0.0004533279929049217
0.253 0.0004643327399226477
0.254 0.00047558377180699333
0.255 0.0004870861171371431
0.256 0.0004988448963734055
0.257 0.0005108653233055038
0.258 0.0005231527065189767
0.259 0.0005357124508798399
0.26 0.0005485500590376213
0.261 0.0005616711329469114
0.262 0.000575081375407561
0.263 0.0005887865916236501
0.264 0.0006027926907813497
0.265 0.0006171056876458255
0.266 0.0006317317041772781
0.267 0.0006466769711662661
0.268 0.0006619478298884325
0.269 0.000677550733778739
0.27 0.0006934922501253463
0.271 0.0007097790617832544
0.272 0.0007264179689078043
0.273 0.0007434158907081758
0.274 0.0007607798672209864
0.275 0.0007785170611040911
0.276 0.0007966347594507113
0.277 0.000815140375623987
0.278 0.000834041451112054
0.279 0.000853345657403769
0.28 0.0008730607978851529
0.281 0.0008931948097566735
0.28200000000000003 0.0009137557659714658
0.28300000000000003 0.0009347518771945543
0.28400000000000003 0.0009561914937832031
0.28500000000000003 0.0009780831077884655
0.28600000000000003 0.0010004353549780134
0.28700000000000003 0.001023257016880337
0.28800000000000003 0.0010465570228504106
0.289 0.001070344452156855
0.29 0.0010946285360907365
0.291 0.0011194186600960124
0.292 0.0011447243659217247
0.293 0.001170555353796008
0.294 0.0011969214846219611
0.295 0.0012238327821954347
0.296 0.0012512994354448139
0.297 0.0012793318006928372
0.298 0.0013079404039404645
0.299 0.0013371359431729134
0.3 0.0013669292906878351
0.301 0.0013973314954456792
0.302 0.0014283537854423258
0.303 0.0014600075701039538
0.304 0.0014923044427042015
0.305 0.0015252561828036377
0.306 0.0015588747587115467
0.307 0.0015931723299700505
0.308 0.0016281612498605805
0.309 0.001663854067932661
0.31 0.0017002635325550602
0.311 0.0017374025934892793
0.312 0.0017752844044853072
0.313 0.0018139223258997446
0.314 0.0018533299273361733
0.315 0.0018935209903077565
0.316 0.0019345095109221068
0.317 0.0019763097025883056
0.318 0.0020189359987460354
0.319 0.002062403055616859
0.32 0.002106725754977479
0.321 0.002151919206954985
0.322 0.0021979987528440207
0.323 0.002244979967945739
0.324 0.002292878664428565
0.325 0.0023417108942105995
0.326 0.002391492951863569
0.327 0.0024422413775383096
0.328 0.0024939729599116078
0.329 0.002546704739154255
0.33 0.0026004540099203214
0.331 0.00265523832435742
0.332 0.00271107549513782
0.333 0.002767983598510403
0.334 0.0028259809773731113
0.335 0.002885086244365961
0.336 0.0029453182849842763
0.337 0.003006696260712047
0.338 0.0030692396121752953
0.339 0.0031329680623151633
0.34 0.003197901619580561
0.341 0.0032640605811402527
0.342 0.003331465536114084
0.343 0.0034001373688231228
0.34400000000000003 0.0034700972620586327
0.34500000000000003 0.0035413667003694866
0.34600000000000003 0.0036139674733678
0.34700000000000003 0.0036879216790527405
0.34800000000000003 0.0037632517271518934
0.34900000000000003 0.003839980342480289
0.35000000000000003 0.003918130568316601
0.35100000000000003 0.003997725769796207
0.352 0.004078789637321019
0.353 0.004161346189985635
0.354 0.0042454197790193935
0.355 0.00433103509124435
0.356 0.004418217152548527
0.357 0.004506991331374174
0.358 0.004597383342220855
0.359 0.0046894192491628035
0.36 0.004783125469380221
0.361 0.004878528776704282
0.362 0.0049756563051752585
0.363 0.005074535552613496
0.364 0.005175194384202845
0.365 0.005277661036085948
0.366 0.005381964118971248
0.367 0.0054881326217510774
0.368 0.005596195915130282
0.369 0.005706183755265292
0.37 0.005818126287412798
0.371 0.005932054049587647
0.372 0.006047997976229652
0.373 0.006165989401878621
0.374 0.006286060064857003
0.375 0.0064082421109599936
0.376 0.006532568097152179
0.377 0.006659070995270359
0.378 0.006787784195732005
0.379 0.006918741511248622
0.38 0.007051977180543694
0.381 0.00718752587207439
0.382 0.007325422687756439
0.383 0.007465703166691783
0.384 0.007608403288898144
0.385 0.007753559479039826
0.386 0.007901208610159435
0.387 0.008051388007409533
0.388 0.008204135451783511
0.389 0.008359489183845405
0.39 0.008517487907457523
0.391 0.008678170793505224
0.392 0.008841577483618548
0.393 0.009007748093889274
0.394 0.009176723218583305
0.395 0.00934854393384727
0.396 0.009523251801408467
0.397 0.009700888872267796
0.398 0.009881497690384523
0.399 0.010065121296351972
0.4 0.010251803231063852
0.401 0.010441587539369858
0.402 0.01063451877371971
0.403 0.010830641997795395
0.404 0.011030002790129827
0.405 0.011232647247711723
0.406 0.011438621989575674
0.40700000000000003 0.011647974160376048
0.40800000000000003 0.01186075143394455
0.40900000000000003 0.012077002016829916
0.41000000000000003 0.012296774651818823
0.41100000000000003 0.012520118621437577
0.41200000000000003 0.012747083751433021
0.41300000000000003 0.01297772041423178
0.41400000000000003 0.013212079532377283
0.41500000000000004 0.013450212581943023
0.41600000000000004 0.01369217159592113
0.417 0.013938009167585736
0.418 0.014187778453829257
0.419 0.014441533178471074
0.42 0.014699327635537654
0.421 0.014961216692512469
0.422 0.015227255793555137
0.423 0.01549750096268853
0.424 0.015772008806952363
0.425 0.016050836519522837
0.426 0.01633404188279673
0.427 0.01662168327143846
0.428 0.016913819655389902
0.429 0.017210510602840987
0.43 0.01751181628315987
0.431 0.01781779746978219
0.432 0.01812851554305752
0.433 0.018444032493051734
0.434 0.01876441092230504
0.435 0.01908971404854274
0.436 0.019420005707339375
0.437 0.019755350354733532
0.438 0.02009581306979242
0.439 0.020441459557125532
0.44 0.020792356149345385
0.441 0.02114856980947392
0.442 0.02151016813329414
0.443 0.02187721935164491
0.444 0.022249792332657305
0.445 0.022627956583932317
0.446 0.02301178225465754
0.447 0.023401340137661354
0.448 0.023796701671404647
0.449 0.024197938941906617
0.45 0.02460512468460494
0.451 0.025018332286148488
0.452 0.02543763578612017
0.453 0.025863109878690175
0.454 0.026294829914196956
0.455 0.026732871900654497
0.456 0.02717731250518546
0.457 0.027628229055377887
0.458 0.028085699540563617
0.459 0.028549802613018597
0.46 0.029020617589081612
0.461 0.029498224450191273
0.462 0.029982703843839748
0.463 0.030474137084440727
0.464 0.03097260615411117
0.465 0.03147819370336532
0.466 0.03199098305171816
0.467 0.032511058188198806
0.468 0.03303850377177097
0.46900000000000003 0.03357340513165848
0.47000000000000003 0.034115848267576465
0.47100000000000003 0.0346659198498647
0.47200000000000003 0.0352237072195216
0.47300000000000003 0.03578929838813951
0.47400000000000003 0.03636278203773668
0.47500000000000003 0.03694424752048661
0.47600000000000003 0.03753378485834297
0.47700000000000004 0.03813148474255708
0.47800000000000004 0.03873743853308811
0.47900000000000004 0.039351738257904084
0.48 0.03997447661217095
0.481 0.04060574695732973
0.482 0.041245643320059734
0.483 0.04189426039112514
0.484 0.04255169352410554
0.485 0.04321803873400715
0.486 0.043893392695753396
0.487 0.044577852742554464
0.488 0.045271516864153205
0.489 0.04597448370494544
0.49 0.04668685256197521
0.491 0.047408723382800874
0.492 0.04814019676323202
0.493 0.048881373944936427
0.494 0.04963235681291254
0.495 0.050393247892829965
0.496 0.05116415034823352
0.497 0.0519451679776097
0.498 0.052736405211316034
0.499 0.0535379671083698
0.5 0.05434995935309457
0.501 0.05517248825162534
0.502 0.05600566072826853
0.503 0.05684958432171547
0.504 0.05770436718111036
0.505 0.0585701180619682
0.506 0.05944694632194252
0.507 0.06033496191644325
0.508 0.06123427539410002
0.509 0.062144997892071355
0.51 0.0630672411312
0.511 0.06400111741100849
0.512 0.06494673960453884
0.513 0.06590422115303159
0.514 0.06687367606044313
0.515 0.06785521888780224
0.516 0.06884896474740251
0.517 0.06985502929682871
0.518 0.07087352873281948
0.519 0.07190457978496063
0.52 0.07294829970921048
0.521 0.07400480628125636
0.522 0.07507421778969912
0.523 0.07615665302906582
0.524 0.07725223129264991
0.525 0.07836107236517603
0.526 0.07948329651528986
0.527 0.08061902448787181
0.528 0.08176837749617255
0.529 0.08293147721377098
0.53 0.08410844576635051
0.531 0.08529940572329746
0.532 0.08650448008911502
0.533 0.08772379229465795
0.534 0.08895746618818082
0.535 0.09020562602620397
0.536 0.09146839646419305
0.537 0.09274590254705392
0.538 0.09403826969943899
0.539 0.09534562371586791
0.54 0.09666809075065823
0.541 0.09800579730766897
0.542 0.09935887022985163
0.543 0.1007274366886137
0.544 0.10211162417298933
0.545 0.10351156047861908
0.546 0.10492737369653794
0.547 0.10635919220176877
0.548 0.10780714464172533
0.549 0.10927135992441855
0.55 0.11075196720647101
0.551 0.1122490958809367
0.552 0.11376287556492455
0.553 0.11529343608702715
0.554 0.11684090747455572
0.555 0.11840541994057623
0.556 0.11998710387075229
0.557 0.12158608980999201
0.558 0.12320250844889492
0.559 0.12483649061000658
0.56 0.1264881672338765
0.561 0.12815766936491435
0.562 0.12984512813705795
0.5630000000000001 0.13155067475923907
0.5640000000000001 0.13327444050065365
0.5650000000000001 0.13501655667583773
0.5660000000000001 0.1367771546295461
0.5670000000000001 0.13855636572143562
0.5680000000000001 0.14035432131055364
0.5690000000000001 0.14217115273963
0.5700000000000001 0.14400699131917505
0.5710000000000001 0.14586196831138373
0.5720000000000001 0.1477362149138446
0.5730000000000001 0.14962986224305674
0.5740000000000001 0.15154304131775356
0.5750000000000001 0.15347588304203322
0.5760000000000001 0.15542851818829798
0.577 0.15740107738000333
0.578 0.1593936910742174
0.579 0.16140648954398767
0.58 0.1634396028605238
0.581 0.16549316087518845
0.582 0.1675672932013045
0.583 0.1696621291957738
0.584 0.17177779794051434
0.585 0.17391442822371048
0.586 0.17607214852088302
0.587 0.1782510869757766
0.588 0.1804513713810671
0.589 0.18267312915889022
0.59 0.18491648734119423
0.591 0.1871815725499135
0.592 0.1894685109769697
0.593 0.19177742836410094
0.594 0.1941084499825134
0.595 0.19646170061237075
0.596 0.1988373045221105
0.597 0.20123538544759495
0.598 0.20365606657109556
0.599 0.20609947050012092
0.6 0.20856571924607017
0.601 0.2110549342027437
0.602 0.213567236124684
0.603 0.2161027451053666
0.604 0.2186615805552404
0.605 0.22124386117960654
0.606 0.2238497049563638
0.607 0.22647922911359525
0.608 0.2291325501070162
0.609 0.23180978359727836
0.61 0.23451104442714032
0.611 0.2372364465984879
0.612 0.23998610324923764
0.613 0.24276012663009575
0.614 0.24555862808119142
0.615 0.24838171800859
0.616 0.25122950586067094
0.617 0.25410210010439405
0.618 0.2569996082014467
0.619 0.2599221365842747
0.62 0.2628697906319987
0.621 0.26584267464623196
0.622 0.2688408918267739
0.623 0.2718645442472227
0.624 0.27491373283047305
0.625 0.27798855732412464
0.626 0.28108911627579813
0.627 0.28421550700835785
0.628 0.287367825595049
0.629 0.2905461668345611
0.63 0.2937506242260005
0.631 0.29698128994379563
0.632 0.3002382548125289
0.633 0.3035216082816999
0.634 0.3068314384004201
0.635 0.3101678317920617
0.636 0.31353087362883225
0.637 0.31692064760630945
0.638 0.32033723591792396
0.639 0.32378071922939133
0.64 0.32725117665311493
0.641 0.33074868572254634
0.642 0.33427332236650986
0.643 0.33782516088351283
0.644 0.3414042739160124
0.645 0.34501073242467983
0.646 0.34864460566264394
0.647 0.3523059611497239
0.648 0.35599486464665514
0.649 0.35971138012931914
0.65 0.3634555697629645
0.651 0.3672274938764508
0.652 0.3710272109364958
0.653 0.37485477752193774
0.654 0.3787102482980317
0.655 0.3825936759907538
0.656 0.3865051113611517
0.657 0.3904446031797294
0.658 0.39441219820086637
0.659 0.3984079411372877
0.66 0.40243187463458874
0.661 0.4064840392458069
0.662 0.41056447340605684
0.663 0.41467321340724295
0.664 0.4188102933728282
0.665 0.42297574523269177
0.666 0.42716959869805654
0.667 0.4313918812365096
0.668 0.43564261804712245
0.669 0.4399218320356561
0.67 0.44422954378987245
0.671 0.4485657715549649
0.672 0.45293053120908255
0.673 0.4573238362389866
0.674 0.46174569771583696
0.675 0.466196124271091
0.676 0.47067512207255113
0.677 0.4751826948005534
0.678 0.47971884362429135
0.679 0.484283567178299
0.68 0.488876861539099
0.681 0.493498720201998
0.682 0.4981491340580662
0.683 0.5028280913712782
0.684 0.5075355777558365
0.685 0.5122715761536919
0.686 0.5170360668122426
0.687 0.5218290272622327
0.6880000000000001 0.5266504322958601
0.6890000000000001 0.531500253945083
0.6900000000000001 0.53637846146014
0.6910000000000001 0.5412850212883061
0.6920000000000001 0.546219897052856
0.6930000000000001 0.5511830495322688
0.6940000000000001 0.5561744366396615
0.6950000000000001 0.5611940134024667
0.6960000000000001 0.5662417319423736
0.6970000000000001 0.571317541455498
0.6980000000000001 0.5764213881928311
0.6990000000000001 0.5815532154409491
0.7000000000000001 0.5867129635029861
0.7010000000000001 0.5919005696798874
0.7020000000000001 0.5971159682519589
0.7030000000000001 0.6023590904606796
0.704 0.6076298644908383
0.705 0.6129282154529372
0.706 0.618254065365918
0.707 0.6236073331402049
0.708 0.6289879345610531
0.709 0.6343957822722198
0.71 0.6398307857599621
0.711 0.6452928513373862
0.712 0.6507818821290943
0.713 0.6562977780562202
0.714 0.6618404358217915
0.715 0.6674097488964424
0.716 0.6730056075045087
0.717 0.6786278986104625
0.718 0.6842765059057253
0.719 0.6899513097958827
0.72 0.6956521873882403
0.721 0.7013790124797943
0.722 0.7071316555455955
0.723 0.7129099837274778
0.724 0.718713860823235
0.725 0.7245431472761731
0.726 0.7303977001650876
0.727 0.7362773731946572
0.728 0.7421820166862524
0.729 0.7481114775691805
0.73 0.7540655993723643
0.731 0.7600442222164464
0.732 0.766047182806347
0.733 0.772074314424268
0.734 0.7781254469231348
0.735 0.7842004067204993
0.736 0.7902990167929211
0.737 0.7964210966707886
0.738 0.8025664624336223
0.739 0.8087349267058553
0.74 0.8149262986530617
0.741 0.8211403839787174
0.742 0.8273769849214074
0.743 0.8336359002525265
0.744 0.8399169252745043
0.745 0.8462198518194868
0.746 0.852544468248539
0.747 0.8588905594513706
0.748 0.8652579068465374
0.749 0.8716462883821781
0.75 0.8780554785372707
0.751 0.8844852483233733
0.752 0.8909353652869411
0.753 0.8974055935121273
0.754 0.9038956936241346
0.755 0.9104054227930992
0.756 0.9169345347384918
0.757 0.9234827797340782
0.758 0.930049904613417
0.759 0.9366356527758976
0.76 0.9432397641933216
0.761 0.9498619754170479
0.762 0.9565020195856736
0.763 0.9631596264332676
0.764 0.9698345222981923
0.765 0.9765264301324365
0.766 0.9832350695115568
0.767 0.989960156645147
0.768 0.9967014043878714
0.769 1.003458522251106
0.77 1.0102312164150977
0.771 1.0170191897417225
0.772 1.023822141787813
0.773 1.0306397688190436
0.774 1.0374717638243924
0.775 1.0443178165312028
0.776 1.051177613420795
0.777 1.0580508377446476
0.778 1.0649371695411978
0.779 1.0718362856531725
0.78 1.0787478597455107
0.781 1.0856715623239035
0.782 1.0926070607538532
0.783 1.0995540192803712
0.784 1.1065120990481931
0.785 1.1134809581226253
0.786 1.1204602515109605
0.787 1.1274496311844493
0.788 1.134448746100878
0.789 1.1414572422277132
0.79 1.148474762565822
0.791 1.1555009471737565
0.792 1.1625354331926632
0.793 1.169577854871704
0.794 1.1766278435941102
0.795 1.1836850279037585
0.796 1.190749033532346
0.797 1.197819483427134
0.798 1.2048959977792584
0.799 1.2119781940526018
0.8 1.219065687013243
0.801 1.2261580887594505
0.802 1.2332550087522292
0.803 1.2403560538464835
0.804 1.247460828322657
0.805 1.2545689339189956
0.806 1.2616799698643038
0.807 1.2687935329112898
0.808 1.2759092173704303
0.809 1.2830266151444032
0.81 1.290145315763034
0.811 1.2972649064187993
0.812 1.304384972002844
0.8130000000000001 1.3115050951415148
0.8140000000000001 1.3186248562334932
0.8150000000000001 1.3257438334873417
0.8160000000000001 1.3328616029596527
0.8170000000000001 1.3399777385936797
0.8180000000000001 1.347091812258471
0.8190000000000001 1.3542033937884947
0.8200000000000001 1.3613120510238332
0.8210000000000001 1.3684173498507881
0.8220000000000001 1.3755188542430385
0.8230000000000001 1.3826161263032437
0.8240000000000001 1.3897087263051529
0.8250000000000001 1.3967962127361881
0.8260000000000001 1.4038781423404936
0.8270000000000001 1.410954070162452
0.8280000000000001 1.418023549590674
0.8290000000000001 1.4250861324024202
0.8300000000000001 1.4321413688084708
0.8310000000000001 1.4391888074984929
0.8320000000000001 1.446227995686766
0.833 1.453258479158427
0.834 1.460279802316039
0.835 1.4672915082266815
0.836 1.4742931386693685
0.837 1.481284234182956
0.838 1.4882643341143762
0.839 1.4952329766673065
0.84 1.5021896989512362
0.841 1.5091340370308346
0.842 1.516065525975824
0.843 1.5229836999110944
0.844 1.5298880920672426
0.845 1.53677823483147
0.846 1.5436536597987718
0.847 1.5505138978234883
0.848 1.5573584790712396
0.849 1.5641869330710811
0.85 1.570998788768052
0.851 1.5777935745759977
0.852 1.5845708184306964
0.853 1.591330047843243
0.854 1.5980707899537903
0.855 1.6047925715854778
0.856 1.6114949192987003
0.857 1.6181773594455569
0.858 1.6248394182246086
0.859 1.6314806217358424
0.86 1.638100496035904
0.861 1.6446985671934684
0.862 1.6512743613449579
0.863 1.6578274047502994
0.864 1.6643572238490163
0.865 1.6708633453164263
0.866 1.677345296120061
0.867 1.6838026035762201
0.868 1.6902347954066816
0.869 1.6966413997955863
0.87 1.7030219454464453
0.871 1.7093759616392954
0.872 1.7157029782879203
0.873 1.7220025259972727
0.874 1.7282741361208942
0.875 1.7345173408185008
0.876 1.7407316731136269
0.877 1.7469166669513307
0.878 1.753071857255962
0.879 1.759196779989024
0.88 1.7652909722069987
0.881 1.7713539721192366
0.882 1.7773853191459317
0.883 1.7833845539760023
0.884 1.789351218625058
0.885 1.7952848564932944
0.886 1.8011850124234035
0.887 1.8070512327584558
0.888 1.8128830653997405
0.889 1.818680059864529
0.89 1.824441767343827
0.891 1.8301677407600072
0.892 1.8358575348243682
0.893 1.8415107060946645
0.894 1.8471268130324345
0.895 1.8527054160603222
0.896 1.858246077619169
0.897 1.863748362225066
0.898 1.8692118365261956
0.899 1.8746360693595732
0.9 1.8800206318075943
0.901 1.8853650972544178
0.902 1.8906690414421479
0.903 1.8959320425268296
0.904 1.9011536811342737
0.905 1.9063335404156128
0.906 1.9114712061026682
0.907 1.9165662665630605
0.908 1.9216183128550854
0.909 1.9266269387823198
0.91 1.9315917409479948
0.911 1.9365123188090398
0.912 1.941388274729908
0.913 1.9462192140360215
0.914 1.9510047450669712
0.915 1.9557444792293917
0.916 1.9604380310494838
0.917 1.9650850182252402
0.918 1.9696850616782644
0.919 1.9742377856052984
0.92 1.978742817529325
0.921 1.9831997883503532
0.922 1.9876083323957685
0.923 1.9919680874703256
0.924 1.9962786949056877
0.925 2.0005397996096033
0.926 2.004751050114615
0.927 2.008912098626393
0.928 2.0130226010715417
0.929 2.017082217145056
0.93 2.0210906103572217
0.931 2.0250474480800777
0.932 2.028952401593464
0.933 2.032805146130458
0.934 2.036605360922453
0.935 2.040352729243606
0.936 2.0440469384548425
0.937 2.047687680047317
0.9380000000000001 2.0512746496853644
0.9390000000000001 2.0548075472488776
0.9400000000000001 2.0582860768751856
0.9410000000000001 2.0617099470002986
0.9420000000000001 2.0650788703996654
0.9430000000000001 2.0683925642283123
0.9440000000000001 2.07165075006043
0.9450000000000001 2.0748531539283994
0.9460000000000001 2.077999506361089
0.9470000000000001 2.081089542421751
0.9480000000000001 2.0841230017451102
0.9490000000000001 2.087099628574001
0.9500000000000001 2.090019171795252
0.9510000000000001 2.092881384975046
0.9520000000000001 2.0956860263935257
0.9530000000000001 2.098432859078871
0.9540000000000001 2.1011216508406125
0.9550000000000001 2.1037521743024
0.9560000000000001 2.1063242069340333
0.9570000000000001 2.108837531082809
0.9580000000000001 2.1112919340042415
0.9590000000000001 2.113687207892082
0.96 2.116023149907604
0.961 2.1182995622082883
0.962 2.1205162519757006
0.963 2.122673031442751
0.964 2.1247697179201706
0.965 2.1268061338223023
0.966 2.1287821066921953
0.967 2.130697469225929
0.968 2.132552059296237
0.969 2.134345719975344
0.97 2.136078299557139
0.971 2.1377496515785257
0.972 2.1393596348400727
0.973 2.140908113425904
0.974 2.142394956722825
0.975 2.1438200394386504
0.976 2.1451832416198156
0.977 2.146484448668239
0.978 2.147723551357312
0.979 2.1489004458472594
0.98 2.150015033699571
0.981 2.151067221890746
0.982 2.1520569228252406
0.983 2.1529840543476157
0.984 2.153848539753879
0.985 2.154650307802104
0.986 2.1553892927221665
0.987 2.1560654342247054
0.988 2.156678677509384
0.989 2.1572289732722343
0.99 2.157716277712235
0.991 2.1581405525371435
0.992 2.158501764968455
0.993 2.158799887745569
0.994 2.159034899129213
0.995 2.159206782904003
0.996 2.1593155283802252
0.997 2.1593611303947786
0.998 2.1593435893113777
0.999 2.1592629110198702
1. 2.159119106934828
1.0010000000000001 2.1589121939932863
1.002 2.158642194651702
1.0030000000000001 2.158309136882078
1.004 2.1579130541673215
1.0050000000000001 2.1574539854957884
1.006 2.156931975355006
1.0070000000000001 2.1563470737246733
1.008 2.1556993360687478
1.0090000000000001 2.1549888233268524
1.01 2.1542156019047636
1.0110000000000001 2.153379743664268
1.012 2.1524813259121136
1.0130000000000001 2.1515204313881635
1.014 2.1504971482528785
1.0150000000000001 2.1494115700739065
1.016 2.148263795811891
1.0170000000000001 2.1470539298056535
1.018 2.1457820817564266
1.0190000000000001 2.144448366711398
1.02 2.14305290504649
1.0210000000000001 2.1415958224483425
1.022 2.1400772498956075
1.0230000000000001 2.1384973236394074
1.024 2.1368561851831114
1.025 2.1351539812612828
1.026 2.1333908638180152
1.027 2.131566989984344
1.028 2.129682522055143
1.029 2.1277376274650983
1.03 2.1257324787641454
1.031 2.123667253591953
1.032 2.121542134651929
1.033 2.1193573096843905
1.034 2.1171129714390546
1.035 2.1148093176468503
1.036 2.112446550991022
1.037 2.110024879077548
1.038 2.107544514404884
1.039 2.1050056743330607
1.04 2.1024085810520647
1.041 2.0997534615496107
1.042 2.0970405475782417
1.043 2.094270075621708
1.044 2.0914422868608864
1.045 2.0885574271388507
1.046 2.085615746925492
1.047 2.082617501281442
1.048 2.0795629498213177
1.049 2.0764523566765773
1.05 2.0732859904574865
1.051 2.0700641242147473
1.052 2.066787035400412
1.053 2.063455005828247
1.054 2.0600683216336027
1.055 2.0566272732325293
1.056 2.053132155280651
1.057 2.049583266631197
1.058 2.0459809102926596
1.059 2.0423253933859233
1.06 2.038617027100809
1.061 2.0348561266522043
1.062 2.0310430112355773
1.063 2.027178003982086
1.064 2.023261431913223
1.065 2.0192936258948917
1.066 2.0152749205911094
1.067 2.0112056544171946
1.068 2.0070861694925646
1.069 2.00291681159305
1.07 1.9986979301027752
1.071 1.9944298779657004
1.072 1.9901130116366552
1.073 1.985747691032032
1.074 1.9813342794800473
1.075 1.9768731436707063
1.076 1.9723646536053003
1.077 1.9678091825455577
1.078 1.9632071069625763
1.079 1.9585588064851411
1.08 1.9538646638480337
1.081 1.949125064839802
1.082 1.9443403982502347
1.083 1.9395110558176663
1.084 1.9346374321758286
1.085 1.9297199248005317
1.086 1.9247589339560536
1.087 1.919754862641173
1.088 1.9147081165351292
1.089 1.9096191039431432
1.09 1.9044882357418917
1.091 1.8993159253245953
1.092 1.8941025885460065
1.093 1.8888486436671696
1.094 1.8835545112999328
1.095 1.878220614351424
1.096 1.8728473779681285
1.097 1.8674352294800436
1.098 1.8619845983445633
1.099 1.8564959160901424
1.1 1.850969616260081
1.101 1.8454061343558952
1.102 1.8398059077807922
1.103 1.834169375782973
1.104 1.8284969793987804
1.105 1.8227891613959137
1.106 1.8170463662164449
1.107 1.8112690399198488
1.108 1.805457630125938
1.109 1.7996125859577914
1.11 1.7937343579846736
1.111 1.7878233981648397
1.112 1.7818801597885037
1.113 1.7759050974206205
1.114 1.769898666843759
1.115 1.763861325001093
1.116 1.7577935299392127
1.117 1.7516957407512168
1.118 1.74556841751962
1.119 1.7394120212595567
1.12 1.7332270138618215
1.121 1.7270138580361494
1.122 1.7207730172545996
1.123 1.7145049556948635
1.124 1.7082101381838946
1.125 1.7018890301415177
1.1260000000000001 1.695542097524167
1.127 1.689169806768894
1.1280000000000001 1.6827726247373205
1.129 1.6763510186599415
1.1300000000000001 1.6699054560804307
1.131 1.663436404800253
1.1320000000000001 1.6569443328233513
1.133 1.6504297083010735
1.1340000000000001 1.6438929994773466
1.135 1.637334674633929
1.1360000000000001 1.6307552020359986
1.137 1.624155049877972
1.1380000000000001 1.6175346862293996
1.139 1.6108945789813431
1.1400000000000001 1.6042351957927665
1.141 1.5975570040373748
1.1420000000000001 1.5908604707506067
1.143 1.5841460625769215
1.1440000000000001 1.577414245717421
1.145 1.5706654858776892
1.1460000000000001 1.5639002482160203
1.147 1.5571189972918287
1.1480000000000001 1.5503221970144774
1.149 1.5435103105924468
1.1500000000000001 1.536683800482672
1.151 1.529843128340422
1.1520000000000001 1.5229887549693768
1.153 1.5161211402721115
1.154 1.5092407432009463
1.155 1.5023480217091063
1.156 1.495443432702351
1.157 1.4885274319908433
1.158 1.4816004742415572
1.159 1.474663012930955
1.16 1.4677155002981035
1.161 1.4607583872982357
1.162 1.453792123556635
1.163 1.4468171573230213
1.164 1.439833935426304
1.165 1.4328429032297587
1.166 1.425844504586709
1.167 1.418839181796532
1.168 1.411827375561234
1.169 1.404809524942344
1.17 1.3977860673183768
1.171 1.3907574383426993
1.172 1.3837240719018524
1.173 1.3766864000743917
1.174 1.3696448530901135
1.175 1.3625998592898811
1.176 1.355551845085832
1.177 1.3485012349220973
1.178 1.341448451236073
1.179 1.3343939144200787
1.18 1.3273380427836456
1.181 1.3202812525161463
1.182 1.3132239576501255
1.183 1.3061665700249667
1.184 1.2991094992511774
1.185 1.2920531526751768
1.186 1.2849979353445369
1.187 1.2779442499738667
1.188 1.2708924969111053
1.189 1.263843074104422
1.19 1.2567963770696549
1.191 1.2497527988581536
1.192 1.2427127300254122
1.193 1.2356765585999443
1.194 1.228644670052948
1.195 1.2216174472683743
1.196 1.2145952705135912
1.197 1.2075785174106237
1.198 1.2005675629078292
1.199 1.1935627792522867
1.2 1.1865645359626313
1.201 1.1795731998024597
1.202 1.1725891347543487
1.203 1.1656127019943086
1.204 1.15864425986695
1.205 1.151684163861107
1.206 1.1447327665860376
1.207 1.1377904177482325
1.208 1.1308574641286893
1.209 1.1239342495608569
1.21 1.1170211149090965
1.211 1.1101183980476654
1.212 1.103226433840357
1.213 1.0963455541205709
1.214 1.0894760876721252
1.215 1.0826183602104253
1.216 1.075772694364371
1.217 1.0689394096587348
1.218 1.062118822497105
1.219 1.0553112461454432
1.22 1.0485169907161047
1.221 1.0417363631525245
1.222 1.034969667214401
1.223 1.0282172034634336
1.224 1.0214792692496801
1.225 1.014756158698329
1.226 1.0080481626972095
1.227 1.0013555688846947
1.228 0.9946786616382536
1.229 0.9880177220635267
1.23 0.9813730279838587
1.231 0.9747448539305708
1.232 0.9681334711335547
1.233 0.961539147512576
1.234 0.9549621476690363
1.235 0.9484027328782412
1.236 0.9418611610823389
1.237 0.935337686883583
1.238 0.9288325615383317
1.239 0.9223460329514187
1.24 0.9158783456711372
1.241 0.9094297408847264
1.242 0.9030004564142908
1.243 0.8965907267133881
1.244 0.890200782864008
1.245 0.8838308525740839
1.246 0.877481160175561
1.247 0.8711519266228609
1.248 0.8648433694920055
1.249 0.858555702980032
1.25 0.8522891379050767
1.2510000000000001 0.8460438817068774
1.252 0.8398201384477031
1.2530000000000001 0.8336181088138912
1.254 0.8274379901177101
1.2550000000000001 0.8212799762998318
1.256 0.8151442579322166
1.2570000000000001 0.8090310222213865
1.258 0.8029404530123246
1.2590000000000001 0.7968727307926574
1.26 0.7908280326974187
1.2610000000000001 0.7848065325141965
1.262 0.7788084006887198
1.2630000000000001 0.7728338043309337
1.264 0.7668829072214352
1.2650000000000001 0.7609558698184343
1.266 0.7550528492650177
1.2670000000000001 0.7491739993969586
1.268 0.7433194707508859
1.2690000000000001 0.7374894105728016
1.27 0.7316839628271561
1.2710000000000001 0.7259032682061505
1.272 0.7201474641395984
1.2730000000000001 0.7144166848050559
1.274 0.7087110611383997
1.2750000000000001 0.7030307208447919
1.276 0.6973757884099743
1.2770000000000001 0.691746385111992
1.278 0.686142629033248
1.2790000000000001 0.6805646350729213
1.28 0.6750125149597928
1.281 0.6694863772653141
1.282 0.6639863274171476
1.283 0.658512467712964
1.284 0.6530648973346089
1.285 0.6476437123626192
1.286 0.6422490057909809
1.287 0.6368808675423412
1.288 0.6315393844833985
1.289 0.6262246404407171
1.29 0.6209367162167627
1.291 0.6156756896062762
1.292 0.6104416354129611
1.293 0.6052346254663838
1.294 0.600054728639257
1.295 0.5949020108649183
1.296 0.5897765351551189
1.297 0.5846783616180953
1.298 0.5796075474768405
1.299 0.574564147087707
1.3 0.5695482119592005
1.301 0.5645597907710513
1.302 0.5595989293935283
1.303 0.5546656709069391
1.304 0.5497600556214406
1.305 0.5448821210969812
1.306 0.5400319021635359
1.307 0.5352094309415295
1.308 0.5304147368624209
1.309 0.5256478466895791
1.31 0.5209087845392582
1.311 0.5161975719018491
1.312 0.5115142276632537
1.313 0.5068587681264682
1.314 0.5022312070333422
1.315 0.4976315555864815
1.316 0.4930598224713504
1.317 0.48851601387851007
1.318 0.4840001335260081
1.319 0.47951218268193924
1.32 0.47505216018710084
1.321 0.4706200624778607
1.322 0.46621588360906574
1.323 0.4618396152771611
1.324 0.4574912468433759
1.325 0.4531707653570483
1.326 0.44887815557907484
1.327 0.44461340000541016
1.328 0.44037647889073983
1.329 0.4361673702722185
1.33 0.4319860499932637
1.331 0.42783249172751375
1.332 0.42370666700277876
1.333 0.4196085452251456
1.334 0.4155380937031036
1.335 0.41149527767175104
1.336 0.4074800603170861
1.337 0.4034924028002982
1.338 0.3995322642821865
1.339 0.3955996019475514
1.34 0.3916943710296913
1.341 0.38781652483490653
1.342 0.38396601476701125
1.343 0.3801427903519514
1.344 0.37634679926235143
1.345 0.3725779873421633
1.346 0.36883629863127865
1.347 0.3651216753901758
1.348 0.3614340581245665
1.349 0.3577733856100365
1.35 0.3541395949167089
1.351 0.3505326214338747
1.352 0.34695239889462554
1.353 0.34339885940047926
1.354 0.33987193344595756
1.355 0.3363715499431906
1.356 0.3328976362464371
1.357 0.3294501181766195
1.358 0.3260289200458088
1.359 0.3226339646816549
1.36 0.31926517345181205
1.361 0.3159224662882726
1.362 0.3126057617116875
1.363 0.3093149768556295
1.364 0.3060500274907616
1.365 0.30281082804901205
1.366 0.2995972916476073
1.367 0.29640933011311205
1.368 0.29324685400533884
1.369 0.2901097726412186
1.37 0.2869979941185908
1.371 0.2839114253398825
1.372 0.2808499720357463
1.373 0.2778135387885845
1.374 0.27480202905598133
1.375 0.27181534519406636
1.3760000000000001 0.2688533884807386
1.377 0.2659160591388497
1.3780000000000001 0.26300325635921806
1.379 0.2601148783235981
1.3800000000000001 0.2572508222275062
1.381 0.2544109843029378
1.3820000000000001 0.25159525984099784
1.383 0.24880354321437184
1.3840000000000001 0.2460357278997201
1.385 0.24329170649993292
1.3860000000000001 0.24057137076624505
1.387 0.23787461162026932
1.3880000000000001 0.23520131917584625
1.389 0.23255138276080997
1.3900000000000001 0.22992469093859555
1.391 0.22732113152971684
1.3920000000000001 0.2247405916331123
1.393 0.22218295764733464
1.3940000000000001 0.21964811529163303
1.395 0.2171359496268455
1.3960000000000001 0.21464634507618593
1.397 0.2121791854458686
1.3980000000000001 0.20973435394556625
1.399 0.20731173320875967
1.4000000000000001 0.20491120531287998
1.401 0.20253265179934796
1.4020000000000001 0.20017595369342567
1.403 0.19784099152391182
1.4040000000000001 0.19552764534269934
1.405 0.19323579474414165
1.4060000000000001 0.190965318884286
1.407 0.18871609649992815
1.408 0.18648800592748951
1.409 0.18428092512176553
1.41 0.18209473167446033
1.411 0.17992930283259295
1.412 0.1777845155167078
1.413 0.17566024633892097
1.414 0.17355637162080798
1.415 0.17147276741108683
1.416 0.16940930950316924
1.417 0.16736587345249504
1.418 0.16534233459372294
1.419 0.16333856805772554
1.42 0.1613544487884173
1.421 0.15938985155940114
1.422 0.15744465099042387
1.423 0.15551872156368227
1.424 0.15361193763991562
1.425 0.1517241734743368
1.426 0.14985530323238563
1.427 0.14800520100527587
1.428 0.1461737408253974
1.429 0.1443607966814959
1.43 0.1425662425337047
1.431 0.14078995232837366
1.432 0.1390318000127107
1.433 0.13729165954926542
1.434 0.13556940493019584
1.435 0.1338649101913722
1.436 0.13217804942629952
1.437 0.13050869679983573
1.438 0.12885672656174837
1.439 0.1272220130600692
1.44 0.1256044307542793
1.441 0.12400385422829789
1.442 0.12242015820329509
1.443 0.12085321755032319
1.444 0.11930290730274637
1.445 0.11776910266851708
1.446 0.11625167904223982
1.447 0.11475051201707177
1.448 0.11326547739643512
1.449 0.11179645120553693
1.45 0.11034330970273018
1.451 0.10890592939066913
1.452 0.10748418702729809
1.453 0.10607795963666168
1.454 0.10468712451951934
1.455 0.10331155926380071
1.456 0.10195114175486789
1.457 0.10060575018560314
1.458 0.09927526306632622
1.459 0.09795955923451767
1.46 0.09665851786439113
1.461 0.09537201847626023
1.462 0.09409994094576095
1.463 0.09284216551287365
1.464 0.09159857279079038
1.465 0.090369043774601
1.466 0.08915345984980518
1.467 0.08795170280066722
1.468 0.0867636548183792
1.469 0.0855891985090776
1.47 0.08442821690167927
1.471 0.08328059345554593
1.472 0.08214621206800068
1.473 0.08102495708165589
1.474 0.07991671329159686
1.475 0.07882136595239156
1.476 0.0777388007849378
1.477 0.07666890398315851
1.478 0.07561156222052323
1.479 0.074566662656422
1.48 0.07353409294238
1.481 0.07251374122810472
1.482 0.07150549616739525
1.483 0.07050924692387943
1.484 0.06952488317661185
1.485 0.06855229512550799
1.486 0.06759137349663907
1.487 0.0666420095473679
1.488 0.06570409507133869
1.489 0.06477752240332514
1.49 0.06386218442392183
1.491 0.06295797456410218
1.492 0.06206478680962791
1.493 0.06118251570531083
1.494 0.06031105635914671
1.495 0.05945030444629507
1.496 0.058600156212933865
1.497 0.05776050847996668
1.498 0.05693125864660168
1.499 0.056112304693791595
1.5 0.055303545187542616
1.5010000000000001 0.05450487928209276
1.502 0.05371620672295782
1.5030000000000001 0.05293742784984995
1.504 0.0521684435994696
1.5050000000000001 0.05140915550816595
1.506 0.050659465714483445
1.5070000000000001 0.049919276961570724
1.508 0.049188492599480674
1.5090000000000001 0.04846701658734339
1.51 0.04775475349541775
1.5110000000000001 0.04705160850703339
1.512 0.046357487420407066
1.5130000000000001 0.04567229665035137
1.514 0.04499594322986574
1.5150000000000001 0.04432833481161539
1.516 0.043669379669304044
1.5170000000000001 0.04301898669892914
1.518 0.042377065419940046
1.5190000000000001 0.041743525976277396
1.52 0.041118279137318026
1.5210000000000001 0.040501236298711024
1.522 0.0398923094831119
1.5230000000000001 0.03929141134081718
1.524 0.03869845515029777
1.5250000000000001 0.03811335481863695
1.526 0.03753602488187035
1.5270000000000001 0.03696638050522914
1.528 0.036404337483293435
1.5290000000000001 0.03584981224004781
1.53 0.03530272182885241
1.5310000000000001 0.034762983932319004
1.532 0.03423051686210111
1.5330000000000001 0.033705239558598464
1.534 0.033187071590572326
1.5350000000000001 0.03267593315468128
1.536 0.032171745074932166
1.537 0.031674428802048356
1.538 0.031183906412761538
1.539 0.030700100609020994
1.54 0.03022293471713032
1.541 0.029752332686802795
1.542 0.029288219090147193
1.543 0.02883051912057817
1.544 0.028379158591653932
1.545 0.02793406393584606
1.546 0.02749516220323718
1.547 0.02706238106015287
1.548 0.02663564878772666
1.549 0.02621489428039863
1.55 0.02580004704435176
1.551 0.025391037195883544
1.552 0.024987795459717965
1.553 0.024590253167256486
1.554 0.02419834225476987
1.555 0.0238119952615343
1.556 0.023431145327906355
1.557 0.023055726193350497
1.558 0.02268567219440316
1.559 0.022320918262593067
1.56 0.021961399922304184
1.561 0.021607053288589924
1.562 0.021257815064939543
1.563 0.02091362254099445
1.564 0.020574413590218874
1.565 0.020240126667526493
1.566 0.019910700806857452
1.567 0.01958607561871894
1.568 0.019266191287677845
1.569 0.018950988569815273
1.57 0.01864040879014016
1.571 0.018334393839964328
1.572 0.018032886174240016
1.573 0.01773582880885842
1.574 0.017443165317916995
1.575 0.01715483983094765
1.576 0.016870797030114012
1.577 0.016590982147375827
1.578 0.01631534096162062
1.579 0.01604381979576734
1.58 0.015776365513836946
1.581 0.015512925517998452
1.582 0.015253447745585158
1.583 0.014997880666083905
1.584 0.014746173278101269
1.585 0.014498275106302099
1.586 0.014254136198326777
1.587 0.014013707121685285
1.588 0.013776938960627212
1.589 0.013543783312995331
1.59 0.013314192287053531
1.591 0.013088118498301203
1.592 0.012865515066264684
1.593 0.012646335611274742
1.594 0.012430534251225539
1.595 0.01221806559831779
1.596 0.012008884755789165
1.597 0.011802947314627618
1.598 0.01160020935027351
1.599 0.01140062741930946
1.6 0.01120415855613601
1.601 0.011010760269640119
1.602 0.01082039053984929
1.603 0.01063300781458033
1.604 0.010448571006076525
1.605 0.010267039487638133
1.606 0.010088373090245444
1.607 0.009912532099174969
1.608 0.009739477250610444
1.609 0.009569169728248367
1.61 0.009401571159898254
1.611 0.009236643614081079
1.612 0.009074349596621768
1.613 0.008914652047242153
1.614 0.00875751433614933
1.615 0.008602900260624628
1.616 0.008450774041611193
1.617 0.008301100320300906
1.618 0.008153844154723236
1.619 0.008008971016333669
1.62 0.007866446786604649
1.621 0.007726237753618877
1.622 0.007588310608664227
1.623 0.007452632442833558
1.624 0.007319170743626725
1.625 0.007187893391557954
1.6260000000000001 0.007058768656767929
1.627 0.00693176519564068
1.6280000000000001 0.006806852047426761
1.629 0.006683998630872061
1.6300000000000001 0.006563174740854619
1.631 0.00644435054502693
1.6320000000000001 0.006327496580467258
1.633 0.006212583750338498
1.6340000000000001 0.006099583320555053
1.635 0.005988466916459903
1.6360000000000001 0.005879206519509308
1.637 0.0057717744639686165
1.6380000000000001 0.005666143433617754
1.639 0.005562286458466574
1.6400000000000001 0.005460176911482027
1.641 0.005359788505325912
1.6420000000000001 0.0052610952891041715
1.643 0.005164071645128821
1.6440000000000001 0.00506869228569079
1.645 0.004974932249846942
1.6460000000000001 0.004882766900218319
1.647 0.00479217191980319
1.6480000000000001 0.004703123308802122
1.649 0.0046155973814580534
1.6500000000000001 0.004529570762909534
1.651 0.004445020386058801
1.6520000000000001 0.004361923488454449
1.653 0.004280257609188658
1.6540000000000001 0.004200000585809823
1.655 0.004121130551250694
1.6560000000000001 0.004043625930771493
1.657 0.003967465438919741
1.6580000000000001 0.003892628076505266
1.659 0.003819093127592182
1.6600000000000001 0.0037468401565070265
1.661 0.0036758490048634657
1.6620000000000001 0.003606099788604226
1.663 0.003537572895059669
1.6640000000000001 0.0034702489800239444
1.665 0.003404108964848558
1.666 0.003339134033552888
1.667 0.003275305629953515
1.668 0.003212605454810327
1.669 0.0031510154629916377
1.67 0.003090517860656505
1.671 0.0030310951024562316
1.672 0.0029727298887538053
1.673 0.0029154051628618076
1.674 0.0028591041082994756
1.675 0.002803810146067918
1.676 0.002749506931944724
1.677 0.0026961783537973005
1.678 0.002643808528915172
1.679 0.002592381801361791
1.68 0.002541882739345098
1.681 0.0024922961326077483
1.682 0.002443606989836682
1.683 0.002395800536091862
1.684 0.002348862210254872
1.685 0.0023027776624966532
1.686 0.0022575327517653948
1.687 0.002213113543293375
1.688 0.00216950630612413
1.689 0.0021266975106589976
1.69 0.0020846738262233376
1.691 0.0020434221186528896
1.692 0.00200292944789947
1.693 0.0019631830656568557
1.694 0.0019241704130063693
1.695 0.0018858791180821175
1.696 0.0018482969937563792
1.697 0.0018114120353445575
1.698 0.0017752124183301695
1.699 0.0017396864961095179
1.7 0.0017048227977562356
1.701 0.001670610025805668
1.702 0.0016370370540588993
1.703 0.0016040929254067784
1.704 0.001571766849673318
1.705 0.0015400482014791906
1.706 0.0015089265181246559
1.707 0.0014783914974920828
1.708 0.0014484329959683112
1.709 0.0014190410263862636
1.71 0.001390205755986299
1.711 0.0013619175043969717
1.712 0.0013341667416350508
1.713 0.0013069440861251112
1.714 0.00128024030273828
1.715 0.0012540463008502546
1.716 0.0012283531324185615
1.717 0.0012031519900787208
1.718 0.0011784342052598518
1.719 0.0011541912463187256
1.72 0.0011304147166932516
1.721 0.0011070963530743075
1.722 0.0010842280235967745
1.723 0.0010618017260489159
1.724 0.0010398095861004425
1.725 0.001018243855549177
1.726 0.0009970969105860634
1.727 0.0009763612500784911
1.728 0.0009560294938720013
1.729 0.0009360943811099104
1.73 0.0009165487685713709
1.731 0.0008973856290270064
1.732 0.0008785980496127251
1.733 0.000860179230221197
1.734 0.0008421224819110012
1.735 0.0008244212253334176
1.736 0.0008070689891766643
1.737 0.0007900594086275439
1.738 0.0007733862238503718
1.739 0.0007570432784829812
1.74 0.000741024518150015
1.741 0.0007253239889929015
1.742 0.000709935836216933
1.743 0.0006948543026548891
1.744 0.00068007372734745
1.745 0.0006655885441400244
1.746 0.0006513932802960111
1.747 0.0006374825551263945
1.748 0.0006238510786354714
1.749 0.0006104936501826651
1.75 0.0005974051571603082
1.7510000000000001 0.00058458057368719
1.752 0.0005720149593179487
1.7530000000000001 0.0005597034577678885
1.754 0.0005476412956534724
1.7550000000000001 0.0005358237812479826
1.756 0.0005242463032526011
1.7570000000000001 0.0005129043295824944
1.758 0.0005017934061679183
1.7590000000000001 0.0004909091557702892
1.76 0.0004802472768128967
1.7610000000000001 0.0004698035422263305
1.762 0.00045957379830844806
1.7630000000000001 0.00044955396359865014
1.764 0.000439740027766537
1.7650000000000001 0.0004301280505146243
1.766 0.0004207141604951644
1.7670000000000001 0.00041149455424084505
1.768 0.0004024654951092594
1.7690000000000001 0.00039362331224108196
1.77 0.00038496439953174163
1.7710000000000001 0.0003764852146165524
1.772 0.0003681822778691299
1.7730000000000001 0.00036005217141293856
1.774 0.00035209153814599507
1.7750000000000001 0.00034429708077836845
1.776 0.00033666556088261844
1.7770000000000001 0.0003291937979568035
1.778 0.0003218786685001504
1.7790000000000001 0.00031471710510110577
1.78 0.0003077060955377206
1.7810000000000001 0.00030084268189026637
1.782 0.000294123959665877
1.7830000000000001 0.00028754707693519804
1.784 0.0002811092334808642
1.7850000000000001 0.0002748076799576559
1.786 0.0002686397170643234
1.7870000000000001 0.0002626026947268293
1.788 0.00025669401129299336
1.7890000000000001 0.00025091111273836686
1.79 0.0002452514918832142
1.7910000000000001 0.0002397126876205467
1.792 0.00023429228415499173
1.793 0.00022898791025249878
1.794 0.0002237972385006353
1.795 0.00021871798457948836
1.796 0.0002137479065429623
1.797 0.0002088848041103752
1.798 0.00020412651796830532
1.799 0.0001994709290824708
1.8 0.0001949159580196135
1.801 0.00019045956427924087
1.802 0.00018609974563510434
1.803 0.00018183453748633609
1.804 0.000177662012218095
1.805 0.0001735802785716486
1.806 0.00016958748102375906
1.807 0.00016568179917525748
1.808 0.00016186144714874093
1.809 0.0001581246729952273
1.81 0.00015446975810970738
1.811 0.00015089501665547185
1.812 0.00014739879499709498
1.813 0.0001439794711420076
1.814 0.00014063545419049707
1.815 0.0001373651837941142
1.816 0.0001341671296222854
1.817 0.00013103979083712482
1.818 0.00012798169557627566
1.819 0.00012499140044371345
1.82 0.00012206749000841342
1.821 0.00011920857631076254
1.822 0.00011641329837664468
1.823 0.00011368032173908468
1.824 0.00011100833796735105
1.825 0.00010839606420345081
1.826 0.00010584224270588118
1.827 0.00010334564040058141
1.828 0.00010090504843896358
1.829 0.00009851928176295316
1.83 0.00009618717867692854
1.831 0.00009390760042648276
1.832 0.00009167943078390928
1.833 0.00008950157564033116
1.834 0.00008737296260436918
1.835 0.00008529254060729162
1.836 0.00008325927951451467
1.837 0.00008127216974342127
1.838 0.00007933022188735672
1.839 0.00007743246634577154
1.84 0.000075577952960384
1.841 0.00007376575065729999
1.842 0.0000719949470950192
1.843 0.00007026464831821181
1.844 0.00006857397841722828
1.845 0.00006692207919322771
1.846 0.00006530810982886335
1.847 0.00006373124656444984
1.848 0.0000621906823795179
1.849 0.00006068562667970535
1.85 0.00005921530498888143
1.851 0.00005777895864645596
1.852 0.000056375844509778374
1.853 0.000055005234661565806
1.854 0.00005366641612228413
1.855 0.00005235869056740881
1.856 0.00005108137404949762
1.857 0.000049833796725008066
1.858 0.00004861530258577439
1.859 0.000047425249195104026
1.86 0.000046263007428392205
1.861 0.00004512796121821895
1.862 0.000044019507303840666
1.863 0.000042937054985017135
1.864 0.00004188002588011638
1.865 0.0000408478536884205
1.866 0.000039839983956583775
1.867 0.000038855873849164314
1.868 0.00003789499192318084
1.869 0.0000369568179066329
1.87 0.00003604084248090777
1.871 0.00003514656706704185
1.872 0.00003427350361574867
1.873 0.000033421174401181224
1.874 0.00003258911181835
1.875 0.000031776858184154215
1.8760000000000001 0.00003098396554196435
1.877 0.000030209995469699448
1.8780000000000001 0.00002945451889134921
1.879 0.00002871711589188308
1.8800000000000001 0.000027997375535491887
1.881 0.000027294895687116672
1.8820000000000001 0.000026609282837201473
1.883 0.000025940151929631025
1.8840000000000001 0.00002528712619279173
1.885 0.000024649836973713637
1.8860000000000001 0.000024027923575241047
1.887 0.00002342103309618145
1.8880000000000001 0.000022828820274389563
1.889 0.0000222509473327337
1.8900000000000001 0.000021687083827899145
1.891 0.000021136906501987775
1.8920000000000001 0.000020600099136858186
1.893 0.000020076352411171817
1.8940000000000001 0.000019565363760091188
1.895 0.00001906683723759597
1.8960000000000001 0.000018580483381366304
1.897 0.00001810601908019269
1.8980000000000001 0.00001764316744387461
1.899 0.00001719165767555922
1.9000000000000001 0.000016751224946486344
1.901 0.00001632161027309562
1.9020000000000001 0.000015902560396454604
1.903 0.000015493827663975545
1.9040000000000001 0.000015095169913372308
1.905 0.000014706350358830638
1.9060000000000001 0.000014327137479342218
1.907 0.000013957304909177678
1.9080000000000001 0.000013596631330452235
1.909 0.000013244900367753375
1.9100000000000001 0.000012901900484794907
1.911 0.00001256742488305942
1.9120000000000001 0.000012241271402398609
1.913 0.000011923242423555857
1.9140000000000001 0.000011613144772576042
1.915 0.000011310789627073946
1.9160000000000001 0.000011015992424323703
1.917 0.00001072857277114286
1.9180000000000001 0.000010448354355534076
1.919 0.00001017516486005814
1.92 9.90883587690553e-6
1.921 9.649202824636166e-6
1.922 9.39610486655996e-6
1.923 9.149384830725766e-6
1.924 8.90888913149394e-6
1.925 8.674467692660497e-6
1.926 8.445973872108171e-6
1.927 8.223264387954596e-6
1.928 8.006199246172745e-6
1.929 7.794641669655084e-6
1.93 7.588458028697532e-6
1.931 7.387517772874876e-6
1.932 7.191693364285411e-6
1.933 7.0008602121369485e-6
1.934 6.8148966086517725e-6
1.935 6.633683666265892e-6
1.936 6.457105256097723e-6
1.937 6.2850479476649305e-6
1.938 6.117400949824597e-6
1.939 5.954056052915055e-6
1.94 5.794907572077156e-6
1.941 5.639852291732209e-6
1.942 5.4887894111967705e-6
1.943 5.341620491410819e-6
1.944 5.198249402761113e-6
1.945 5.05858227397649e-6
1.946 4.9225274420774045e-6
1.947 4.789995403358408e-6
1.948 4.660898765384343e-6
1.949 4.5351521999815944e-6
1.95 4.4126723972050225e-6
1.951 4.293378020262227e-6
1.952 4.177189661377232e-6
1.953 4.064029798574742e-6
1.954 3.95382275336892e-6
1.955 3.8464946493373824e-6
1.956 3.7419733715657778e-6
1.957 3.640188526943662e-6
1.958 3.5410714052972063e-6
1.959 3.4445549413420136e-6
1.96 3.350573677439347e-6
1.961 3.259063727141414e-6
1.962 3.169962739509736e-6
1.963 3.0832098641911704e-6
1.964 2.9987457172378302e-6
1.965 2.916512347655063e-6
1.966 2.836453204664495e-6
1.967 2.758513105666801e-6
1.968 2.6826382048916407e-6
1.969 2.6087759627202886e-6
1.97 2.53687511566786e-6
1.971 2.4668856470126163e-6
1.972 2.39875875805852e-6
1.973 2.3324468400192712e-6
1.974 2.267903446511302e-6
1.975 2.205083266642601e-6
1.976 2.143942098687241e-6
1.977 2.0844368243319015e-6
1.978 2.02652538348438e-6
1.979 1.9701667496318313e-6
1.98 1.9153209057381943e-6
1.981 1.8619488206695857e-6
1.982 1.81001242613697e-6
1.983 1.7594745941458633e-6
1.984 1.7102991149423486e-6
1.985 1.66245067544562e-6
1.986 1.6158948381570278e-6
1.987 1.5705980205355144e-6
1.988 1.5265274748306791e-6
1.989 1.4836512683629874e-6
1.99 1.4419382642429178e-6
1.991 1.4013581025193634e-6
1.992 1.3618811817485538e-6
1.993 1.3234786409749613e-6
1.994 1.2861223421153847e-6
1.995 1.2497848527379937e-6
1.996 1.2144394292280443e-6
1.997 1.18006000033214e-6
1.998 1.1466211510733153e-6
1.999 1.1140981070287945e-6
2. 1.0824667189633348e-6
2.001 1.0517034478100446e-6
2.0020000000000002 1.0217853499919834e-6
2.003 9.9269006307689e-7
2.004 9.643957917581122e-7
2.005 9.368812941549966e-7
2.0060000000000002 9.101258684256587e-7
2.007 8.841093396858072e-7
2.008 8.588120472267364e-7
2.009 8.342148320264463e-7
2.0100000000000002 8.102990245473873e-7
2.011 7.87046432814792e-7
2.012 7.644393307695329e-7
2.013 7.424604468895492e-7
2.0140000000000002 7.210929530741709e-7
2.015 7.003204537856453e-7
2.016 6.801269754420801e-7
2.017 6.60496956056733e-7
2.0180000000000002 6.414152351179372e-7
2.019 6.2286704370472e-7
2.02 6.048379948327531e-7
2.021 5.873140740257193e-7
2.0220000000000002 5.70281630107221e-7
2.023 5.537273662082063e-7
2.024 5.376383309854105e-7
2.025 5.220019100459995e-7
2.0260000000000002 5.068058175739997e-7
2.027 4.920380881539884e-7
2.028 4.776870687876129e-7
2.029 4.637414110989642e-7
2.0300000000000002 4.5019006372417617e-7
2.031 4.370222648815806e-7
2.032 4.2422753511814065e-7
2.033 4.117956702282621e-7
2.0340000000000003 3.9971673434129397e-7
2.035 3.879810531737257e-7
2.036 3.765792074425307e-7
2.037 3.655020264360515e-7
2.0380000000000003 3.54740581738744e-7
2.039 3.442861811065137e-7
2.04 3.341303624890524e-7
2.041 3.2426488819598555e-7
2.0420000000000003 3.1468173920356067e-7
2.043 3.053731095986082e-7
2.044 2.9633140115675785e-7
2.045 2.8754921805176703e-7
2.0460000000000003 2.7901936169306314e-7
2.047 2.7073482568853156e-7
2.048 2.626887909296056e-7
2.049 2.5487462079604684e-7
2.05 2.4728585647746966e-7
2.051 2.3991621240907236e-7
2.052 2.3275957181886543e-7
2.053 2.2580998238383763e-7
2.054 2.190616519926251e-7
2.055 2.1250894461206532e-7
2.056 2.0614637625541978e-7
2.057 1.9996861104970156e-7
2.058 1.9397045740000644e-7
2.059 1.8814686424844017e-7
2.06 1.8249291742549465e-7
2.061 1.7700383609173018e-7
2.062 1.7167496926761662e-7
2.063 1.6650179244949077e-7
2.064 1.614799043096077e-7
2.065 1.5660502347828014e-7
2.066 1.5187298540623888e-7
2.067 1.4727973930524054e-7
2.068 1.428213451651683e-7
2.069 1.3849397084570334e-7
2.07 1.3429388924092523e-7
2.071 1.3021747551501147e-7
2.072 1.2626120440740466e-7
2.073 1.2242164760576554e-7
2.074 1.1869547118510607e-7
2.075 1.1507943311153878e-7
2.076 1.115703808090701e-7
2.077 1.0816524878792825e-7
2.078 1.048610563329974e-7
2.079 1.0165490525083582e-7
2.08 9.854397767396565e-8
2.081 9.552553392094427e-8
2.082 9.259691041097171e-8
2.083 8.975551763166402e-8
2.084 8.699883815870165e-8
2.085 8.43244247261297e-8
2.086 8.172989834604613e-8
2.087 7.9212946476502e-8
2.088 7.677132123642992e-8
2.089 7.44028376664419e-8
2.09 7.21053720344072e-8
2.091 6.987686018468768e-8
2.092 6.771529592997427e-8
2.093 6.56187294846687e-8
2.094 6.358526593880989e-8
2.095 6.161306377152433e-8
2.096 5.970033340305466e-8
2.097 5.7845335784374324e-8
2.098 5.604638102350031e-8
2.099 5.430182704757948e-8
2.1 5.261007829985294e-8
2.101 5.0969584470645174e-8
2.102 4.937883926153404e-8
2.103 4.783637918185942e-8
2.104 4.634078237678819e-8
2.105 4.4890667486127605e-8
2.106 4.348469253312687e-8
2.107 4.2121553842519636e-8
2.108 4.0799984987066005e-8
2.109 3.951875576188507e-8
2.11 3.827667118587924e-8
2.111 3.707257052956349e-8
2.112 3.59053263686379e-8
2.113 3.4773843662652864e-8
2.114 3.367705885812901e-8
2.115 3.26139390155244e-8
2.116 3.158348095942628e-8
2.117 3.0584710451389885e-8
2.118 2.9616681384850704e-8
2.119 2.867847500153694e-8
2.12 2.7769199128844606e-8
2.121 2.6887987437635505e-8
2.122 2.60339987199325e-8
2.123 2.520641618601205e-8
2.124 2.4404446780387258e-8
2.125 2.3627320516201284e-8
2.126 2.287428982755848e-8
2.1270000000000002 2.2144628939325136e-8
2.128 2.1437633253961275e-8
2.129 2.0752618754929306e-8
2.13 2.0088921426263415e-8
2.1310000000000002 1.9445896687873442e-8
2.132 1.8822918846181417e-8
2.133 1.821938055968537e-8
2.134 1.7634692319070184e-8
2.1350000000000002 1.7068281941481298e-8
2.136 1.6519594078597105e-8
2.137 1.598808973813165e-8
2.138 1.5473245818427372e-8
2.1390000000000002 1.4974554655787887e-8
2.14 1.4491523584219288e-8
2.141 1.4023674507253081e-8
2.142 1.3570543481536609e-8
2.1430000000000002 1.3131680311877717e-8
2.144 1.270664815744395e-8
2.145 1.2295023148821534e-8
2.146 1.1896394015647457e-8
2.1470000000000002 1.1510361724533859e-8
2.148 1.1136539127015574e-8
2.149 1.0774550617249647e-8
2.15 1.0424031799213035e-8
2.1510000000000002 1.0084629163142122e-8
2.152 9.755999770972536e-9
2.153 9.437810950531909e-9
2.154 9.129739998260902e-9
2.1550000000000002 8.831473890228628e-9
2.156 8.542709001220423e-9
2.157 8.263150831685603e-9
2.158 7.99251374233126e-9
2.1590000000000003 7.7305206961566e-9
2.16 7.476903007729745e-9
2.161 7.23140009950978e-9
2.162 6.993759265024956e-9
2.1630000000000003 6.763735438722204e-9
2.164 6.541090972307998e-9
2.165 6.325595417401527e-9
2.166 6.11702531433465e-9
2.1670000000000003 5.91516398692668e-9
2.168 5.7198013430747815e-9
2.169 5.530733680999614e-9
2.17 5.34776350099434e-9
2.1710000000000003 5.170699322524623e-9
2.172 4.999355506535129e-9
2.173 4.833552082819304e-9
2.174 4.673114582313991e-9
2.1750000000000003 4.51787387418384e-9
2.176 4.367666007564142e-9
2.177 4.22233205783375e-9
2.178 4.081717977293711e-9
2.179 3.945674450130047e-9
2.18 3.8140567515425365e-9
2.181 3.686724610924525e-9
2.182 3.5635420789812134e-9
2.183 3.4443773986783565e-9
2.184 3.329102879914019e-9
2.185 3.217594777810833e-9
2.186 3.109733174527859e-9
2.187 3.005401864493864e-9
2.188 2.9044882429674217e-9
2.189 2.806883197830204e-9
2.19 2.7124810045232284e-9
2.191 2.6211792240389725e-9
2.192 2.5328786038830087e-9
2.193 2.447482981922113e-9
2.194 2.364899193037739e-9
2.195 2.285036978506569e-9
2.196 2.2078088980304872e-9
2.197 2.133130244342224e-9
2.198 2.0609189603135166e-9
2.199 1.9910955584953307e-9
2.2 1.923583043021087e-9
2.201 1.8583068338066293e-9
2.202 1.7951946929810362e-9
2.203 1.7341766534856854e-9
2.204 1.675184949779629e-9
2.205 1.6181539505914189e-9
2.206 1.563020093658943e-9
2.207 1.509721822401153e-9
2.208 1.4581995244659495e-9
2.209 1.4083954721007303e-9
2.21 1.3602537642939106e-9
2.211 1.3137202706358962e-9
2.212 1.2687425768509747e-9
2.213 1.2252699319518974e-9
2.214 1.1832531969699158e-9
2.215 1.1426447952161078e-9
2.216 1.1033986640287004e-9
2.217 1.0654702079644542e-9
2.218 1.0288162533915853e-9
2.219 9.93395004444497e-10
2.22 9.591660003002807e-10
2.221 9.260900737390008e-10
2.222 8.941293109504556e-10
2.223 8.632470125511612e-10
2.224 8.334076557763419e-10
2.225 8.045768578129972e-10
2.226 7.767213402401773e-10
2.227 7.49808894544922e-10
2.228 7.238083486818616e-10
2.229 6.986895346461796e-10
2.23 6.74423257030232e-10
2.231 6.509812625350353e-10
2.232 6.283362104085254e-10
2.233 6.064616437834583e-10
2.234 5.853319618882695e-10
2.235 5.649223931055109e-10
2.236 5.452089688526013e-10
2.237 5.26168498260849e-10
2.238 5.077785436287823e-10
2.239 4.900173966274968e-10
2.24 4.728640552350501e-10
2.241 4.5629820137888605e-10
2.242 4.403001792648658e-10
2.243 4.24850974372698e-10
2.244 4.0993219309793645e-10
2.245 3.955260430212181e-10
2.246 3.816153137860968e-10
2.247 3.6818335856728894e-10
2.248 3.5521407611168733e-10
2.249 3.4269189333505453e-10
2.25 3.3060174845763346e-10
2.251 3.1892907466268735e-10
2.2520000000000002 3.076597842621559e-10
2.253 2.9678025335423027e-10
2.254 2.8627730695803506e-10
2.255 2.761382046110502e-10
2.2560000000000002 2.663506264154034e-10
2.257 2.569026595193365e-10
2.258 2.477827850208504e-10
2.259 2.3897986528061234e-10
2.2600000000000002 2.3048313163191772e-10
2.261 2.222821724755061e-10
2.262 2.1436692174760259e-10
2.263 2.0672764774991443e-10
2.2640000000000002 1.9935494233048826e-10
2.265 1.922397104048203e-10
2.266 1.8537315980674682e-10
2.267 1.7874679145922247e-10
2.2680000000000002 1.72352389855015e-10
2.269 1.6618201383802092e-10
2.27 1.602279876758782e-10
2.271 1.5448289241502695e-10
2.2720000000000002 1.489395575095124e-10
2.273 1.4359105271514024e-10
2.274 1.384306802408164e-10
2.275 1.3345196714919835e-10
2.2760000000000002 1.2864865799891772e-10
2.277 1.2401470772098626e-10
2.278 1.195442747220939e-10
2.279 1.1523171420784408e-10
2.2800000000000002 1.1107157171910137e-10
2.281 1.0705857687484336e-10
2.282 1.031876373151242e-10
2.283 9.945383283793642e-11
2.2840000000000003 9.585240972395916e-11
2.285 9.237877524334637e-11
2.286 8.902849233886531e-11
2.287 8.579727447992145e-11
2.2880000000000003 8.268098068213359e-11
2.289 7.967561068726924e-11
2.29 7.677730029854265e-11
2.291 7.39823168664291e-11
2.2920000000000003 7.128705492023547e-11
2.293 6.868803194091599e-11
2.294 6.618188427064419e-11
2.295 6.376536315488274e-11
2.2960000000000003 6.143533091276634e-11
2.297 5.918875723176189e-11
2.298 5.7022715582677e-11
2.299 5.4934379751248966e-11
2.3000000000000003 5.292102048259819e-11
2.301 5.0980002235001795e-11
2.302 4.910878003951397e-11
2.303 4.730489646208553e-11
2.3040000000000003 4.556597866492956e-11
2.305 4.388973556399576e-11
2.306 4.227395507946652e-11
2.307 4.071650147635501e-11
2.308 3.9215312792306926e-11
2.309 3.7768398349845877e-11
2.31 3.6373836350353263e-11
2.311 3.50297715471764e-11
2.312 3.373441299534198e-11
2.313 3.248603187541652e-11
2.314 3.12829593891387e-11
2.315 3.0123584724520755e-11
2.316 2.9006353088194705e-11
2.317 2.792976380283713e-11
2.318 2.6892368467582466e-11
2.319 2.5892769179390042e-11
2.32 2.4929616813413157e-11
2.321 2.4001609360452436e-11
2.322 2.3107490319661557e-11
2.323 2.2246047144707823e-11
2.324 2.141610974166991e-11
2.325 2.0616549016989124e-11
2.326 1.98462754738519e-11
2.327 1.9104237855435167e-11
2.328 1.8389421833487673e-11
2.329 1.7700848740777015e-11
2.33 1.7037574345973928e-11
2.331 1.6398687669584945e-11
2.332 1.578330983960557e-11
2.333 1.5190592985585985e-11
2.334 1.4619719169863183e-11
2.335 1.4069899354736622e-11
2.336 1.3540372404414308e-11
2.337 1.3030404120589327e-11
2.338 1.2539286310543095e-11
2.339 1.2066335886705627e-11
2.34 1.161089399664141e-11
2.341 1.1172325182457685e-11
2.342 1.0750016568668012e-11
2.343 1.0343377077569928e-11
2.344 9.951836671231627e-12
2.345 9.574845619209033e-12
2.346 9.211873791138457e-12
2.347 8.862409973386562e-12
2.348 8.525961208956773e-12
2.349 8.20205215988439e-12
2.35 7.890224491370855e-12
2.351 7.59003627693554e-12
2.352 7.301061423888607e-12
2.353 7.022889118445633e-12
2.354 6.755123289831381e-12
2.355 6.49738209273652e-12
2.356 6.249297407519872e-12
2.357 6.010514357557293e-12
2.358 5.780690843168972e-12
2.359 5.559497091564974e-12
2.36 5.346615222277361e-12
2.361 5.1417388275553976e-12
2.362 4.944572567224521e-12
2.363 4.754831777519865e-12
2.364 4.572242093427644e-12
2.365 4.396539084076622e-12
2.366 4.227467900742753e-12
2.367 4.064782937038297e-12
2.368 3.908247500876777e-12
2.369 3.757633497814704e-12
2.37 3.6127211253849038e-12
2.371 3.4732985780494705e-12
2.372 3.339161762413442e-12
2.373 3.210114022349178e-12
2.374 3.085965873697179e-12
2.375 2.9665347482156573e-12
2.376 2.851644746466395e-12
2.3770000000000002 2.7411263993306033e-12
2.378 2.634816437862275e-12
2.379 2.532557571194036e-12
2.38 2.434198272219712e-12
2.3810000000000002 2.339592570789382e-12
2.382 2.2485998541591657e-12
2.383 2.1610846744468704e-12
2.384 2.0769165628541618e-12
2.3850000000000002 1.995969850423041e-12
2.386 1.918123495102095e-12
2.387 1.8432609149054175e-12
2.388 1.7712698269554159e-12
2.3890000000000002 1.7020420922060893e-12
2.39 1.6354735656518808e-12
2.391 1.5714639518318015e-12
2.392 1.5099166654471542e-12
2.3930000000000002 1.450738696915771e-12
2.394 1.3938404826914138e-12
2.395 1.3391357801842776e-12
2.396 1.2865415471228273e-12
2.3970000000000002 1.2359778252027805e-12
2.398 1.1873676278747364e-12
2.399 1.1406368321262477e-12
2.4 1.0957140741199918e-12
2.4010000000000002 1.0525306485533079e-12
2.402 1.0110204116098013e-12
2.403 9.711196873776797e-13
2.404 9.327671776135689e-13
2.4050000000000002 8.959038747354741e-13
2.406 8.604729779316597e-13
2.407 8.264198122761292e-13
2.408 7.936917507462354e-13
2.4090000000000003 7.622381390396962e-13
2.41 7.320102230936676e-13
2.411 7.029610792102152e-13
2.412 6.750455466972229e-13
2.4130000000000003 6.482201629358642e-13
2.414 6.224431007892243e-13
2.415 5.976741082696862e-13
2.416 5.738744503853629e-13
2.4170000000000003 5.510068530885098e-13
2.418 5.29035449251928e-13
2.419 5.079257266012647e-13
2.42 4.876444775342654e-13
2.4210000000000003 4.681597507599752e-13
2.422 4.4944080469344234e-13
2.423 4.3145806254348045e-13
2.424 4.141830690334797e-13
2.4250000000000003 3.975884486971212e-13
2.426 3.8164786569301483e-13
2.427 3.663359850840778e-13
2.428 3.516284355294676e-13
2.4290000000000003 3.3750177333870906e-13
2.43 3.2393344783937484e-13
2.431 3.109017680112037e-13
2.432 2.9838587034165397e-13
2.433 2.8636568785880964e-13
2.434 2.7482192029976567e-13
