0.001 9.594110332261613e-14
0.002 3.841155253851268e-13
0.003 8.655774669754393e-13
0.004 1.5420868127480465e-12
0.005 2.4161134620540655e-12
0.006 3.490843403748597e-12
0.007 4.770186546642091e-12
0.008 6.258786320626343e-12
0.009000000000000001 7.962031066892641e-12
0.01 9.886067239074673e-12
0.011 1.2037814440597181e-11
0.012 1.4424982326998426e-11
0.013000000000000001 1.705608940552525e-11
0.014 1.9940483767879707e-11
0.015 2.3088365795630956e-11
0.016 2.6510812881500475e-11
0.017 3.0219806213489375e-11
0.018000000000000002 3.4228259672647536e-11
0.019 3.8550050899193175e-11
0.02 4.3200054585681616e-11
0.021 4.819417806000211e-11
0.022 5.354939922515504e-11
0.023 5.928380692703634e-11
0.024 6.541664382583763e-11
0.025 7.19683518511632e-11
0.026000000000000002 7.896062032558118e-11
0.027 8.64164368460644e-11
0.028 9.436014101764868e-11
0.029 1.0281748113865057e-10
0.03 1.1181567394194466e-10
0.031 1.2138346750211284e-10
0.032 1.3155120742375437e-10
0.033 1.4235090643188762e-10
0.034 1.538163174911946e-10
0.035 1.6598301058686427e-10
0.036000000000000004 1.7888845330598917e-10
0.037 1.9257209536486576e-10
0.038 2.0707545723416039e-10
0.039 2.224422230207288e-10
0.04 2.387183377719294e-10
0.041 2.559521093755662e-10
0.042 2.7419431523613246e-10
0.043000000000000003 2.9349831391582084e-10
0.044 3.1392016193682803e-10
0.045 3.355187359498216e-10
0.046 3.583558604820543e-10
0.047 3.8249644148754695e-10
0.048 4.0800860593098693e-10
0.049 4.3496384764654755e-10
0.05 4.63437179722721e-10
0.051000000000000004 4.935072936745016e-10
0.052000000000000005 5.252567256748373e-10
0.053 5.587720301282408e-10
0.054 5.941439608808096e-10
0.055 6.314676603726364e-10
0.056 6.708428570507745e-10
0.057 7.123740713735052e-10
0.058 7.561708307496891e-10
0.059000000000000004 8.023478937704823e-10
0.06 8.51025484104665e-10
0.061 9.023295344432887e-10
0.062 9.563919408943268e-10
0.063 1.0133508282434933e-9
0.064 1.0733508265134496e-9
0.065 1.136543359270214e-9
0.066 1.2030869441427728e-9
0.067 1.2731475060396738e-9
0.068 1.346898703564808e-9
0.069 1.4245222691536058e-9
0.07 1.5062083634706222e-9
0.07100000000000001 1.592155944629853e-9
0.07200000000000001 1.6825731528202682e-9
0.073 1.7776777109408542e-9
0.074 1.877697341872101e-9
0.075 1.9828702030341893e-9
0.076 2.093445338906393e-9
0.077 2.209683152207186e-9
0.078 2.331855894460411e-9
0.079 2.4602481766997105e-9
0.08 2.595157501091022e-9
0.081 2.7368948142816256e-9
0.082 2.8857850833138297e-9
0.083 3.042167894972008e-9
0.084 3.206398079463328e-9
0.085 3.378846359365291e-9
0.08600000000000001 3.5599000248070122e-9
0.08700000000000001 3.749963635886146e-9
0.088 3.949459753359547e-9
0.089 4.158829698683122e-9
0.09 4.378534344514938e-9
0.091 4.6090549368355755e-9
0.092 4.850893949881004e-9
0.093 5.104575975125859e-9
0.094 5.370648645598944e-9
0.095 5.6496835968585105e-9
0.096 5.942277466001625e-9
0.097 6.249052930130577e-9
0.098 6.570659785749565e-9
0.099 6.9077760706164174e-9
0.1 7.261109229627834e-9
0.101 7.631397326371783e-9
0.10200000000000001 8.019410302037689e-9
0.10300000000000001 8.425951283433971e-9
0.10400000000000001 8.851857941923298e-9
0.105 9.298003905148684e-9
0.106 9.765300223488314e-9
0.107 1.0254696893243765e-8
0.108 1.0767184438635652e-8
0.109 1.1303795554751367e-8
0.11 1.1865606813663712e-8
0.111 1.2453740436014471e-8
0.112 1.306936613043577e-8
0.113 1.3713703003262206e-8
0.114 1.4388021541070556e-8
0.115 1.509364566866937e-8
0.116 1.5831954885249394e-8
0.117 1.6604386481497445e-8
0.11800000000000001 1.7412437840570123e-8
0.11900000000000001 1.8257668825921207e-8
0.12 1.9141704259076636e-8
0.121 2.0066236490554352e-8
0.122 2.1033028067232674e-8
0.123 2.2043914499580407e-8
0.124 2.3100807132275697e-8
0.125 2.4205696121856404e-8
0.126 2.5360653525165307e-8
0.127 2.6567836502477852e-8
0.128 2.7829490639326242e-8
0.129 2.914795339116691e-8
0.13 3.052565765517263e-8
0.131 3.196513547357027e-8
0.132 3.346902187308962e-8
0.133 3.504005884523548e-8
0.134 3.6681099472248785e-8
0.135 3.839511220377916e-8
0.136 4.01851852894528e-8
0.137 4.20545313726855e-8
0.138 4.400649225126435e-8
0.139 4.604454381039437e-8
0.14 4.81723011340912e-8
0.14100000000000001 5.039352380098659e-8
0.14200000000000002 5.2712121370805406e-8
0.14300000000000002 5.5132159067971504e-8
0.14400000000000002 5.765786366900426e-8
0.145 6.029362960057468e-8
0.146 6.304402525530987e-8
0.147 6.59137995326513e-8
0.148 6.890788861230561e-8
0.149 7.203142296805897e-8
0.15 7.52897346299668e-8
0.151 7.868836470318106e-8
0.152 8.223307115193236e-8
0.153 8.592983685744481e-8
0.154 8.9784877958834e-8
0.155 9.380465248631578e-8
0.156 9.799586929633728e-8
0.157 1.023654973185363e-7
0.158 1.0692077512473763e-7
0.159 1.1166922083050233e-7
0.16 1.1661864234006687e-7
0.161 1.2177714794583523e-7
0.162 1.271531572939236e-7
0.163 1.3275541272760105e-7
0.164 1.3859299102082989e-7
0.165 1.446753155144663e-7
0.166 1.510121686680621e-7
0.167 1.576137050405922e-7
0.168 1.6449046471382413e-7
0.169 1.7165338717245602e-7
0.17 1.791138256555623e-7
0.171 1.8688356199431656e-7
0.17200000000000001 1.9497482195139714e-7
0.17300000000000001 2.0340029107793484e-7
0.17400000000000002 2.1217313110432328e-7
0.17500000000000002 2.2130699688168384e-7
0.176 2.3081605389127104e-7
0.177 2.407149963395983e-7
0.178 2.510190658575784e-7
0.179 2.6174407082250044e-7
0.18 2.7290640632220303e-7
0.181 2.845230747813612e-7
0.182 2.966117072703652e-7
0.183 3.0919058551785666e-7
0.184 3.222786646485909e-7
0.185 3.3589559666888783e-7
0.186 3.500617547225867e-7
0.187 3.6479825814104535e-7
0.188 3.801269983113885e-7
0.189 3.9607066538789286e-7
0.19 4.1265277587208775e-7
0.191 4.2989770108785143e-7
0.192 4.478306965785192e-7
0.193 4.664779324537838e-7
0.194 4.858665247148845e-7
0.195 5.060245675874194e-7
0.196 5.269811668918861e-7
0.197 5.487664744828827e-7
0.198 5.714117237887481e-7
0.199 5.949492664842789e-7
0.2 6.194126103300531e-7
0.201 6.44836458212766e-7
0.202 6.712567484219575e-7
0.203 6.987106961993992e-7
0.20400000000000001 7.272368365984351e-7
0.20500000000000002 7.568750686915272e-7
0.20600000000000002 7.876667011652705e-7
0.20700000000000002 8.196544993432171e-7
0.20800000000000002 8.528827336778786e-7
0.209 8.87397229754363e-7
0.21 9.232454198492563e-7
0.211 9.604763960894468e-7
0.212 9.991409652567784e-7
0.213 1.0392917052856286e-6
0.214 1.0809830235017032e-6
0.215 1.1242712166515557e-6
0.216 1.169214532773703e-6
0.217 1.2158732349634201e-6
0.218 1.2643096670846552e-6
0.219 1.3145883214839181e-6
0.22 1.3667759087622905e-6
0.221 1.4209414296632182e-6
0.222 1.4771562491351602e-6
0.223 1.5354941726296076e-6
0.224 1.5960315246966105e-6
0.225 1.6588472299413962e-6
0.226 1.7240228964072894e-6
0.227 1.7916429014517358e-6
0.228 1.8617944801839739e-6
0.229 1.9345678165343967e-6
0.23 2.0100561370275595e-6
0.231 2.0883558073324364e-6
0.232 2.1695664316653578e-6
0.233 2.2537909551228327e-6
0.234 2.3411357690234513e-6
0.23500000000000001 2.431710819339829e-6
0.23600000000000002 2.525629718303561e-6
0.23700000000000002 2.6230098592681846e-6
0.23800000000000002 2.723972534917036e-6
0.23900000000000002 2.8286430589051534e-6
0.24 2.937150891026241e-6
0.241 3.0496297659980406e-6
0.242 3.1662178259616226e-6
0.243 3.2870577567922154e-6
0.244 3.41229692832159e-6
0.245 3.542087538574316e-6
0.246 3.676586762122553e-6
0.247 3.815956902666348e-6
0.248 3.960365549949108e-6
0.249 4.1099857411201706e-6
0.25 4.264996126659037e-6
0.251 4.42558114097847e-6
0.252 4.591931177826289e-6
0.253 4.764242770608216e-6
0.254 4.942718777757217e-6
0.255 5.127568573277139e-6
0.256 5.319008242591702e-6
0.257 5.517260783832486e-6
0.258 5.7225563147026e-6
0.259 5.935132285055851e-6
0.26 6.15523369533394e-6
0.261 6.383113321007739e-6
0.262 6.619031943171544e-6
0.263 6.863258585442397e-6
0.264 7.116070757320138e-6
0.265 7.377754704166849e-6
0.266 7.648605663967777e-6
0.267 7.92892813103943e-6
0.268 8.21903612685396e-6
0.269 8.51925347815205e-6
0.27 8.829914102521102e-6
0.271 9.15136230161817e-6
0.272 9.483953062221183e-6
0.273 9.828052365296013e-6
0.274 0.000010184037503270755
0.275 0.00001055229740571151
0.276 0.000010933232973599654
0.277 0.000011327257422413086
0.278 0.000011734796634218571
0.279 0.000012156289518986615
0.28 0.000012592188385344358
0.281 0.000013042959320985798
0.28200000000000003 0.000013509082582963877
0.28300000000000003 0.000013991052998092548
0.28400000000000003 0.000014489380373691544
0.28500000000000003 0.000015004589918911592
0.28600000000000003 0.000015537222676881587
0.28700000000000003 0.000016087835967924662
0.28800000000000003 0.000016657003844093894
0.289 0.000017245317555284153
0.29 0.000017853386027180958
0.291 0.000018481836351311043
0.292 0.000019131314287466786
0.293 0.00001980248477877922
0.294 0.000020496032479720253
0.295 0.000021212662297320644
0.296 0.000021953099945894336
0.297 0.000022718092515565407
0.298 0.00002350840905489961
0.299 0.00002432484116794755
0.3 0.000025168203626011415
0.301 0.000026039334994453993
0.302 0.000026939098274873476
0.303 0.00002786838156297228
0.304 0.00002882809872245607
0.305 0.00002981919007530345
0.306 0.000030842623108751364
0.307 0.000031899393199350555
0.308 0.00003299052435444825
0.309 0.00003411706997146212
0.31 0.0000352801136153167
0.311 0.00003648076981441804
0.312 0.00003772018487554913
0.313 0.000038999537718075514
0.314 0.00004032004072785563
0.315 0.000041682940631256965
0.316 0.000043089519389686784
0.317 0.00004454109511505107
0.318 0.000046039023006561484
0.319 0.00004758469630931938
0.32 0.00004917954729510956
0.321 0.00005082504826584286
0.322 0.000052522712580097775
0.323 0.00005427409570321271
0.324 0.0000560807962813882
0.325 0.00005794445724026983
0.326 0.00005986676690848342
0.327 0.00006184946016660359
0.328 0.00006389431962204477
0.329 0.00006600317681036901
0.33 0.00006817791342351126
0.331 0.00007042046256543274
0.332 0.00007273281003571756
0.333 0.00007511699564163393
0.334 0.00007757511453919256
0.335 0.00008010931860373759
0.336 0.00008272181783061376
0.337 0.00008541488176646263
0.338 0.0000881908409717064
0.339 0.00009105208851478053
0.34 0.00009400108149869542
0.341 0.00009704034262050141
0.342 0.00010017246176424377
0.343 0.0001034000976280063
0.34400000000000003 0.00010672597938564183
0.34500000000000003 0.0001101529083837976
0.34600000000000003 0.0001136837598748532
0.34700000000000003 0.00011732148478639341
0.34800000000000003 0.00012106911152784385
0.34900000000000003 0.00012492974783490947
0.35000000000000003 0.0001289065826524574
0.35100000000000003 0.00013300288805649765
0.352 0.00013722202121591644
0.353 0.00014156742639463086
0.354 0.00014604263699483558
0.355 0.00015065127764201725
0.356 0.00015539706631242727
0.357 0.00016028381650370587
0.358 0.000165315439449348
0.359 0.00017049594637772778
0.36 0.00017582945081638806
0.361 0.00018132017094231486
0.362 0.0001869724319789201
0.363 0.0001927906686404741
0.364 0.00019877942762470846
0.365 0.00020494337015434998
0.366 0.00021128727456833026
0.367 0.00021781603896342002
0.368 0.00022453468388706352
0.369 0.0002314483550821694
0.37 0.00023856232628463876
0.371 0.0002458820020744035
0.372 0.0002534129207807684
0.373 0.000261160757442831
0.374 0.0002691313268257924
0.375 0.0002773305864939438
0.376 0.0002857646399411414
0.377 0.00029443973977957274
0.378 0.0003033622909876375
0.379 0.00031253885421774174
0.38 0.00032197614916484955
0.381 0.00033168105799660455
0.382 0.0003416606288458479
0.383 0.00035192207936636863
0.384 0.00036247280035273935
0.385 0.00037332035942503613
0.386 0.0003844725047793224
0.387 0.0003959371690047288
0.388 0.0004077224729679573
0.389 0.00041983672976608777
0.39 0.00043228844874851536
0.391 0.0004450863396088774
0.392 0.0004582393165478217
0.393 0.0004717565025074748
0.394 0.000485647233478447
0.395 0.0004999210628802551
0.396 0.0005145877660159923
0.397 0.000529657344602116
0.398 0.0005451400313741953
0.399 0.0005610462947694836
0.4 0.0005773868436871444
0.401 0.000594172632327006
0.402 0.0006114148651076836
0.403 0.0006291250016648871
0.404 0.0006473147619308026
0.405 0.000665996131295346
0.406 0.0006851813658501429
0.40700000000000003 0.0007048829977160577
0.40800000000000003 0.0007251138404551078
0.40900000000000003 0.0007458869945675561
0.41000000000000003 0.000767215853075034
0.41100000000000003 0.0007891141071904789
0.41200000000000003 0.0008115957520756891
0.41300000000000003 0.0008346750926873107
0.41400000000000003 0.0008583667497120145
0.41500000000000004 0.0008826856655916825
0.41600000000000004 0.0009076471106393235
0.417 0.0009332666892465346
0.418 0.0009595603461832353
0.419 0.0009865443729903975
0.42 0.0010142354144665508
0.421 0.0010426504752487533
0.422 0.0010718069264887258
0.423 0.0011017225126248858
0.424 0.0011324153582509293
0.425 0.0011639039750816513
0.426 0.0011962072690166465
0.427 0.0012293445473025631
0.428 0.001263335525794467
0.429 0.001298200336317011
0.43 0.0013339595341259516
0.431 0.0013706341054705827
0.432 0.001408245475257676
0.433 0.001446815514817455
0.434 0.0014863665497720775
0.435 0.0015269213680072014
0.436 0.001568503227747069
0.437 0.0016111358657335264
0.438 0.0016548435055094984
0.439 0.0016996508658072616
0.44 0.0017455831690419102
0.441 0.0017926661499103947
0.442 0.0018409260640964741
0.443 0.001890389697081821
0.444 0.0019410843730636581
0.445 0.0019930379639791222
0.446 0.002046278898636572
0.447 0.0021008361719540556
0.448 0.002156739354305121
0.449 0.002214018600972005
0.45 0.002272704661706433
0.451 0.0023328288903980312
0.452 0.0023944232548503103
0.453 0.0024575203466643274
0.454 0.0025221533912300137
0.455 0.0025883562578248843
0.456 0.0026561634698202474
0.457 0.0027256102149946703
0.458 0.0027967323559544306
0.459 0.002869566440660857
0.46 0.0029441497130641946
0.461 0.003020520123843698
0.462 0.0030987163412535814
0.463 0.003178777762074486
0.464 0.0032607445226698517
0.465 0.0033446575101468965
0.466 0.0034305583736215194
0.467 0.00351848953558658
0.468 0.0036084942033828833
0.46900000000000003 0.003700616380772281
0.47000000000000003 0.0037949008796119023
0.47100000000000003 0.0038913933316290397
0.47200000000000003 0.003990140200295606
0.47300000000000003 0.0040911887928012656
0.47400000000000003 0.004194587272124438
0.47500000000000003 0.004300384669199948
0.47600000000000003 0.004408630895182521
0.47700000000000004 0.004519376753804616
0.47800000000000004 0.004632673953827713
0.47900000000000004 0.004748575121585787
0.48 0.004867133813619349
0.481 0.004988404529399051
0.482 0.005112442724137285
0.483 0.005239304821686058
0.484 0.005369048227519927
0.485 0.005501731341802138
0.486 0.00563741357253221
0.487 0.00577615534877342
0.488 0.005918018133958144
0.489 0.006063064439269215
0.49 0.006211357837095299
0.491 0.006362962974558322
0.492 0.0065179455871105406
0.493 0.006676372512199461
0.494 0.006838311702997966
0.495 0.007003832242197492
0.496 0.007173004355861735
0.497 0.007345899427338483
0.498 0.007522590011226748
0.499 0.007703149847396788
0.5 0.00788765387506029
0.501 0.008076178246887328
0.502 0.008268800343168126
0.503 0.008465598786015867
0.504 0.008666653453607526
0.505 0.008872045494460057
0.506 0.00908185734173825
0.507 0.009296172727590835
0.508 0.009515076697511999
0.509 0.009738655624723981
0.51 0.009966997224577879
0.511 0.010200190568968516
0.512 0.010438326100759864
0.513 0.010681495648216743
0.514 0.010929792439439477
0.515 0.01118331111679681
0.516 0.011442147751353321
0.517 0.011706399857287112
0.518 0.01197616640629302
0.519 0.012251547841967438
0.52 0.012532646094170043
0.521 0.012819564593357586
0.522 0.013112408284885423
0.523 0.013411283643271737
0.524 0.013716298686419486
0.525 0.014027562989791329
0.526 0.014345187700532275
0.527 0.014669285551534949
0.528 0.014999970875441849
0.529 0.015337359618580172
0.53 0.015681569354822122
0.531 0.016032719299366904
0.532 0.01639093032243733
0.533 0.01675632496288628
0.534 0.017129027441706114
0.535 0.01750916367543668
0.536 0.017896861289463165
0.537 0.018292249631201275
0.538 0.018695459783160038
0.539 0.019106624575878032
0.54 0.01952587860072572
0.541 0.01995335822256811
0.542 0.0203892015922794
0.543 0.020833548659105236
0.544 0.02128654118286406
0.545 0.021748322745980955
0.546 0.02221903876534761
0.547 0.022698836504001153
0.548 0.023187865082613005
0.549 0.02368627549078336
0.55 0.02419422059813179
0.551 0.02471185516517716
0.552 0.02523933585399932
0.553 0.025776821238675238
0.554 0.02632447181548085
0.555 0.026882450012852263
0.556 0.027450920201097163
0.557 0.028030048701849476
0.558 0.028620003797258074
0.559 0.029220955738903185
0.56 0.029833076756429613
0.561 0.030456541065891487
0.562 0.03109152487779826
0.5630000000000001 0.031738206404853773
0.5640000000000001 0.03239676586938044
0.5650000000000001 0.03306738551042006
0.5660000000000001 0.03375024959050139
0.5670000000000001 0.03444554440206725
0.5680000000000001 0.03515345827355176
0.5690000000000001 0.035874181575098904
0.5700000000000001 0.03660790672391325
0.5710000000000001 0.03735482818923456
0.5720000000000001 0.0381151424969269
0.5730000000000001 0.038889048233672695
0.5740000000000001 0.0396767460507636
0.5750000000000001 0.040478438667478626
0.5760000000000001 0.04129433087403992
0.577 0.042124629534137106
0.578 0.04296954358701294
0.579 0.0438292840490954
0.58 0.0447040640151743
0.581 0.0455940986591074
0.582 0.046499605234048676
0.583 0.0474208030721895
0.584 0.04835791358400308
0.585 0.04931116025698124
0.586 0.050280768653856694
0.587 0.051266966410299306
0.588 0.05226998323207705
0.589 0.05329005089167287
0.59 0.054327403224347856
0.591 0.05538227612363921
0.592 0.05645490753628697
0.593 0.05754553745657684
0.594 0.0586544079200915
0.595 0.059781762996859306
0.596 0.06092784878389316
0.597 0.062092913397107166
0.598 0.06327720696260382
0.599 0.06448098160732255
0.6 0.06570449144903767
0.601 0.06694799258569892
0.602 0.06821174308410619
0.603 0.06949600296790297
0.604 0.07080103420488855
0.605 0.07212710069363268
0.606 0.0734744682493856
0.607 0.074843404589277
0.608 0.07623417931679168
0.609 0.07764706390551226
0.61 0.07908233168212465
0.611 0.08054025780867503
0.612 0.08202111926406697
0.613 0.08352519482479595
0.614 0.08505276504490858
0.615 0.08660411223517751
0.616 0.08817952044148891
0.617 0.08977927542242918
0.618 0.09140366462606458
0.619 0.09305297716590805
0.62 0.09472750379606203
0.621 0.09642753688553155
0.622 0.09815337039170059
0.623 0.09990529983296284
0.624 0.10168362226050116
0.625 0.10348863622920809
0.626 0.10532064176774017
0.627 0.10717994034769981
0.628 0.10906683485193838
0.629 0.11098162954197373
0.63 0.1129246300245167
0.631 0.11489614321710007
0.632 0.11689647731280205
0.633 0.11892594174406663
0.634 0.12098484714560208
0.635 0.12307350531636574
0.636 0.1251922291806225
0.637 0.127341332748075
0.638 0.12952113107305668
0.639 0.13173194021279627
0.64 0.13397407718472631
0.641 0.13624785992285796
0.642 0.1385536072332021
0.643 0.14089163874823807
0.644 0.14326227488042384
0.645 0.14566583677475772
0.646 0.1481026462603643
0.647 0.1505730258011296
0.648 0.15307729844536688
0.649 0.15561578777451435
0.65 0.15818881785086744
0.651 0.1607967131643409
0.652 0.1634397985782591
0.653 0.16611839927417932
0.654 0.16883284069574242
0.655 0.17158344849155246
0.656 0.17437054845708888
0.657 0.17719446647564926
0.658 0.18005552845832015
0.659 0.1829540602829857
0.66 0.18589038773237146
0.661 0.18886483643112267
0.662 0.19187773178192663
0.663 0.19492939890067504
0.664 0.19802016255067195
0.665 0.20115034707589516
0.666 0.20432027633330654
0.667 0.2075302736242258
0.668 0.21078066162476097
0.669 0.21407176231531466
0.67 0.21740389690915216
0.671 0.22077738578006192
0.672 0.22419254838909147
0.673 0.2276497032103801
0.674 0.23114916765609014
0.675 0.23469125800044832
0.676 0.23827628930288855
0.677 0.24190457533033613
0.678 0.24557642847861103
0.679 0.24929215969297533
0.68 0.25305207838783
0.681 0.2568564923655771
0.682 0.2607057077346404
0.683 0.26460002882668104
0.684 0.268539758112997
0.685 0.27252519612013093
0.686 0.276556641344688
0.687 0.28063439016739833
0.6880000000000001 0.28475873676639946
0.6890000000000001 0.28892997302978823
0.6900000000000001 0.2931483884674402
0.6910000000000001 0.29741427012210936
0.6920000000000001 0.30172790247982656
0.6930000000000001 0.30608956737961407
0.6940000000000001 0.310499543922525
0.6950000000000001 0.31495810838002763
0.6960000000000001 0.3194655341017558
0.6970000000000001 0.32402209142263466
0.6980000000000001 0.32862804756939995
0.6990000000000001 0.33328366656653236
0.7000000000000001 0.33798920914163205
0.7010000000000001 0.342744932630224
0.7020000000000001 0.34755109088005365
0.7030000000000001 0.35240793415486105
0.704 0.3573157090376642
0.705 0.3622746583335758
0.706 0.3672850209721755
0.707 0.3723470319094343
0.708 0.3774609220292559
0.709 0.3826269180446233
0.71 0.3878452423983837
0.711 0.39311611316368966
0.712 0.3984397439441514
0.713 0.4038163437736534
0.714 0.40924611701594815
0.715 0.41472926326397913
0.716 0.42026597723900033
0.717 0.4258564486895034
0.718 0.43150086228997037
0.719 0.4371993975395011
0.72 0.4429522286603131
0.721 0.44875952449616974
0.722 0.45462144841074215
0.723 0.4605381581859333
0.724 0.4665098059202431
0.725 0.47253653792707745
0.726 0.47861849463321054
0.727 0.4847558104772465
0.728 0.49094861380826094
0.729 0.49719702678454025
0.73 0.5035011652725296
0.731 0.5098611387459628
0.732 0.5162770501852321
0.733 0.5227489959770462
0.734 0.5292770658143525
0.735 0.5358613425966292
0.736 0.5425019023305071
0.737 0.5491988140307957
0.738 0.5559521396219654
0.739 0.5627619338400366
0.74 0.5696282441350194
0.741 0.5765511105738327
0.742 0.5835305657438303
0.743 0.5905666346568786
0.744 0.5976593346540859
0.745 0.604808675311208
0.746 0.6120146583447063
0.747 0.6192772775185988
0.748 0.6265965185520305
0.749 0.6339723590276524
0.75 0.6414047683008739
0.751 0.6488937074099308
0.752 0.6564391289869207
0.753 0.6640409771697219
0.754 0.6716991875149473
0.755 0.6794136869118776
0.756 0.6871843934974342
0.757 0.6950112165722939
0.758 0.7028940565180483
0.759 0.7108328047155947
0.76 0.7188273434646532
0.761 0.7268775459045909
0.762 0.7349832759364079
0.763 0.7431443881461365
0.764 0.7513607277294833
0.765 0.7596321304178972
0.766 0.7679584224060434
0.767 0.7763394202807
0.768 0.7847749309511416
0.769 0.7932647515810293
0.77 0.8018086695218929
0.771 0.8104064622481233
0.772 0.8190578972936751
0.773 0.8277627321903541
0.774 0.8365207144077993
0.775 0.8453315812952632
0.776 0.8541950600250405
0.777 0.8631108675377916
0.778 0.872078710489613
0.779 0.881098285201031
0.78 0.8901692776078585
0.781 0.8992913632139504
0.782 0.9084642070460077
0.783 0.9176874636102591
0.784 0.9269607768512645
0.785 0.9362837801127382
0.786 0.9456560961004091
0.787 0.9550773368471178
0.788 0.9645471036799321
0.789 0.9740649871895549
0.79 0.9836305672018466
0.791 0.9932434127516665
0.792 1.0029030820589377
0.793 1.0126091225069955
0.794 1.0223610706233353
0.795 1.0321584520626033
0.796 1.0420007815920687
0.797 1.0518875630794458
0.798 1.0618182894831645
0.799 1.0717924428450791
0.8 1.0818094942856908
0.801 1.0918689040018825
0.802 1.1019701212671054
0.803 1.112112584434274
0.804 1.1222957209410251
0.805 1.1325189473178012
0.806 1.1427816691983546
0.807 1.1530832813330576
0.808 1.1634231676047253
0.809 1.1738007010472482
0.81 1.1842152438668332
0.811 1.194666147465967
0.812 1.2051527524701962
0.8130000000000001 1.215674388757507
0.8140000000000001 1.226230375490641
0.8150000000000001 1.2368200211520501
0.8160000000000001 1.2474426235816956
0.8170000000000001 1.2580974700177001
0.8180000000000001 1.2687838371397062
0.8190000000000001 1.2795009911152053
0.8200000000000001 1.2902481876485543
0.8210000000000001 1.3010246720329997
0.8220000000000001 1.3118296792054343
0.8230000000000001 1.3226624338040516
0.8240000000000001 1.333522150228969
0.8250000000000001 1.3444080327055639
0.8260000000000001 1.3553192753508807
0.8270000000000001 1.3662550622427443
0.8280000000000001 1.3772145674919523
0.8290000000000001 1.3881969553172226
0.8300000000000001 1.399201380123088
0.8310000000000001 1.4102269865807515
0.8320000000000001 1.4212729097117107
0.833 1.4323382749744387
0.834 1.443422198353855
0.835 1.4545237864536802
0.836 1.4656421365918069
0.837 1.4767763368983806
0.838 1.4879254664169577
0.839 1.49908859520834
0.84 1.5102647844574346
0.841 1.5214530865829003
0.842 1.5326525453496187
0.843 1.5438621959840786
0.844 1.5550810652924945
0.845 1.5663081717818435
0.846 1.5775425257836135
0.847 1.5887831295803347
0.848 1.6000289775349994
0.849 1.6112790562230506
0.85 1.6225323445672843
0.851 1.6337878139753172
0.852 1.6450444284798795
0.853 1.6563011448816929
0.854 1.6675569128949912
0.855 1.678810675295815
0.856 1.6900613680726733
0.857 1.7013079205800468
0.858 1.7125492556942776
0.859 1.7237842899719724
0.86 1.7350119338110932
0.861 1.746231091614246
0.862 1.7574406619547267
0.863 1.7686395377446302
0.864 1.779826606405747
0.865 1.7910007500423224
0.866 1.8021608456166274
0.867 1.8133057651263855
0.868 1.8244343757847759
0.869 1.8355455402023702
0.87 1.8466381165714527
0.871 1.8577109588523582
0.872 1.8687629169618778
0.873 1.8797928369638275
0.874 1.8907995612614914
0.875 1.9017819287921973
0.876 1.912738775223605
0.877 1.9236689331520893
0.878 1.9345712323028115
0.879 1.9454444997316125
0.88 1.9562875600287404
0.881 1.9670992355241013
0.882 1.9778783464943457
0.883 1.9886237113714555
0.884 1.9993341469527974
0.885 2.0100084686129485
0.886 2.0206454905166065
0.887 2.0312440258332285
0.888 2.0418028869527762
0.889 2.0523208857029087
0.89 2.062796833567346
0.891 2.073229541905324
0.892 2.0836178221724238
0.893 2.0939604861421683
0.894 2.1042563461288895
0.895 2.114504215211428
0.896 2.1247029074576527
0.897 2.1348512381500937
0.898 2.144948024012
0.899 2.1549920834344394
0.9 2.1649822367038154
0.901 2.174917306230242
0.902 2.1847961167761043
0.903 2.194617495685513
0.904 2.2043802731138205
0.905 2.214083282257701
0.906 2.2237253595854845
0.907 2.2333053450676807
0.908 2.242822082407699
0.909 2.252274419272612
0.91 2.2616612075241047
0.911 2.270981303449215
0.912 2.280233567991135
0.913 2.289416866979789
0.914 2.2985300713621593
0.915 2.3075720574324268
0.916 2.3165417070616727
0.917 2.3254379079272103
0.918 2.3342595537414135
0.919 2.3430055444800377
0.92 2.35167478660991
0.921 2.360266193315865
0.922 2.3687786847271206
0.923 2.377211188142627
0.924 2.3855626382557484
0.925 2.393831977377859
0.926 2.402018155660926
0.927 2.4101201313192258
0.928 2.4181368708496116
0.929 2.426067349250891
0.93 2.433910550241655
0.931 2.441665466477052
0.932 2.449331099763961
0.933 2.4569064612747247
0.934 2.4643905717595236
0.935 2.471782461756936
0.936 2.4790811718030623
0.937 2.4862857526387634
0.9380000000000001 2.493395265415238
0.9390000000000001 2.5004087818976513
0.9400000000000001 2.507325384666988
0.9410000000000001 2.5141441673199467
0.9420000000000001 2.5208642346665546
0.9430000000000001 2.5274847029261895
0.9440000000000001 2.534004699920833
0.9450000000000001 2.540423365266765
0.9460000000000001 2.5467398505634438
0.9470000000000001 2.552953319580519
0.9480000000000001 2.5590629484420715
0.9490000000000001 2.565067925808736
0.9500000000000001 2.5709674530572513
0.9510000000000001 2.5767607444572236
0.9520000000000001 2.5824470273457165
0.9530000000000001 2.588025542298804
0.9540000000000001 2.593495543300672
0.9550000000000001 2.5988562979097756
0.9560000000000001 2.604107087422328
0.9570000000000001 2.609247207032903
0.9580000000000001 2.614275965991945
0.9590000000000001 2.6191926877606493
0.96 2.623996710162484
0.961 2.628687385531881
0.962 2.633264080859838
0.963 2.6377261779360666
0.964 2.6420730734884046
0.965 2.6463041793185615
0.966 2.650418922434856
0.967 2.654416745181569
0.968 2.6582971053647912
0.969 2.6620594763751213
0.97 2.6657033473065943
0.971 2.6692282230725173
0.972 2.672633624517354
0.973 2.6759190885255073
0.974 2.6790841681261277
0.975 2.682128432594482
0.976 2.6850514675497323
0.977 2.6878528750488084
0.978 2.6905322736768325
0.979 2.693089298633558
0.98 2.6955236018162365
0.981 2.697834851898554
0.982 2.7000227344057666
0.983 2.702086951786075
0.984 2.7040272234779925
0.985 2.7058432859739745
0.986 2.7075348928800596
0.987 2.709101814971457
0.988 2.7105438402445166
0.989 2.711860773964329
0.99 2.713052438708756
0.991 2.7141186744080446
0.992 2.7150593383808554
0.993 2.715874305365971
0.994 2.71656346755007
0.995 2.71712673459158
0.996 2.7175640336402482
0.997 2.717875309352938
0.998 2.718060523905161
0.999 2.7181196569986894
1. 2.71805270586498
1.0010000000000001 2.7178596852646617
1.002 2.7175406274829306
1.0030000000000001 2.717095582320815
1.004 2.7165246170825834
1.0050000000000001 2.7158278165587753
1.006 2.7150052830055342
1.0070000000000001 2.714057136119655
1.008 2.712983513009803
1.0090000000000001 2.7117845681635195
1.01 2.7104604734103335
1.0110000000000001 2.7090114178809825
1.012 2.707437607962296
1.0130000000000001 2.705739267248592
1.014 2.7039166364886964
1.0150000000000001 2.7019699735294083
1.016 2.699899553254573
1.0170000000000001 2.6977056675208706
1.018 2.695388625089191
1.0190000000000001 2.6929487515524193
1.02 2.6903863892594333
1.0210000000000001 2.6877018972350837
1.022 2.684895651096653
1.0230000000000001 2.6819680429663992
1.024 2.6789194813804342
1.025 2.675750391193815
1.026 2.6724612134823094
1.027 2.6690524054399254
1.028 2.665524440273596
1.029 2.6618778070935583
1.03 2.6581130108009243
1.031 2.6542305719710293
1.032 2.6502310267340565
1.033 2.6461149266516495
1.034 2.6418828385904916
1.035 2.6375353445925103
1.036 2.6330730417415764
1.037 2.62849654202732
1.038 2.6238064722054313
1.039 2.6190034736548595
1.04 2.6140882022320535
1.041 2.6090613281219404
1.042 2.6039235356860577
1.043 2.5986755233075023
1.044 2.5933180032331604
1.045 2.587851701412975
1.046 2.582277357336317
1.047 2.576595723865782
1.048 2.5708075670679573
1.049 2.564913666041914
1.05 2.5589148127447685
1.051 2.552811811814719
1.052 2.546605480391856
1.053 2.5402966479360924
1.054 2.5338861560431587
1.055 2.5273748582577715
1.056 2.5207636198850767
1.057 2.5140533177993927
1.058 2.5072448402510297
1.059 2.5003390866710093
1.06 2.493336967473658
1.061 2.48623940385731
1.062 2.4790473276029985
1.063 2.4717616808713405
1.064 2.4643834159977134
1.065 2.456913495285465
1.066 2.4493528907977242
1.067 2.4417025841473365
1.068 2.433963566285556
1.069 2.426136837289003
1.07 2.4182234061452403
1.071 2.4102242905371267
1.072 2.4021405166258134
1.073 2.3939731188324678
1.074 2.385723139618822
1.075 2.377391629266798
1.076 2.368979645656911
1.077 2.360488254045721
1.078 2.3519185268425913
1.079 2.3432715433852693
1.08 2.3345483897150436
1.081 2.325750158351023
1.082 2.316877948063634
1.083 2.3079328636479537
1.084 2.2989160156959842
1.085 2.289828520369102
1.086 2.2806714991694994
1.087 2.2714460787118402
1.088 2.2621533904943116
1.089 2.252794570669617
1.09 2.243370759815986
1.091 2.2338831027077317
1.092 2.224332748086322
1.093 2.214720848431176
1.094 2.205048559730495
1.095 2.19531704125286
1.096 2.1855274553182586
1.097 2.175680967070269
1.098 2.1657787442478833
1.099 2.155821956958395
1.1 2.1458117774503562
1.101 2.1357493798872373
1.102 2.12563594012185
1.103 2.115472635471177
1.104 2.1052606444922395
1.105 2.095001146758502
1.106 2.0846953226372684
1.107 2.074344353068106
1.108 2.06394941934186
1.109 2.053511702881291
1.11 2.043032385022065
1.111 2.0325126467956074
1.112 2.0219536687126576
1.113 2.011356630548178
1.114 2.0007227111277652
1.115 1.9900530881150795
1.116 1.9793489378010343
1.117 1.9686114348941393
1.118 1.957841752312495
1.119 1.9470410609773512
1.12 1.936210529608201
1.121 1.9253513245195655
1.122 1.9144646094194435
1.123 1.903551545209597
1.124 1.8926132897874572
1.125 1.8816509978500005
1.1260000000000001 1.8706658206995055
1.127 1.859658906051058
1.1280000000000001 1.8486313978423008
1.129 1.8375844360448905
1.1300000000000001 1.82651915647817
1.131 1.8154366906249577
1.1320000000000001 1.804338165449215
1.133 1.793224703216218
1.1340000000000001 1.7820974213145986
1.135 1.7709574320808223
1.1360000000000001 1.7598058426258607
1.137 1.7486437546641125
1.1380000000000001 1.7374722643447842
1.139 1.7262924620854305
1.1400000000000001 1.715105432408138
1.141 1.7039122537778888
1.1420000000000001 1.6927139984435688
1.143 1.6815117322813053
1.1440000000000001 1.6703065146403808
1.145 1.6590993981917304
1.1460000000000001 1.6478914287788495
1.147 1.636683645271423
1.1480000000000001 1.6254770794214937
1.149 1.6142727557222336
1.1500000000000001 1.603071691269428
1.151 1.5918748956255324
1.1520000000000001 1.5806833706865602
1.153 1.569498110551432
1.154 1.5583201013943597
1.155 1.5471503213396915
1.156 1.5359897403395868
1.157 1.5248393200546069
1.158 1.5137000137367975
1.159 1.502572766115865
1.16 1.4914585132879092
1.161 1.4803581826070829
1.162 1.4692726925800719
1.163 1.4582029527633436
1.164 1.4471498636633093
1.165 1.4361143166392345
1.166 1.4250971938090689
1.167 1.4140993679581075
1.168 1.4031217024504379
1.169 1.3921650511433914
1.17 1.381230258304644
1.171 1.370318158532378
1.172 1.3594295766782214
1.173 1.3485653277728706
1.174 1.3377262169549688
1.175 1.3269130394023279
1.176 1.3161265802664848
1.177 1.305367614609703
1.178 1.2946369073450548
1.179 1.2839352131792587
1.18 1.2732632765582335
1.181 1.262621831615682
1.182 1.2520116021242464
1.183 1.24143330144962
1.184 1.2308876325073972
1.185 1.2203752877225578
1.186 1.2098969489919975
1.187 1.1994532876494803
1.188 1.189044964433584
1.189 1.1786726294581396
1.19 1.1683369221855944
1.191 1.1580384714028134
1.192 1.1477778951997948
1.193 1.137555800950824
1.194 1.1273727852983826
1.195 1.1172294341396276
1.196 1.1071263226154469
1.197 1.0970640151021482
1.198 1.0870430652056244
1.199 1.0770640157580247
1.2 1.0671273988170935
1.201 1.057233735667745
1.202 1.0473835368263709
1.203 1.0375773020473449
1.204 1.0278155203320523
1.205 1.0180986699403332
1.206 1.0084272184041752
1.207 0.9988016225438855
1.208 0.9892223284864214
1.209 0.9796897716860917
1.21 0.9702043769475217
1.211 0.9607665584507213
1.212 0.9513767197785592
1.213 0.9420352539461586
1.214 0.9327425434326225
1.215 0.9234989602147957
1.216 0.9143048658030303
1.217 0.905160611279193
1.218 0.8960665373364235
1.219 0.8870229743211346
1.22 0.8780302422767897
1.221 0.8690886509896778
1.222 0.8601985000365624
1.223 0.8513600788341579
1.224 0.842573666690514
1.225 0.8338395328580723
1.226 0.825157936588585
1.227 0.8165291271897056
1.228 0.8079533440832322
1.229 0.7994308168651532
1.23 0.7909617653671092
1.231 0.7825463997196485
1.232 0.7741849204168446
1.233 0.7658775183826368
1.234 0.7576243750384543
1.235 0.7494256623724317
1.236 0.7412815430099997
1.237 0.7331921702858378
1.238 0.7251576883171926
1.239 0.7171782320785047
1.24 0.7092539274773066
1.241 0.7013848914313863
1.242 0.6935712319471034
1.243 0.6858130481989523
1.244 0.6781104306101806
1.245 0.6704634609345859
1.246 0.6628722123393239
1.247 0.6553367494887677
1.248 0.6478571286293855
1.249 0.6404333976755296
1.25 0.6330655962962007
1.2510000000000001 0.6257537560026961
1.252 0.6184979002370957
1.2530000000000001 0.6112980444615961
1.254 0.6041541962486031
1.2550000000000001 0.5970663553716504
1.256 0.5900345138969297
1.2570000000000001 0.5830586562756278
1.258 0.5761387594368556
1.2590000000000001 0.5692747928811558
1.26 0.5624667187747368
1.2610000000000001 0.5557144920440962
1.262 0.5490180604713221
1.2630000000000001 0.5423773647897281
1.264 0.535792338780128
1.2650000000000001 0.5292629093673631
1.266 0.5227889967173156
1.2670000000000001 0.5163705143343158
1.268 0.5100073691587721
1.2690000000000001 0.5036994616652036
1.27 0.49744668596052194
1.2710000000000001 0.4912489298824627
1.272 0.4851060750984024
1.2730000000000001 0.47901799720416055
1.274 0.4729845658231163
1.2750000000000001 0.4670056447053176
1.276 0.46108109182679663
1.2770000000000001 0.45521075948886536
1.278 0.44939449441746476
1.2790000000000001 0.44363213786256167
1.28 0.4379235256974854
1.281 0.4322684885182314
1.282 0.42666685174270536
1.283 0.4211184357098349
1.284 0.41562305577859915
1.285 0.4101805224268726
1.286 0.4047906413501142
1.287 0.3994532135598322
1.288 0.3941680354818642
1.289 0.38893489905437945
1.29 0.383753591825578
1.291 0.37862389705118854
1.292 0.3735455937915236
1.293 0.3685184570083134
1.294 0.36354225766109444
1.295 0.35861676280322957
1.296 0.35374173567755607
1.297 0.34891693581156796
1.298 0.3441421191121762
1.299 0.3394170379599884
1.3 0.33474144130309635
1.301 0.33011507475039376
1.302 0.3255376806643089
1.303 0.3210089982530676
1.304 0.31652876366231897
1.305 0.3120967100662659
1.306 0.30771256775811884
1.307 0.30337606424000374
1.308 0.2990869243122085
1.309 0.29484487016178923
1.31 0.2906496214505378
1.311 0.28650089540225226
1.312 0.2823984068893397
1.313 0.27834186851870807
1.314 0.2743309907169293
1.315 0.27036548181472686
1.316 0.26644504813063313
1.317 0.26256939405401003
1.318 0.25873822212718645
1.319 0.2549512331269123
1.32 0.2512081261449773
1.321 0.24750859866803265
1.322 0.24385234665663855
1.323 0.24023906462345904
1.324 0.23666844571063878
1.325 0.2331401817663647
1.326 0.22965396342055056
1.327 0.2262094801596934
1.328 0.22280642040085819
1.329 0.21944447156480498
1.33 0.21612332014822425
1.331 0.21284265179510548
1.332 0.2096021513672235
1.333 0.20640150301370122
1.334 0.20324039023971832
1.335 0.2001184959742677
1.336 0.1970355026370484
1.337 0.1939910922044137
1.338 0.1909849462744122
1.339 0.18801674613091152
1.34 0.1850861728067982
1.341 0.18219290714624362
1.342 0.1793366298660462
1.343 0.17651702161603966
1.344 0.1737337630385689
1.345 0.17098653482702736
1.346 0.16827501778346401
1.347 0.16559889287524499
1.348 0.16295784129078034
1.349 0.16035154449431815
1.35 0.15777968427978292
1.351 0.1552419428236978
1.352 0.15273800273715257
1.353 0.1502675471168397
1.354 0.14783025959515966
1.355 0.14542582438937796
1.356 0.14305392634987132
1.357 0.14071425100741544
1.358 0.13840648461956995
1.359 0.13613031421612448
1.36 0.13388542764361688
1.361 0.13167151360895077
1.362 0.12948826172206054
1.363 0.12733536253771519
1.364 0.12521250759635089
1.365 0.12311938946405755
1.366 0.12105570177160772
1.367 0.11902113925264142
1.368 0.11701539778090965
1.369 0.11503817440666925
1.37 0.1130891673921677
1.371 0.11116807624626412
1.372 0.10927460175817513
1.373 0.10740844603035435
1.374 0.10556931251050175
1.375 0.10375690602274058
1.3760000000000001 0.1019709327979111
1.377 0.1002111005030631
1.3780000000000001 0.09847711827007047
1.379 0.09676869672345217
1.3800000000000001 0.09508554800734438
1.381 0.09342738581166986
1.3820000000000001 0.09179392539749814
1.383 0.09018488362159385
1.3840000000000001 0.08859997896018729
1.385 0.08703893153194109
1.3860000000000001 0.08550146312014766
1.387 0.08398729719415658
1.3880000000000001 0.08249615893002311
1.389 0.08102777523042423
1.3900000000000001 0.0795818747438018
1.391 0.0781581878827859
1.3920000000000001 0.07675644684187412
1.393 0.07537638561438974
1.3940000000000001 0.07401774000872964
1.395 0.07268024766389755
1.3960000000000001 0.07136364806434713
1.397 0.07006768255412674
1.3980000000000001 0.0687920943503525
1.399 0.0675366285560016
1.4000000000000001 0.06630103217204152
1.401 0.0650850541089132
1.4020000000000001 0.06388844519735683
1.403 0.0627109581986093
1.4040000000000001 0.06155234781396831
1.405 0.06041237069373896
1.4060000000000001 0.05929078544557213
1.407 0.05818735264219558
1.408 0.05710183482856104
1.409 0.05603399652840167
1.41 0.05498360425021925
1.411 0.053950426492706066
1.412 0.052934233749606534
1.413 0.051934798514040106
1.414 0.050951895282280175
1.415 0.04998530055700706
1.416 0.0490347928500428
1.417 0.04810015268457216
1.418 0.04718116259686753
1.419 0.04627760713751651
1.42 0.045389272872172
1.421 0.044515948381822795
1.422 0.04365742426260537
1.423 0.04281349312515494
1.424 0.04198394959351112
1.425 0.04116859030358694
1.426 0.04036721390120708
1.427 0.03957962103972895
1.428 0.0388056143772479
1.429 0.0380449985734026
1.43 0.03729758028578915
1.431 0.0365631681659838
1.432 0.03584157285519528
1.433 0.03513260697954769
1.434 0.03443608514500174
1.435 0.03375182393192669
1.436 0.033079641889332545
1.437 0.03241935952876555
1.438 0.031770799317876644
1.439 0.03113378567367773
1.44 0.030508144955484113
1.441 0.02989370545755729
1.442 0.029290297401456628
1.443 0.028697752928103278
1.444 0.02811590608956909
1.445 0.027544592840595458
1.446 0.026983651029851605
1.447 0.026432920390939366
1.448 0.025892242533148938
1.449 0.025361460931979836
1.45 0.024840420919429423
1.451 0.024328969674059425
1.452 0.02382695621084071
1.453 0.023334231370796373
1.454 0.022850647810438336
1.455 0.0223760599910088
1.456 0.02191032416753726
1.457 0.021453298377712267
1.458 0.02100484243058382
1.459 0.020564817895092173
1.46 0.020133088088441674
1.461 0.019709518064317748
1.462 0.019293974600955777
1.463 0.018886326189068495
1.464 0.018486443019639153
1.465 0.01809419697158636
1.466 0.017709461599303505
1.467 0.017332112120083013
1.468 0.016962025401430637
1.469 0.016599079948272276
1.47 0.016243155890062772
1.471 0.015894134967801885
1.472 0.015551900520959956
1.473 0.015216337474322586
1.474 0.014887332324757065
1.475 0.014564773127908473
1.476 0.01424854948482514
1.477 0.01393855252852737
1.478 0.013634674910515713
1.479 0.013336810787228351
1.48 0.01304485580645259
1.481 0.012758707093692716
1.482 0.01247826323850153
1.483 0.012203424280777555
1.484 0.011934091697033978
1.485 0.011670168386644881
1.486 0.01141155865806965
1.487 0.011158168215062105
1.488 0.010909904142868977
1.489 0.010666674894420336
1.49 0.01042839027651584
1.491 0.010194961436011288
1.492 0.009966300846011002
1.493 0.009742322292064759
1.494 0.009522940858378372
1.495 0.00930807291403888
1.496 0.009097636099256361
1.497 0.008891549311628971
1.498 0.00868973269243187
1.499 0.008492107612934884
1.5 0.0082985966607503
1.5010000000000001 0.008109123626215284
1.502 0.007923613488811865
1.5030000000000001 0.007741992403625667
1.504 0.007564187687848518
1.5050000000000001 0.0073901278073251996
1.506 0.007219742363149871
1.5070000000000001 0.007052962078311068
1.508 0.006889718784391867
1.5090000000000001 0.006729945408323441
1.51 0.0065735759591979215
1.5110000000000001 0.006420545515140791
1.512 0.006270790210245235
1.5130000000000001 0.0061242472215714515
1.514 0.0059808547562116635
1.5150000000000001 0.005840552038423653
1.516 0.005703279296835403
1.5170000000000001 0.00556897775172032
1.518 0.005437589602348262
1.5190000000000001 0.0053090580144097115
1.52 0.005183327107519885
1.5210000000000001 0.005060341942799793
1.522 0.0049400485105382235
1.5230000000000001 0.0048223937179355195
1.524 0.004707325376930719
1.5250000000000001 0.00459479219211311
1.526 0.004484743748719268
1.5270000000000001 0.0043771305007177285
1.528 0.00427190375898172
1.5290000000000001 0.004169015679550292
1.53 0.004068419251981732
1.5310000000000001 0.003970068287796006
1.532 0.003873917409011754
1.5330000000000001 0.0037799220367744995
1.534 0.00368803838008037
1.5350000000000001 0.0035982234245940147
1.536 0.003510434921561948
1.537 0.003424631376822721
1.538 0.0033407720399134893
1.539 0.0032588168932743693
1.54 0.003178726641550736
1.541 0.0031004627009941946
1.542 0.0030239871889625753
1.543 0.002949262913519491
1.544 0.002876253363133348
1.545 0.0028049226964772327
1.546 0.0027352357323284105
1.547 0.002667157939569519
1.548 0.002600655427289963
1.549 0.002535694934988995
1.55 0.00247224382287954
1.551 0.0024102700622940752
1.552 0.002349742226191525
1.553 0.0022906294797658167
1.554 0.002232901571156035
1.555 0.002176528822258072
1.556 0.0021214821196376653
1.557 0.0020677329055448818
1.558 0.002015253169029728
1.559 0.001964015437159243
1.56 0.0019139927663348814
1.561 0.0018651587337112712
1.562 0.0018174874287150743
1.563 0.0017709534446644112
1.564 0.001725531870487766
1.565 0.001681198282543193
1.566 0.0016379287365363253
1.567 0.0015956997595376488
1.568 0.0015544883420983305
1.569 0.0015142719304642764
1.57 0.0014750284188878395
1.571 0.001436736142037144
1.572 0.0013993738675021406
1.573 0.0013629207883971582
1.574 0.0013273565160593218
1.575 0.0012926610728424676
1.576 0.0012588148850059958
1.577 0.001225798775697903
1.578 0.0011935939580317795
1.579 0.0011621820282569713
1.58 0.0011315449590213267
1.581 0.0011016650927260115
1.582 0.0010725251349716722
1.583 0.0010441081480955176
1.584 0.0010163975447983128
1.585 0.0009893770818610393
1.586 0.0009630308539502677
1.587 0.000937343287511793
1.588 0.000912299134751472
1.589 0.0008878834677031472
1.59 0.0008640816723823863
1.591 0.0008408794430256214
1.592 0.0008182627764139718
1.593 0.0007962179662809353
1.594 0.0007747315978031768
1.595 0.0007537905421738272
1.596 0.0007333819512573552
1.597 0.0007134932523255062
1.598 0.0006941121428732052
1.599 0.00067522658551403
1.6 0.0006568248029542239
1.601 0.0006388952730445469
1.602 0.0006214267239092555
1.603 0.0006044081291513875
1.604 0.0005878287031335249
1.605 0.0005716778963333344
1.606 0.0005559453907729609
1.607 0.0005406210955217448
1.608 0.0005256951422711381
1.609 0.0005111578809813508
1.61 0.0004969998755985817
1.611 0.0004832118998425188
1.612 0.0004697849330627407
1.613 0.00045671015616379526
1.614 0.0004439789475976586
1.615 0.00043158287942318837
1.616 0.00041951371343151427
1.617 0.000407763397336725
1.618 0.0003963240610309253
1.619 0.00038518801290308985
1.62 0.00037434773622062166
1.621 0.0003637958855732022
1.622 0.0003535252833777845
1.623 0.000343528916444247
1.624 0.0003337999326007298
1.625 0.0003243316373779975
1.6260000000000001 0.00031511749075204454
1.627 0.00030615110394409856
1.6280000000000001 0.0002974262362773507
1.629 0.0002889367920896333
1.6300000000000001 0.00028067681770123685
1.631 0.00027264049843718616
1.6320000000000001 0.00026482215570318315
1.633 0.0002572162441145123
1.6340000000000001 0.00024981734867708037
1.635 0.00024262018202003745
1.6360000000000001 0.00023561958167902847
1.637 0.0002288105074295177
1.6380000000000001 0.00022218803866939663
1.639 0.0002157473718501843
1.6400000000000001 0.00020948381795610267
1.641 0.00020339280003031277
1.6420000000000001 0.0001974698507476297
1.643 0.00019171061003305732
1.6440000000000001 0.00018611082272536008
1.645 0.00018066633628510253
1.6460000000000001 0.00017537309854641275
1.647 0.00017022715551182763
1.6480000000000001 0.00016522464918953153
1.649 0.0001603618154723699
1.6500000000000001 0.00015563498205796504
1.651 0.00015104056640927548
1.6520000000000001 0.00014657507375498888
1.653 0.00014223509512909852
1.6540000000000001 0.00013801730544905365
1.655 0.0001339184616318268
1.6560000000000001 0.0001299354007473336
1.657 0.00012606503820856738
1.6580000000000001 0.0001223043659978523
1.659 0.00011865045092862227
1.6600000000000001 0.00011510043294215169
1.661 0.00011165152343862799
1.6620000000000001 0.00010830100364201673
1.663 0.0001050462229981426
1.6640000000000001 0.00010188459760542808
1.665 0.00009881360867771267
1.666 0.00009583080103864164
1.667 0.00009293378164705866
1.668 0.0000901202181528583
1.669 0.00008738783748279861
1.67 0.00008473442445571875
1.671 0.0000821578204266811
1.672 0.00007965592195948044
1.673 0.00007722667952707092
1.674 0.0000748680962393813
1.675 0.0000725782265980237
1.676 0.00007035517527744016
1.677 0.00006819709593198669
1.678 0.0000661021900284931
1.679 0.00006406870570382578
1.68 0.00006209493664701579
1.681 0.000060179221005469785
1.682 0.00005831994031484659
1.683 0.00005651551845214622
1.684 0.00005476442061157752
1.685 0.000053065152302780116
1.686 0.00005141625837098799
1.687 0.00004981632203870088
1.688 0.000048263963968478007
1.689 0.00004675784134643184
1.69 0.000045296646986037215
1.691 0.00004387910845186097
1.692 0.000042503987202828466
1.693 0.00004117007775464404
1.694 0.0000398762068610049
1.695 0.00003862123271322015
1.696 0.0000374040441578942
1.697 0.0000362235599323053
1.698 0.00003507872791713929
1.699 0.00003396852440621424
1.7 0.000032891953392890684
1.701 0.00003184804587279019
1.702 0.000030835859162539384
1.703 0.000029854476234174525
1.704 0.000028903005064920116
1.705 0.000027980578002015492
1.706 0.000027086351142278633
1.707 0.000026219503726113905
1.708 0.000025379237545663853
1.709 0.000024564776366810318
1.71 0.000023775365364738073
1.711 0.00002301027057278144
1.712 0.00002226877834427845
1.713 0.000021550194827150332
1.714 0.00002085384545095119
1.715 0.000020179074426115344
1.716 0.000019525244255147653
1.717 0.00001889173525550344
1.718 0.00001827794509390943
1.719 0.000017683288331873924
1.72 0.000017107195982157956
1.721 0.000016549115075957624
1.722 0.000016008508240580216
1.723 0.000015484853287371326
1.724 0.00001497764280968357
1.725 0.000014486383790654957
1.726 0.000014010597220596732
1.727 0.000013549817723762359
1.728 0.000013103593194303785
1.729 0.000012671484441205544
1.73 0.00001225306484199957
1.731 0.000011847920005064248
1.732 0.000011455647440313204
1.733 0.000011075856238091239
1.734 0.000010708166756089499
1.735 0.000010352210314096393
1.736 0.000010007628896412588
1.737 9.674074861751929e-6
1.738 9.351210660459052e-6
1.739 9.038708558874904e-6
1.74 8.736250370690049e-6
1.741 8.4435271951214e-6
1.742 8.16023916175585e-6
1.743 7.88609518190819e-6
1.744 7.6208127063404e-6
1.745 7.364117489194907e-6
1.746 7.115743357997394e-6
1.747 6.875431989584626e-6
1.748 6.642932691823014e-6
1.749 6.418002190974893e-6
1.75 6.2004044245857435e-6
1.7510000000000001 5.989910339756347e-6
1.752 5.786297696676135e-6
1.7530000000000001 5.5893508772881435e-6
1.754 5.3988606989673375e-6
1.7550000000000001 5.214624233088683e-6
1.756 5.03644462836937e-6
1.7570000000000001 4.86413093886945e-6
1.758 4.697497956538807e-6
1.7590000000000001 4.536366048199291e-6
1.76 4.380560996855588e-6
1.7610000000000001 4.229913847228283e-6
1.762 4.084260755406671e-6
1.7630000000000001 3.943442842519426e-6
1.764 3.807306052325808e-6
1.7650000000000001 3.6757010126294883e-6
1.766 3.5484829004211814e-6
1.7670000000000001 3.425511310657893e-6
1.768 3.3066501285881593e-6
1.7690000000000001 3.191767405535066e-6
1.77 3.08073523805047e-6
1.7710000000000001 2.9734296503564513e-6
1.772 2.869730479991723e-6
1.7730000000000001 2.7695212665809542e-6
1.774 2.6726891436501973e-6
1.7750000000000001 2.5791247334096796e-6
1.776 2.4887220444297882e-6
1.7770000000000001 2.401378372135838e-6
1.778 2.3169942020506906e-6
1.7790000000000001 2.235473115714141e-6
1.78 2.1567216992109058e-6
1.7810000000000001 2.08064945424026e-6
1.782 2.007168711661753e-6
1.7830000000000001 1.9361945474529026e-6
1.784 1.8676447010169273e-6
1.7850000000000001 1.8014394957786785e-6
1.786 1.737501762010604e-6
1.7870000000000001 1.6757567618291276e-6
1.788 1.616132116305797e-6
1.7890000000000001 1.5585577346370967e-6
1.79 1.5029657453193937e-6
1.7910000000000001 1.4492904292757498e-6
1.792 1.3974681548834906e-6
1.793 1.3474373148520565e-6
1.794 1.299138264901662e-6
1.795 1.2525132641959233e-6
1.796 1.207506417480598e-6
1.797 1.1640636188834922e-6
1.798 1.1221324973309648e-6
1.799 1.0816623635375713e-6
1.8 1.042604158526555e-6
1.801 1.004910403639835e-6
1.802 9.68535151997379e-7
1.803 9.334339413666932e-7
1.804 8.995637484039547e-7
1.805 8.668829442297139e-7
1.806 8.353512513025085e-7
1.807 8.049297015551668e-7
1.808 7.755805957590125e-7
1.809 7.47267464082324e-7
1.81 7.199550278102169e-7
1.811 6.936091621937587e-7
1.812 6.681968603973389e-7
1.813 6.436861985136295e-7
1.814 6.200463016165802e-7
1.815 5.972473108237019e-7
1.816 5.752603513390808e-7
1.817 5.540575014503207e-7
1.818 5.336117624519895e-7
1.819 5.138970294702075e-7
1.82 4.948880631624657e-7
1.821 4.765604622684813e-7
1.822 4.5889063698758243e-7
1.823 4.4185578315964693e-7
1.824 4.2543385722639945e-7
1.825 4.0960355195118653e-7
1.826 3.9434427287536986e-7
1.827 3.7963611549049223e-7
1.828 3.6545984310555084e-7
1.829 3.517968653896113e-7
1.83 3.386292175701477e-7
1.831 3.25939540268511e-7
1.832 3.137110599537346e-7
1.833 3.019275699972079e-7
1.834 2.9057341231050156e-7
1.835 2.7963345954954685e-7
1.836 2.690930978686437e-7
1.837 2.589382102082704e-7
1.838 2.491551601010853e-7
1.839 2.397307759809718e-7
1.84 2.3065233598030796e-7
1.841 2.219075532011772e-7
1.842 2.1348456144649953e-7
1.843 2.0537190139754192e-7
1.844 1.9755850722456984e-7
1.845 1.900336936178174e-7
1.846 1.8278714322631574e-7
1.847 1.7580889449239383e-7
1.848 1.690893298700759e-7
1.849 1.626191644159441e-7
1.85 1.5638943474121746e-7
1.851 1.5039148831433314e-7
1.852 1.4461697310339613e-7
1.853 1.3905782754832623e-7
1.854 1.3370627085270862e-7
1.855 1.2855479358572484e-7
1.856 1.2359614858474062e-7
1.857 1.1882334214944914e-7
1.858 1.1422962551867548e-7
1.859 1.0980848662126471e-7
1.86 1.0555364209267015e-7
1.861 1.0145902954911126e-7
1.862 9.751880011141456e-8
1.863 9.372731117089536e-8
1.864 9.007911938978081e-8
1.865 8.656897392901594e-8
1.866 8.319180989637748e-8
1.867 7.994274200811063e-8
1.868 7.681705845746377e-8
1.869 7.381021498369693e-8
1.87 7.091782913533625e-8
1.871 6.813567472160636e-8
1.872 6.545967644617923e-8
1.873 6.288590471754867e-8
1.874 6.041057063044817e-8
1.875 5.803002111301784e-8
1.8760000000000001 5.574073423442508e-8
1.877 5.353931466796054e-8
1.8780000000000001 5.142248930464455e-8
1.879 4.9387103012612176e-8
1.8800000000000001 4.7430114537663386e-8
1.881 4.5548592540475606e-8
1.8820000000000001 4.373971176615525e-8
1.883 4.200074934190844e-8
1.8840000000000001 4.032908119873375e-8
1.885 3.872217861319054e-8
1.8860000000000001 3.7177604865369606e-8
1.887 3.569301200938218e-8
1.8880000000000001 3.426613775270405e-8
1.889 3.289480244091082e-8
1.8900000000000001 3.157690614437251e-8
1.891 3.0310425843647077e-8
1.8920000000000001 2.909341271034993e-8
1.893 2.7923989480422614e-8
1.8940000000000001 2.6800347916792132e-8
1.895 2.572074635851765e-8
1.8960000000000001 2.4683507353604716e-8
1.897 2.3687015372753796e-8
1.8980000000000001 2.2729714601400384e-8
1.899 2.1810106807482675e-8
1.9000000000000001 2.0926749282444058e-8
1.901 2.0078252853080915e-8
1.9020000000000001 1.9263279961881613e-8
1.903 1.848054281361665e-8
1.9040000000000001 1.7728801585978838e-8
1.905 1.7006862702163483e-8
1.9060000000000001 1.6313577163327004e-8
1.907 1.564783893894442e-8
1.9080000000000001 1.5008583413131994e-8
1.909 1.4394785885078334e-8
1.9100000000000001 1.3805460121772563e-8
1.911 1.3239656961284033e-8
1.9120000000000001 1.2696462964902656e-8
1.913 1.2174999116498977e-8
1.9140000000000001 1.1674419567515963e-8
1.915 1.1193910426065582e-8
1.9160000000000001 1.0732688588632849e-8
1.917 1.0290000612956357e-8
1.9180000000000001 9.865121630691332e-9
1.919 9.457354298506863e-9
1.92 9.066027786315199e-9
1.921 8.690496801368385e-9
1.922 8.330140647006867e-9
1.923 7.984362314873052e-9
1.924 7.652587609450763e-9
1.925 7.334264303824601e-9
1.926 7.028861325589362e-9
1.927 6.735867971874846e-9
1.928 6.4547931524864395e-9
1.929 6.18516466019274e-9
1.93 5.926528467226461e-9
1.931 5.678448047089882e-9
1.932 5.4405037207940884e-9
1.933 5.2122920266825745e-9
1.934 4.993425113022236e-9
1.935 4.7835301525701014e-9
1.936 4.582248778352435e-9
1.937 4.38923653991547e-9
1.938 4.204162379332701e-9
1.939 4.026708126279901e-9
1.94 3.856568011508952e-9
1.941 3.693448198074288e-9
1.942 3.5370663296904658e-9
1.943 3.3871510956164045e-9
1.944 3.24344181148514e-9
1.945 3.105688015515081e-9
1.946 2.9736490795605744e-9
1.947 2.8470938344754907e-9
1.948 2.725800209282796e-9
1.949 2.6095548836598103e-9
1.95 2.498152953265617e-9
1.951 2.3913976074534754e-9
1.952 2.2890998189259534e-9
1.953 2.1910780449068108e-9
1.954 2.0971579394172804e-9
1.955 2.0071720762585913e-9
1.956 1.920959682317285e-9
1.957 1.8383663808214531e-9
1.958 1.7592439441906051e-9
1.959 1.6834500561326617e-9
1.96 1.6108480826546726e-9
1.961 1.541306851664863e-9
1.962 1.474700440854951e-9
1.963 1.4109079735625289e-9
1.964 1.3498134223235752e-9
1.965 1.2913054198358436e-9
1.966 1.2352770770625407e-9
1.967 1.1816258082165034e-9
1.968 1.1302531623732613e-9
1.969 1.081064661470351e-9
1.97 1.0339696444593162e-9
1.971 9.888811173842756e-10
1.972 9.457156091695012e-10
1.973 9.043930329059704e-10
1.974 8.64836552434216e-10
1.975 8.269724540279728e-10
1.976 7.90730022990254e-10
1.977 7.560414249799207e-10
1.978 7.228415918936735e-10
1.979 6.910681121340101e-10
1.98 6.606611251005897e-10
1.981 6.315632197473275e-10
1.982 6.037193370542699e-10
1.983 5.770766762674746e-10
1.984 5.515846047666015e-10
1.985 5.271945714240546e-10
1.986 5.038600233250686e-10
1.987 4.815363257223349e-10
1.988 4.6018068510381335e-10
1.989 4.397520752563504e-10
1.99 4.2021116621229927e-10
1.991 4.0152025597023155e-10
1.992 3.83643204885008e-10
1.993 3.665453726259305e-10
1.994 3.5019355760594347e-10
1.995 3.3455593878775444e-10
1.996 3.1960201977681785e-10
1.997 3.053025751139477e-10
1.998 2.916295986837616e-10
1.999 2.7855625415825246e-10
2. 2.6605682739764166e-10
2.001 2.5410668073362303e-10
2.0020000000000002 2.4268220906287246e-10
2.003 2.3176079768128353e-10
2.004 2.2132078179217234e-10
2.005 2.1134140762376858e-10
2.0060000000000002 2.0180279509436862e-10
2.007 1.9268590196503454e-10
2.008 1.8397248942259383e-10
2.009 1.7564508903757045e-10
2.0100000000000002 1.6768697104369228e-10
2.011 1.600821138878229e-10
2.012 1.5281517500082447e-10
2.013 1.458714627419817e-10
2.0140000000000002 1.3923690947121354e-10
2.015 1.328980457050964e-10
2.016 1.2684197531433766e-10
2.017 1.2105635172203429e-10
2.0180000000000002 1.1552935506346913e-10
2.019 1.1024967026977128e-10
2.02 1.0520646603913654e-10
2.021 1.0038937466076136e-10
2.0220000000000002 9.578847265785099e-11
2.023 9.139426221748954e-11
2.024 8.719765337625479e-11
2.025 8.318994693173087e-11
2.0260000000000002 7.936281805120697e-11
2.027 7.570830054989356e-11
2.028 7.221877181213185e-11
2.029 6.888693833003201e-11
2.0300000000000002 6.570582183496442e-11
2.031 6.266874599832102e-11
2.032 5.976932367881756e-11
2.033 5.700144469449809e-11
2.0340000000000003 5.435926409850483e-11
2.035 5.183719093839276e-11
2.036 4.9429877479630885e-11
2.037 4.7132208874651485e-11
2.0380000000000003 4.4939293259539983e-11
2.039 4.284645226114216e-11
2.04 4.084921189807029e-11
2.041 3.894329385969465e-11
2.0420000000000003 3.7124607147871214e-11
2.043 3.538924006671178e-11
2.044 3.373345254630943e-11
2.045 3.2153668786879453e-11
2.0460000000000003 3.0646470210297924e-11
2.047 2.920858870654861e-11
2.048 2.7836900163057605e-11
2.049 2.6528418265408233e-11
2.05 2.5280288558341864e-11
2.051 2.4089782756418592e-11
2.052 2.29542932941177e-11
2.053 2.1871328105577985e-11
2.054 2.0838505624550978e-11
2.055 1.9853549995530532e-11
2.056 1.8914286487368408e-11
2.057 1.8018637101046814e-11
2.058 1.7164616363604778e-11
2.059 1.635032730052861e-11
2.06 1.5573957579241332e-11
2.061 1.483377581660553e-11
2.062 1.4128128043652054e-11
2.063 1.3455434321006163e-11
2.064 1.2814185498760848e-11
2.065 1.220294011478832e-11
2.066 1.162032142572715e-11
2.067 1.1065014565114648e-11
2.068 1.053576382336627e-11
2.069 1.0031370044496241e-11
2.07 9.550688134715323e-12
2.071 9.092624678203473e-12
2.072 8.656135655576901e-12
2.073 8.240224260726124e-12
2.074 7.843938811900935e-12
2.075 7.466370753070425e-12
2.076 7.106652741754915e-12
2.077 6.7639568196835704e-12
2.078 6.437492662778891e-12
2.079 6.126505907114289e-12
2.08 5.830276547628078e-12
2.081 5.548117406508741e-12
2.082 5.279372668297769e-12
2.083 5.023416478873315e-12
2.084 4.779651605597672e-12
2.085 4.547508156024387e-12
2.086 4.326442352667507e-12
2.087 4.1159353614403324e-12
2.088 3.915492171469922e-12
2.089 3.72464052408797e-12
2.09 3.5429298888927493e-12
2.091 3.369930484862823e-12
2.092 3.205232344587638e-12
2.093 3.0484444197617043e-12
2.094 2.899193726166122e-12
2.095 2.757124526436458e-12
2.096 2.6218975489868768e-12
2.097 2.4931892415272687e-12
2.098 2.3706910576798886e-12
2.099 2.254108775261524e-12
2.1 2.1431618448580173e-12
2.101 2.0375827673779223e-12
2.102 1.937116499325985e-12
2.103 1.8415198845905557e-12
2.104 1.750561111590708e-12
2.105 1.6640191946779514e-12
2.106 1.5816834787331574e-12
2.107 1.503353165946156e-12
2.108 1.4288368638071776e-12
2.109 1.3579521533812772e-12
2.11 1.2905251769768926e-12
2.111 1.2263902443565917e-12
2.112 1.1653894566760124e-12
2.113 1.1073723473705468e-12
2.114 1.0521955392435083e-12
2.115 9.997224170417905e-13
2.116 9.498228148347862e-13
2.117 9.023727175428613e-13
2.118 8.572539759892329e-13
2.119 8.14354034876236e-13
2.12 7.735656731131657e-13
2.121 7.347867559470059e-13
2.122 6.979199983718759e-13
2.123 6.628727393153197e-13
2.124 6.295567261213819e-13
2.125 5.978879088713075e-13
2.126 5.677862441029743e-13
2.1270000000000002 5.391755075087872e-13
2.128 5.119831152104637e-13
2.129 4.861399532266048e-13
2.13 4.615802147656467e-13
2.1310000000000002 4.382412449930106e-13
2.132 4.1606339293656035e-13
2.133 3.9498987020918446e-13
2.134 3.7496661624163814e-13
2.1350000000000002 3.559421697319859e-13
2.136 3.3786754603115284e-13
2.137 3.2069612019637116e-13
2.138 3.0438351545605394e-13
2.1390000000000002 2.88887496841216e-13
2.14 2.7416786974907364e-13
2.141 2.6018638321509044e-13
2.142 2.4690663767952877e-13
2.1430000000000002 2.342939970441111e-13
2.144 2.2231550482347608e-13
2.145 2.1093980420470235e-13
2.146 2.0013706183675603e-13
2.1470000000000002 1.8987889517933572e-13
2.148 1.8013830324844965e-13
2.149 1.7088960060313166e-13
2.15 1.6210835442491306e-13
2.1510000000000002 1.5377132454806567e-13
2.152 1.4585640630515745e-13
2.153 1.3834257605842252e-13
2.154 1.312098392934735e-13
2.1550000000000002 1.244391811571612e-13
2.156 1.180125193269559e-13
2.157 1.1191265910414011e-13
2.158 1.061232506281041e-13
2.1590000000000003 1.0062874811351411e-13
2.16 9.541437101676282e-14
2.161 9.046606704215083e-14
2.162 8.577047690247861e-14
2.1630000000000003 8.13149007525043e-14
2.164 7.708726621746086e-14
2.165 7.307609794236505e-14
2.166 6.927048859121615e-14
2.1670000000000003 6.566007122847038e-14
2.168 6.223499301820178e-14
2.169 5.898589017930989e-14
2.17 5.590386413804717e-14
2.1710000000000003 5.2980458821712454e-14
2.172 5.0207639040009035e-14
2.173 4.757776990297443e-14
2.174 4.508359722679754e-14
2.1750000000000003 4.271822888100507e-14
2.176 4.047511703270161e-14
2.177 3.834804124555203e-14
2.178 3.633109239318681e-14
2.179 3.441865734851595e-14
2.18 3.260540441229432e-14
2.181 3.0886269445913716e-14
2.182 2.925644267505165e-14
2.183 2.7711356132348814e-14
2.184 2.6246671708776742e-14
2.185 2.4858269784749567e-14
2.186 2.3542238413389548e-14
2.187 2.2294863029649486e-14
2.188 2.1112616660221386e-14
2.189 1.9992150610312526e-14
2.19 1.893028560450668e-14
2.191 1.7924003360006468e-14
2.192 1.69704385715334e-14
2.193 1.606687128816853e-14
2.194 1.5210719663321674e-14
2.195 1.4399533059918747e-14
2.196 1.3630985493721333e-14
2.197 1.2902869398511703e-14
2.198 1.2213089697633802e-14
2.199 1.1559658167127276e-14
2.2 1.094068807636614e-14
2.201 1.035438909280754e-14
2.202 9.799062438065118e-15
2.203 9.273096283149405e-15
2.204 8.77496137127601e-15
2.205 8.30320685720889e-15
2.206 7.856456352618827e-15
2.207 7.433404167447379e-15
2.208 7.03281173773501e-15
2.209 6.65350423083728e-15
2.21 6.2943673193748296e-15
2.211 5.954344115686951e-15
2.212 5.63243225894697e-15
2.213 5.327681147475813e-15
2.214 5.039189309142171e-15
2.215 4.766101903090219e-15
2.216 4.50760834635065e-15
2.217 4.262940059204152e-15
2.218 4.031368323462085e-15
2.219 3.8122022481123334e-15
2.22 3.6047868370418344e-15
2.221 3.4085011538046945e-15
2.222 3.2227565786508745e-15
2.223 3.046995153256995e-15
2.224 2.8806880088256187e-15
2.225 2.7233338734284346e-15
2.226 2.5744576546669943e-15
2.227 2.4336090939196458e-15
2.228 2.3003614886204344e-15
2.229 2.1743104791922375e-15
2.23 2.0550728974187216e-15
2.231 1.942285673198163e-15
2.232 1.835604796770296e-15
2.233 1.7347043336515192e-15
2.234 1.6392754896453823e-15
2.235 1.5490257234294363e-15
2.236 1.4636779043371826e-15
2.237 1.3829695130743824e-15
2.238 1.306651883217211e-15
2.239 1.234489481448608e-15
2.24 1.1662592245867973e-15
2.241 1.1017498315583178e-15
2.242 1.0407612085574867e-15
2.243 9.831038657217198e-16
2.244 9.28598363735026e-16
2.245 8.77074788849466e-16
2.246 8.283722548903272e-16
2.247 7.82338430881394e-16
2.248 7.388290929943187e-16
2.249 6.977076995904154e-16
2.25 6.588449881849143e-16
2.251 6.221185932214404e-16
2.2520000000000002 5.874126836001183e-16
2.253 5.546176189555726e-16
2.254 5.236296237307722e-16
2.255 4.94350478140796e-16
2.2560000000000002 4.666872251657025e-16
2.257 4.4055189275478825e-16
2.258 4.158612304655304e-16
2.259 3.9253645979946506e-16
2.2600000000000002 3.7050303753446287e-16
2.261 3.4969043138777933e-16
2.262 3.3003190737787927e-16
2.263 3.1146432828516075e-16
2.2640000000000002 2.9392796264140075e-16
2.265 2.773663037069845e-16
2.266 2.6172589792194805e-16
2.267 2.4695618234331943e-16
2.2680000000000002 2.330093306052908e-16
2.269 2.1984010696283317e-16
2.27 2.0740572800120545e-16
2.271 1.9566573161533705e-16
2.2720000000000002 1.8458185288286678e-16
2.273 1.7411790647407132e-16
2.274 1.6423967525975838e-16
2.275 1.5491480479582205e-16
2.2760000000000002 1.4611270337913687e-16
2.277 1.3780444738548703e-16
2.278 1.2996269161460942e-16
2.279 1.225615843817909e-16
2.2800000000000002 1.1557668710864825e-16
2.281 1.0898489817842048e-16
2.282 1.0276438083316139e-16
2.283 9.689449490162994e-17
2.2840000000000003 9.13557321575575e-17
2.285 8.612965511825056e-17
2.286 8.119883910323332e-17
2.287 7.654681738204976e-17
2.2880000000000003 7.215802924901437e-17
2.289 6.801777087117243e-17
2.29 6.411214876362705e-17
2.291 6.04280357539778e-17
2.2920000000000003 5.695302930472379e-17
2.293 5.367541206932627e-17
2.294 5.058411456403203e-17
2.295 4.7668679843723817e-17
2.2960000000000003 4.491923007583813e-17
2.297 4.23264349119242e-17
2.298 3.98814815616104e-17
2.299 3.7576046478774595e-17
2.3000000000000003 3.540226857434405e-17
2.301 3.3352723874675354e-17
2.302 3.1420401548668423e-17
2.303 2.9598681230804715e-17
2.3040000000000003 2.78813115711048e-17
2.305 2.626238994662313e-17
2.306 2.4736343272512513e-17
2.307 2.3297909853965322e-17
2.308 2.194212222340286e-17
2.309 2.066429091023192e-17
2.31 1.9459989093233055e-17
2.311 1.8325038088300345e-17
2.312 1.7255493626741904e-17
2.313 1.6247632881702546e-17
2.314 1.5297942202523444e-17
2.315 1.4403105518976298e-17
2.316 1.3559993379328614e-17
2.317 1.2765652588092654e-17
2.318 1.2017296411141473e-17
2.319 1.1312295317570412e-17
2.32 1.064816822932676e-17
2.321 1.0022574251161018e-17
2.322 9.43330485491406e-18
2.323 8.878276493544908e-18
2.324 8.355523621609486e-18
2.325 7.863192100146856e-18
2.326 7.399532965106694e-18
2.327 6.962896539562206e-18
2.328 6.551726871020559e-18
2.329 6.164556476132726e-18
2.33 5.800001376060899e-18
2.331 5.4567564066528686e-18
2.332 5.133590788435517e-18
2.333 4.829343942230806e-18
2.334 4.542921536972992e-18
2.335 4.2732917570219036e-18
2.336 4.019481776955126e-18
2.337 3.780574432469566e-18
2.338 3.555705076634145e-18
2.339 3.3440586113210704e-18
2.34 3.144866684190441e-18
2.341 2.957405042123827e-18
2.342 2.780991032497905e-18
2.343 2.614981244154355e-18
2.344 2.4587692803632535e-18
2.345 2.3117836565000857e-18
2.346 2.1734858155465786e-18
2.347 2.043368254905028e-18
2.348 1.920952758366711e-18
2.349 1.8057887274156166e-18
2.35 1.6974516063608586e-18
2.351 1.5955413960945184e-18
2.352 1.499681251557539e-18
2.353 1.4095161582619596e-18
2.354 1.3247116834752175e-18
2.355 1.244952797910656e-18
2.356 1.1699427639998316e-18
2.357 1.0994020870333588e-18
2.358 1.0330675256646722e-18
2.359 9.706911584612743e-19
2.36 9.120395033729924e-19
2.361 8.56892687156512e-19
2.362 8.050436619610704e-19
2.363 7.56297466432701e-19
2.364 7.104705288418714e-19
2.365 6.6739000987570805e-19
2.366 6.268931828680917e-19
2.367 5.888268493627751e-19
2.368 5.530467880223637e-19
2.369 5.1941723500589415e-19
2.37 4.878103940417215e-19
2.371 4.581059745210924e-19
2.372 4.3019075603135476e-19
2.373 4.039581778349337e-19
2.374 3.793079518842319e-19
2.375 3.561456980404619e-19
2.376 3.3438260023950733e-19
2.3770000000000002 3.139350824174798e-19
2.378 2.9472450307530085e-19
2.379 2.7667686742437297e-19
2.38 2.5972255611432034e-19
2.3810000000000002 2.4379606960035236e-19
2.382 2.288357872599409e-19
2.383 2.147837404189819e-19
2.384 2.0158539849469792e-19
2.3850000000000002 1.8918946750699688e-19
2.386 1.7754770025214575e-19
2.387 1.6661471747246647e-19
2.388 1.5634783939328029e-19
2.3890000000000002 1.4670692703371547e-19
2.39 1.3765423273170579e-19
2.391 1.2915425935481066e-19
2.392 1.2117362769878476e-19
2.3930000000000002 1.1368095160359984e-19
2.394 1.0664672034360409e-19
2.395 1.000431878733978e-19
2.396 9.38442685349195e-20
2.3970000000000002 8.802543885354053e-20
2.398 8.256364507215236e-20
2.399 7.743721609220584e-20
2.4 7.262578150951269e-20
2.4010000000000002 6.811019445037628e-20
2.402 6.387245893049452e-20
2.403 5.98956614747731e-20
2.404 5.61639067513017e-20
2.4050000000000002 5.266225698678587e-20
2.406 4.9376674943981e-20
2.407 4.6293970254373296e-20
2.408 4.340174891107933e-20
2.4090000000000003 4.068836573822428e-20
2.41 3.8142879663498415e-20
2.411 3.5755011630661224e-20
2.412 3.3515104998067795e-20
2.4130000000000003 3.1414088278178233e-20
2.414 2.944344008137787e-20
2.415 2.7595156135279396e-20
2.416 2.5861718258149258e-20
2.4170000000000003 2.423606517207987e-20
2.418 2.2711565048148915e-20
2.419 2.1281989682033647e-20
2.42 1.9941490204434793e-20
2.4210000000000003 1.868457423619205e-20
2.422 1.7506084403213193e-20
2.423 1.6401178131233397e-20
2.424 1.5365308645110648e-20
2.4250000000000003 1.439420710169717e-20
2.426 1.3483865789476042e-20
2.427 1.2630522332032417e-20
2.428 1.1830644836104147e-20
2.4290000000000003 1.1080917928395014e-20
2.43 1.03782296286108e-20
2.431 9.719659009222039e-21
2.432 9.102464595381185e-21
2.433 8.524073461111795e-21
2.434 7.982070980479798e-21
2.435 7.474191194870437e-21
2.436 6.998307759766188e-21
2.437 6.552425436575813e-21
2.438 6.134672097088462e-21
2.439 5.743291210027643e-21
2.44 5.376634780974608e-21
2.441 5.0331567186314184e-21
2.442 4.711406601971886e-21
2.443 4.410023824344372e-21
2.444 4.12773209198598e-21
2.445 3.863334255755699e-21
2.446 3.6157074561342464e-21
2.447 3.3837985627240764e-21
2.448 3.1666198905895473e-21
2.449 2.963245176830209e-21
2.45 2.7728058017573665e-21
2.451 2.594487239975675e-21
2.452 2.4275257275424748e-21
2.453 2.2712051322010074e-21
2.454 2.124854014454339e-21
2.455 1.9878428679774493e-21
2.456 1.8595815285486738e-21
2.457 1.739516741326394e-21
2.458 1.6271298769049829e-21
2.459 1.5219347871543215e-21
2.46 1.4234757923844588e-21
2.461 1.3313257918831737e-21
2.462 1.2450844903505543e-21
2.463 1.1643767332013879e-21
2.464 1.0888509441280052e-21
2.465 1.0181776587126317e-21
2.466 9.520481482509254e-22
2.467 8.90173128299521e-22
2.468 8.322815467893108e-22
2.469 7.78119446857761e-22
2.47 7.274488998448379e-22
2.471 6.800470041713518e-22
2.472 6.357049460772111e-22
2.473 5.942271184397405e-22
2.474 5.5543029412024e-22
2.475 5.191428505021621e-22
2.476 4.85204042085415e-22
2.477 4.534633181919412e-22
2.478 4.237796830155496e-22
2.479 3.960210954169697e-22
2.48 3.7006390602268187e-22
2.481 3.4579232933466076e-22
2.482 3.2309794869701815e-22
2.483 3.018792520970249e-22
2.484 2.82041196900667e-22
2.485 2.634948017389597e-22
2.486 2.4615676386976813e-22
2.487 2.2994910044217376e-22
2.488 2.147988121863572e-22
2.489 2.0063756814236288e-22
2.49 1.8740141012576853e-22
2.491 1.7503047570802135e-22
2.492 1.634687385639464e-22
2.493 1.526637651094005e-22
2.494 1.4256648641802435e-22
2.495 1.3313098446804077e-22
2.496 1.2431429182841056e-22
2.497 1.1607620394846155e-22
2.498 1.0837910326634326e-22
2.499 1.011877944001671e-22
2.5 9.446934973089378e-23
