0.001 1.40725e-8
 0.002 5.62976e-8
 0.003 1.26698e-7
 0.004 2.2531e-7
 0.005 3.52188e-7
 0.006 5.07398e-7
 0.007 6.91023e-7
 0.008 9.03161e-7
 0.009 1.14392e-6
 0.01 1.41344e-6
 0.011 1.71185e-6
 0.012 2.03932e-6
 0.013 2.39602e-6
 0.014 2.78213e-6
 0.015 3.19786e-6
 0.016 3.64343e-6
 0.017 4.11908e-6
 0.018 4.62505e-6
 0.019 5.16161e-6
 0.02 5.72905e-6
 0.021 6.32766e-6
 0.022 6.95775e-6
 0.023 7.61965e-6
 0.024 8.31371e-6
 0.025 9.04029e-6
 0.026 9.79976e-6
 0.027 0.0000105925
 0.028 0.000011419
 0.029 0.0000122796
 0.03 0.0000131747
 0.031 0.0000141049
 0.032 0.0000150706
 0.033 0.0000160723
 0.034 0.0000171105
 0.035 0.0000181857
 0.036 0.0000192986
 0.037 0.0000204495
 0.038 0.0000216392
 0.039 0.0000228682
 0.04 0.0000241372
 0.041 0.0000254467
 0.042 0.0000267975
 0.043 0.0000281901
 0.044 0.0000296253
 0.045 0.0000311039
 0.046 0.0000326264
 0.047 0.0000341938
 0.048 0.0000358066
 0.049 0.0000374658
 0.05 0.0000391722
 0.051 0.0000409264
 0.052 0.0000427295
 0.053 0.0000445822
 0.054 0.0000464855
 0.055 0.0000484403
 0.056 0.0000504474
 0.057 0.0000525079
 0.058 0.0000546227
 0.059 0.0000567928
 0.06 0.0000590192
 0.061 0.000061303
 0.062 0.0000636451
 0.063 0.0000660468
 0.064 0.0000685091
 0.065 0.0000710331
 0.066 0.00007362
 0.067 0.000076271
 0.068 0.0000789873
 0.069 0.00008177
 0.07 0.0000846205
 0.071 0.00008754
 0.072 0.0000905298
 0.073 0.0000935912
 0.074 0.0000967257
 0.075 0.0000999345
 0.076 0.000103219
 0.077 0.000106581
 0.078 0.000110021
 0.079 0.000113542
 0.08 0.000117144
 0.081 0.00012083
 0.082 0.0001246
 0.083 0.000128457
 0.084 0.000132402
 0.085 0.000136436
 0.086 0.000140562
 0.087 0.000144781
 0.088 0.000149095
 0.089 0.000153505
 0.09 0.000158014
 0.091 0.000162623
 0.092 0.000167335
 0.093 0.00017215
 0.094 0.000177072
 0.095 0.000182101
 0.096 0.000187241
 0.097 0.000192492
 0.098 0.000197858
 0.099 0.00020334
 0.1 0.000208941
 0.101 0.000214662
 0.102 0.000220506
 0.103 0.000226475
 0.104 0.000232571
 0.105 0.000238798
 0.106 0.000245156
 0.107 0.000251649
 0.108 0.000258279
 0.109 0.000265049
 0.11 0.000271961
 0.111 0.000279017
 0.112 0.000286221
 0.113 0.000293575
 0.114 0.000301081
 0.115 0.000308743
 0.116 0.000316563
 0.117 0.000324544
 0.118 0.000332689
 0.119 0.000341001
 0.12 0.000349483
 0.121 0.000358137
 0.122 0.000366968
 0.123 0.000375978
 0.124 0.00038517
 0.125 0.000394548
 0.126 0.000404114
 0.127 0.000413872
 0.128 0.000423826
 0.129 0.000433979
 0.13 0.000444334
 0.131 0.000454895
 0.132 0.000465665
 0.133 0.000476649
 0.134 0.000487849
 0.135 0.00049927
 0.136 0.000510915
 0.137 0.000522788
 0.138 0.000534894
 0.139 0.000547235
 0.14 0.000559817
 0.141 0.000572643
 0.142 0.000585717
 0.143 0.000599044
 0.144 0.000612628
 0.145 0.000626473
 0.146 0.000640584
 0.147 0.000654965
 0.148 0.00066962
 0.149 0.000684555
 0.15 0.000699773
 0.151 0.00071528
 0.152 0.000731081
 0.153 0.00074718
 0.154 0.000763582
 0.155 0.000780292
 0.156 0.000797316
 0.157 0.000814658
 0.158 0.000832324
 0.159 0.000850318
 0.16 0.000868647
 0.161 0.000887316
 0.162 0.000906331
 0.163 0.000925696
 0.164 0.000945418
 0.165 0.000965502
 0.166 0.000985955
 0.167 0.00100678
 0.168 0.00102799
 0.169 0.00104958
 0.17 0.00107157
 0.171 0.00109395
 0.172 0.00111674
 0.173 0.00113994
 0.174 0.00116356
 0.175 0.0011876
 0.176 0.00121207
 0.177 0.00123698
 0.178 0.00126234
 0.179 0.00128815
 0.18 0.00131442
 0.181 0.00134115
 0.182 0.00136835
 0.183 0.00139604
 0.184 0.00142421
 0.185 0.00145288
 0.186 0.00148206
 0.187 0.00151174
 0.188 0.00154194
 0.189 0.00157267
 0.19 0.00160393
 0.191 0.00163574
 0.192 0.00166809
 0.193 0.00170101
 0.194 0.00173449
 0.195 0.00176855
 0.196 0.00180319
 0.197 0.00183843
 0.198 0.00187427
 0.199 0.00191072
 0.2 0.00194779
 0.201 0.00198549
 0.202 0.00202383
 0.203 0.00206282
 0.204 0.00210247
 0.205 0.00214278
 0.206 0.00218378
 0.207 0.00222546
 0.208 0.00226783
 0.209 0.00231092
 0.21 0.00235472
 0.211 0.00239925
 0.212 0.00244452
 0.213 0.00249054
 0.214 0.00253732
 0.215 0.00258487
 0.216 0.00263321
 0.217 0.00268233
 0.218 0.00273227
 0.219 0.00278301
 0.22 0.00283459
 0.221 0.00288701
 0.222 0.00294027
 0.223 0.0029944
 0.224 0.00304941
 0.225 0.0031053
 0.226 0.0031621
 0.227 0.00321981
 0.228 0.00327844
 0.229 0.00333801
 0.23 0.00339853
 0.231 0.00346002
 0.232 0.00352249
 0.233 0.00358594
 0.234 0.00365041
 0.235 0.00371589
 0.236 0.0037824
 0.237 0.00384996
 0.238 0.00391858
 0.239 0.00398828
 0.24 0.00405907
 0.241 0.00413096
 0.242 0.00420397
 0.243 0.00427812
 0.244 0.00435341
 0.245 0.00442988
 0.246 0.00450752
 0.247 0.00458636
 0.248 0.00466641
 0.249 0.00474769
 0.25 0.00483021
 0.251 0.004914
 0.252 0.00499906
 0.253 0.00508542
 0.254 0.00517308
 0.255 0.00526208
 0.256 0.00535242
 0.257 0.00544413
 0.258 0.00553722
 0.259 0.0056317
 0.26 0.0057276
 0.261 0.00582494
 0.262 0.00592373
 0.263 0.00602399
 0.264 0.00612575
 0.265 0.00622901
 0.266 0.0063338
 0.267 0.00644014
 0.268 0.00654805
 0.269 0.00665754
 0.27 0.00676864
 0.271 0.00688137
 0.272 0.00699575
 0.273 0.0071118
 0.274 0.00722953
 0.275 0.00734898
 0.276 0.00747015
 0.277 0.00759308
 0.278 0.00771779
 0.279 0.00784429
 0.28 0.00797261
 0.281 0.00810276
 0.282 0.00823478
 0.283 0.00836869
 0.284 0.00850451
 0.285 0.00864225
 0.286 0.00878195
 0.287 0.00892363
 0.288 0.00906731
 0.289 0.00921302
 0.29 0.00936078
 0.291 0.00951061
 0.292 0.00966254
 0.293 0.00981659
 0.294 0.00997279
 0.295 0.0101312
 0.296 0.0102917
 0.297 0.0104546
 0.298 0.0106196
 0.299 0.0107869
 0.3 0.0109566
 0.301 0.0111285
 0.302 0.0113029
 0.303 0.0114796
 0.304 0.0116587
 0.305 0.0118403
 0.306 0.0120243
 0.307 0.0122108
 0.308 0.0123999
 0.309 0.0125915
 0.31 0.0127857
 0.311 0.0129825
 0.312 0.0131819
 0.313 0.013384
 0.314 0.0135888
 0.315 0.0137964
 0.316 0.0140067
 0.317 0.0142197
 0.318 0.0144357
 0.319 0.0146544
 0.32 0.0148761
 0.321 0.0151006
 0.322 0.0153282
 0.323 0.0155587
 0.324 0.0157922
 0.325 0.0160287
 0.326 0.0162683
 0.327 0.0165111
 0.328 0.016757
 0.329 0.017006
 0.33 0.0172583
 0.331 0.0175138
 0.332 0.0177726
 0.333 0.0180348
 0.334 0.0183002
 0.335 0.0185691
 0.336 0.0188414
 0.337 0.0191171
 0.338 0.0193963
 0.339 0.0196791
 0.34 0.0199654
 0.341 0.0202554
 0.342 0.0205489
 0.343 0.0208462
 0.344 0.0211471
 0.345 0.0214519
 0.346 0.0217604
 0.347 0.0220727
 0.348 0.0223889
 0.349 0.022709
 0.35 0.0230331
 0.351 0.0233611
 0.352 0.0236932
 0.353 0.0240294
 0.354 0.0243696
 0.355 0.024714
 0.356 0.0250626
 0.357 0.0254154
 0.358 0.0257725
 0.359 0.0261339
 0.36 0.0264997
 0.361 0.0268698
 0.362 0.0272444
 0.363 0.0276235
 0.364 0.0280071
 0.365 0.0283953
 0.366 0.0287881
 0.367 0.0291856
 0.368 0.0295877
 0.369 0.0299946
 0.37 0.0304063
 0.371 0.0308228
 0.372 0.0312442
 0.373 0.0316706
 0.374 0.0321019
 0.375 0.0325382
 0.376 0.0329796
 0.377 0.0334261
 0.378 0.0338777
 0.379 0.0343346
 0.38 0.0347967
 0.381 0.0352642
 0.382 0.0357369
 0.383 0.0362151
 0.384 0.0366987
 0.385 0.0371878
 0.386 0.0376825
 0.387 0.0381827
 0.388 0.0386886
 0.389 0.0392002
 0.39 0.0397175
 0.391 0.0402406
 0.392 0.0407696
 0.393 0.0413045
 0.394 0.0418453
 0.395 0.0423921
 0.396 0.0429449
 0.397 0.0435039
 0.398 0.044069
 0.399 0.0446403
 0.4 0.0452178
 0.401 0.0458017
 0.402 0.0463919
 0.403 0.0469886
 0.404 0.0475917
 0.405 0.0482014
 0.406 0.0488176
 0.407 0.0494405
 0.408 0.05007
 0.409 0.0507063
 0.41 0.0513494
 0.411 0.0519993
 0.412 0.0526562
 0.413 0.05332
 0.414 0.0539908
 0.415 0.0546688
 0.416 0.0553538
 0.417 0.056046
 0.418 0.0567455
 0.419 0.0574523
 0.42 0.0581664
 0.421 0.058888
 0.422 0.059617
 0.423 0.0603536
 0.424 0.0610977
 0.425 0.0618495
 0.426 0.062609
 0.427 0.0633763
 0.428 0.0641514
 0.429 0.0649344
 0.43 0.0657253
 0.431 0.0665242
 0.432 0.0673312
 0.433 0.0681463
 0.434 0.0689696
 0.435 0.0698011
 0.436 0.070641
 0.437 0.0714892
 0.438 0.0723458
 0.439 0.0732109
 0.44 0.0740845
 0.441 0.0749668
 0.442 0.0758577
 0.443 0.0767573
 0.444 0.0776657
 0.445 0.078583
 0.446 0.0795092
 0.447 0.0804444
 0.448 0.0813886
 0.449 0.0823419
 0.45 0.0833043
 0.451 0.084276
 0.452 0.085257
 0.453 0.0862473
 0.454 0.087247
 0.455 0.0882562
 0.456 0.0892749
 0.457 0.0903033
 0.458 0.0913412
 0.459 0.092389
 0.46 0.0934464
 0.461 0.0945138
 0.462 0.0955911
 0.463 0.0966783
 0.464 0.0977756
 0.465 0.098883
 0.466 0.100001
 0.467 0.101128
 0.468 0.102266
 0.469 0.103415
 0.47 0.104574
 0.471 0.105743
 0.472 0.106923
 0.473 0.108113
 0.474 0.109315
 0.475 0.110527
 0.476 0.111749
 0.477 0.112983
 0.478 0.114227
 0.479 0.115483
 0.48 0.116749
 0.481 0.118027
 0.482 0.119316
 0.483 0.120616
 0.484 0.121928
 0.485 0.12325
 0.486 0.124585
 0.487 0.125931
 0.488 0.127288
 0.489 0.128657
 0.49 0.130038
 0.491 0.13143
 0.492 0.132834
 0.493 0.13425
 0.494 0.135678
 0.495 0.137118
 0.496 0.138571
 0.497 0.140035
 0.498 0.141511
 0.499 0.143
 0.5 0.144501
 0.501 0.146014
 0.502 0.14754
 0.503 0.149079
 0.504 0.15063
 0.505 0.152193
 0.506 0.153769
 0.507 0.155358
 0.508 0.15696
 0.509 0.158575
 0.51 0.160203
 0.511 0.161843
 0.512 0.163497
 0.513 0.165163
 0.514 0.166843
 0.515 0.168537
 0.516 0.170243
 0.517 0.171963
 0.518 0.173696
 0.519 0.175443
 0.52 0.177203
 0.521 0.178976
 0.522 0.180764
 0.523 0.182565
 0.524 0.18438
 0.525 0.186208
 0.526 0.188051
 0.527 0.189907
 0.528 0.191777
 0.529 0.193662
 0.53 0.19556
 0.531 0.197473
 0.532 0.199399
 0.533 0.20134
 0.534 0.203296
 0.535 0.205265
 0.536 0.207249
 0.537 0.209248
 0.538 0.211261
 0.539 0.213288
 0.54 0.21533
 0.541 0.217387
 0.542 0.219458
 0.543 0.221545
 0.544 0.223646
 0.545 0.225761
 0.546 0.227892
 0.547 0.230038
 0.548 0.232199
 0.549 0.234374
 0.55 0.236565
 0.551 0.238771
 0.552 0.240992
 0.553 0.243228
 0.554 0.24548
 0.555 0.247747
 0.556 0.250029
 0.557 0.252326
 0.558 0.254639
 0.559 0.256968
 0.56 0.259312
 0.561 0.261671
 0.562 0.264046
 0.563 0.266437
 0.564 0.268843
 0.565 0.271265
 0.566 0.273703
 0.567 0.276157
 0.568 0.278626
 0.569 0.281111
 0.57 0.283612
 0.571 0.286129
 0.572 0.288662
 0.573 0.291211
 0.574 0.293776
 0.575 0.296356
 0.576 0.298953
 0.577 0.301566
 0.578 0.304195
 0.579 0.306841
 0.58 0.309502
 0.581 0.31218
 0.582 0.314873
 0.583 0.317583
 0.584 0.32031
 0.585 0.323052
 0.586 0.325811
 0.587 0.328586
 0.588 0.331378
 0.589 0.334186
 0.59 0.33701
 0.591 0.339851
 0.592 0.342708
 0.593 0.345581
 0.594 0.348471
 0.595 0.351377
 0.596 0.3543
 0.597 0.35724
 0.598 0.360195
 0.599 0.363168
 0.6 0.366157
 0.601 0.369162
 0.602 0.372184
 0.603 0.375222
 0.604 0.378277
 0.605 0.381348
 0.606 0.384436
 0.607 0.387541
 0.608 0.390662
 0.609 0.3938
 0.61 0.396954
 0.611 0.400124
 0.612 0.403312
 0.613 0.406515
 0.614 0.409736
 0.615 0.412972
 0.616 0.416226
 0.617 0.419495
 0.618 0.422782
 0.619 0.426084
 0.62 0.429404
 0.621 0.432739
 0.622 0.436092
 0.623 0.43946
 0.624 0.442845
 0.625 0.446246
 0.626 0.449664
 0.627 0.453098
 0.628 0.456549
 0.629 0.460015
 0.63 0.463499
 0.631 0.466998
 0.632 0.470513
 0.633 0.474045
 0.634 0.477593
 0.635 0.481157
 0.636 0.484737
 0.637 0.488334
 0.638 0.491946
 0.639 0.495575
 0.64 0.499219
 0.641 0.502879
 0.642 0.506556
 0.643 0.510248
 0.644 0.513956
 0.645 0.51768
 0.646 0.521419
 0.647 0.525175
 0.648 0.528946
 0.649 0.532732
 0.65 0.536534
 0.651 0.540352
 0.652 0.544185
 0.653 0.548034
 0.654 0.551898
 0.655 0.555777
 0.656 0.559671
 0.657 0.563581
 0.658 0.567506
 0.659 0.571446
 0.66 0.575401
 0.661 0.579371
 0.662 0.583356
 0.663 0.587356
 0.664 0.59137
 0.665 0.595399
 0.666 0.599443
 0.667 0.603501
 0.668 0.607574
 0.669 0.611662
 0.67 0.615763
 0.671 0.619879
 0.672 0.624009
 0.673 0.628154
 0.674 0.632312
 0.675 0.636484
 0.676 0.64067
 0.677 0.64487
 0.678 0.649084
 0.679 0.653311
 0.68 0.657552
 0.681 0.661806
 0.682 0.666073
 0.683 0.670354
 0.684 0.674648
 0.685 0.678955
 0.686 0.683275
 0.687 0.687608
 0.688 0.691954
 0.689 0.696312
 0.69 0.700683
 0.691 0.705066
 0.692 0.709462
 0.693 0.71387
 0.694 0.71829
 0.695 0.722722
 0.696 0.727167
 0.697 0.731623
 0.698 0.73609
 0.699 0.74057
 0.7 0.745061
 0.701 0.749563
 0.702 0.754076
 0.703 0.758601
 0.704 0.763136
 0.705 0.767683
 0.706 0.77224
 0.707 0.776808
 0.708 0.781386
 0.709 0.785975
 0.71 0.790574
 0.711 0.795183
 0.712 0.799803
 0.713 0.804432
 0.714 0.80907
 0.715 0.813719
 0.716 0.818377
 0.717 0.823044
 0.718 0.82772
 0.719 0.832406
 0.72 0.8371
 0.721 0.841803
 0.722 0.846514
 0.723 0.851235
 0.724 0.855963
 0.725 0.8607
 0.726 0.865444
 0.727 0.870197
 0.728 0.874957
 0.729 0.879725
 0.73 0.8845
 0.731 0.889282
 0.732 0.894072
 0.733 0.898868
 0.734 0.903671
 0.735 0.908481
 0.736 0.913297
 0.737 0.91812
 0.738 0.922948
 0.739 0.927783
 0.74 0.932623
 0.741 0.937469
 0.742 0.942321
 0.743 0.947177
 0.744 0.952039
 0.745 0.956906
 0.746 0.961777
 0.747 0.966654
 0.748 0.971534
 0.749 0.976419
 0.75 0.981307
 0.751 0.9862
 0.752 0.991096
 0.753 0.995996
 0.754 1.0009
 0.755 1.00581
 0.756 1.01071
 0.757 1.01563
 0.758 1.02054
 0.759 1.02546
 0.76 1.03038
 0.761 1.0353
 0.762 1.04022
 0.763 1.04515
 0.764 1.05007
 0.765 1.055
 0.766 1.05993
 0.767 1.06486
 0.768 1.06979
 0.769 1.07472
 0.77 1.07965
 0.771 1.08458
 0.772 1.08951
 0.773 1.09444
 0.774 1.09937
 0.775 1.1043
 0.776 1.10923
 0.777 1.11415
 0.778 1.11908
 0.779 1.124
 0.78 1.12892
 0.781 1.13384
 0.782 1.13876
 0.783 1.14368
 0.784 1.14859
 0.785 1.1535
 0.786 1.15841
 0.787 1.16331
 0.788 1.16821
 0.789 1.17311
 0.79 1.178
 0.791 1.18289
 0.792 1.18777
 0.793 1.19265
 0.794 1.19753
 0.795 1.2024
 0.796 1.20726
 0.797 1.21212
 0.798 1.21697
 0.799 1.22182
 0.8 1.22666
 0.801 1.2315
 0.802 1.23633
 0.803 1.24115
 0.804 1.24596
 0.805 1.25077
 0.806 1.25557
 0.807 1.26037
 0.808 1.26515
 0.809 1.26993
 0.81 1.2747
 0.811 1.27946
 0.812 1.28421
 0.813 1.28895
 0.814 1.29369
 0.815 1.29841
 0.816 1.30312
 0.817 1.30783
 0.818 1.31252
 0.819 1.31721
 0.82 1.32188
 0.821 1.32655
 0.822 1.3312
 0.823 1.33584
 0.824 1.34047
 0.825 1.34509
 0.826 1.34969
 0.827 1.35429
 0.828 1.35887
 0.829 1.36344
 0.83 1.36799
 0.831 1.37253
 0.832 1.37706
 0.833 1.38158
 0.834 1.38608
 0.835 1.39057
 0.836 1.39505
 0.837 1.39951
 0.838 1.40395
 0.839 1.40838
 0.84 1.4128
 0.841 1.4172
 0.842 1.42159
 0.843 1.42596
 0.844 1.43031
 0.845 1.43465
 0.846 1.43897
 0.847 1.44327
 0.848 1.44756
 0.849 1.45183
 0.85 1.45608
 0.851 1.46032
 0.852 1.46454
 0.853 1.46874
 0.854 1.47292
 0.855 1.47708
 0.856 1.48123
 0.857 1.48535
 0.858 1.48946
 0.859 1.49355
 0.86 1.49762
 0.861 1.50167
 0.862 1.5057
 0.863 1.5097
 0.864 1.51369
 0.865 1.51766
 0.866 1.52161
 0.867 1.52553
 0.868 1.52944
 0.869 1.53332
 0.87 1.53719
 0.871 1.54103
 0.872 1.54485
 0.873 1.54864
 0.874 1.55242
 0.875 1.55617
 0.876 1.5599
 0.877 1.5636
 0.878 1.56728
 0.879 1.57094
 0.88 1.57458
 0.881 1.57819
 0.882 1.58178
 0.883 1.58534
 0.884 1.58888
 0.885 1.5924
 0.886 1.59589
 0.887 1.59935
 0.888 1.60279
 0.889 1.6062
 0.89 1.60959
 0.891 1.61296
 0.892 1.61629
 0.893 1.6196
 0.894 1.62289
 0.895 1.62615
 0.896 1.62938
 0.897 1.63258
 0.898 1.63576
 0.899 1.63891
 0.9 1.64204
 0.901 1.64513
 0.902 1.6482
 0.903 1.65124
 0.904 1.65425
 0.905 1.65723
 0.906 1.66019
 0.907 1.66312
 0.908 1.66602
 0.909 1.66888
 0.91 1.67172
 0.911 1.67454
 0.912 1.67732
 0.913 1.68007
 0.914 1.68279
 0.915 1.68548
 0.916 1.68815
 0.917 1.69078
 0.918 1.69338
 0.919 1.69595
 0.92 1.6985
 0.921 1.70101
 0.922 1.70349
 0.923 1.70593
 0.924 1.70835
 0.925 1.71074
 0.926 1.71309
 0.927 1.71542
 0.928 1.71771
 0.929 1.71997
 0.93 1.72219
 0.931 1.72439
 0.932 1.72655
 0.933 1.72868
 0.934 1.73078
 0.935 1.73285
 0.936 1.73488
 0.937 1.73688
 0.938 1.73885
 0.939 1.74079
 0.94 1.74269
 0.941 1.74456
 0.942 1.74639
 0.943 1.74819
 0.944 1.74996
 0.945 1.75169
 0.946 1.75339
 0.947 1.75506
 0.948 1.75669
 0.949 1.75829
 0.95 1.75986
 0.951 1.76139
 0.952 1.76288
 0.953 1.76434
 0.954 1.76577
 0.955 1.76716
 0.956 1.76852
 0.957 1.76984
 0.958 1.77113
 0.959 1.77239
 0.96 1.7736
 0.961 1.77479
 0.962 1.77594
 0.963 1.77705
 0.964 1.77813
 0.965 1.77917
 0.966 1.78018
 0.967 1.78115
 0.968 1.78208
 0.969 1.78298
 0.97 1.78385
 0.971 1.78468
 0.972 1.78547
 0.973 1.78623
 0.974 1.78696
 0.975 1.78764
 0.976 1.78829
 0.977 1.78891
 0.978 1.78949
 0.979 1.79003
 0.98 1.79054
 0.981 1.79101
 0.982 1.79145
 0.983 1.79185
 0.984 1.79221
 0.985 1.79254
 0.986 1.79283
 0.987 1.79308
 0.988 1.7933
 0.989 1.79349
 0.99 1.79363
 0.991 1.79374
 0.992 1.79382
 0.993 1.79386
 0.994 1.79386
 0.995 1.79383
 0.996 1.79376
 0.997 1.79365
 0.998 1.79351
 0.999 1.79333
 1. 1.79312
 1.001 1.79287
 1.002 1.79258
 1.003 1.79226
 1.004 1.7919
 1.005 1.79151
 1.006 1.79108
 1.007 1.79061
 1.008 1.79011
 1.009 1.78957
 1.01 1.789
 1.011 1.78839
 1.012 1.78774
 1.013 1.78706
 1.014 1.78635
 1.015 1.78559
 1.016 1.78481
 1.017 1.78398
 1.018 1.78313
 1.019 1.78223
 1.02 1.7813
 1.021 1.78034
 1.022 1.77934
 1.023 1.7783
 1.024 1.77724
 1.025 1.77613
 1.026 1.77499
 1.027 1.77382
 1.028 1.77261
 1.029 1.77136
 1.03 1.77008
 1.031 1.76877
 1.032 1.76742
 1.033 1.76604
 1.034 1.76463
 1.035 1.76317
 1.036 1.76169
 1.037 1.76017
 1.038 1.75862
 1.039 1.75703
 1.04 1.75541
 1.041 1.75376
 1.042 1.75207
 1.043 1.75035
 1.044 1.74859
 1.045 1.74681
 1.046 1.74499
 1.047 1.74313
 1.048 1.74125
 1.049 1.73933
 1.05 1.73737
 1.051 1.73539
 1.052 1.73337
 1.053 1.73132
 1.054 1.72924
 1.055 1.72713
 1.056 1.72498
 1.057 1.7228
 1.058 1.72059
 1.059 1.71835
 1.06 1.71608
 1.061 1.71378
 1.062 1.71144
 1.063 1.70908
 1.064 1.70668
 1.065 1.70425
 1.066 1.7018
 1.067 1.69931
 1.068 1.69679
 1.069 1.69424
 1.07 1.69166
 1.071 1.68905
 1.072 1.68641
 1.073 1.68375
 1.074 1.68105
 1.075 1.67832
 1.076 1.67557
 1.077 1.67278
 1.078 1.66997
 1.079 1.66713
 1.08 1.66426
 1.081 1.66136
 1.082 1.65843
 1.083 1.65548
 1.084 1.6525
 1.085 1.64949
 1.086 1.64645
 1.087 1.64339
 1.088 1.64029
 1.089 1.63718
 1.09 1.63403
 1.091 1.63086
 1.092 1.62766
 1.093 1.62444
 1.094 1.62119
 1.095 1.61791
 1.096 1.61461
 1.097 1.61128
 1.098 1.60793
 1.099 1.60456
 1.1 1.60115
 1.101 1.59773
 1.102 1.59428
 1.103 1.5908
 1.104 1.5873
 1.105 1.58378
 1.106 1.58023
 1.107 1.57666
 1.108 1.57307
 1.109 1.56945
 1.11 1.56581
 1.111 1.56215
 1.112 1.55846
 1.113 1.55476
 1.114 1.55103
 1.115 1.54728
 1.116 1.5435
 1.117 1.53971
 1.118 1.53589
 1.119 1.53206
 1.12 1.5282
 1.121 1.52432
 1.122 1.52042
 1.123 1.5165
 1.124 1.51257
 1.125 1.50861
 1.126 1.50463
 1.127 1.50063
 1.128 1.49662
 1.129 1.49258
 1.13 1.48852
 1.131 1.48445
 1.132 1.48036
 1.133 1.47625
 1.134 1.47212
 1.135 1.46798
 1.136 1.46382
 1.137 1.45964
 1.138 1.45544
 1.139 1.45123
 1.14 1.447
 1.141 1.44275
 1.142 1.43849
 1.143 1.43421
 1.144 1.42992
 1.145 1.42561
 1.146 1.42128
 1.147 1.41694
 1.148 1.41259
 1.149 1.40822
 1.15 1.40383
 1.151 1.39943
 1.152 1.39502
 1.153 1.3906
 1.154 1.38616
 1.155 1.38171
 1.156 1.37724
 1.157 1.37276
 1.158 1.36827
 1.159 1.36377
 1.16 1.35925
 1.161 1.35472
 1.162 1.35018
 1.163 1.34563
 1.164 1.34107
 1.165 1.3365
 1.166 1.33191
 1.167 1.32732
 1.168 1.32272
 1.169 1.3181
 1.17 1.31347
 1.171 1.30884
 1.172 1.3042
 1.173 1.29954
 1.174 1.29488
 1.175 1.29021
 1.176 1.28553
 1.177 1.28084
 1.178 1.27614
 1.179 1.27144
 1.18 1.26672
 1.181 1.262
 1.182 1.25727
 1.183 1.25254
 1.184 1.2478
 1.185 1.24305
 1.186 1.23829
 1.187 1.23353
 1.188 1.22877
 1.189 1.22399
 1.19 1.21921
 1.191 1.21443
 1.192 1.20964
 1.193 1.20485
 1.194 1.20005
 1.195 1.19524
 1.196 1.19043
 1.197 1.18562
 1.198 1.18081
 1.199 1.17599
 1.2 1.17116
 1.201 1.16633
 1.202 1.1615
 1.203 1.15667
 1.204 1.15184
 1.205 1.147
 1.206 1.14216
 1.207 1.13732
 1.208 1.13247
 1.209 1.12762
 1.21 1.12278
 1.211 1.11793
 1.212 1.11308
 1.213 1.10823
 1.214 1.10338
 1.215 1.09852
 1.216 1.09367
 1.217 1.08882
 1.218 1.08397
 1.219 1.07911
 1.22 1.07426
 1.221 1.06941
 1.222 1.06456
 1.223 1.05971
 1.224 1.05486
 1.225 1.05002
 1.226 1.04517
 1.227 1.04033
 1.228 1.03549
 1.229 1.03065
 1.23 1.02581
 1.231 1.02098
 1.232 1.01614
 1.233 1.01132
 1.234 1.00649
 1.235 1.00167
 1.236 0.996848
 1.237 0.992033
 1.238 0.987221
 1.239 0.982413
 1.24 0.977609
 1.241 0.972809
 1.242 0.968014
 1.243 0.963224
 1.244 0.958438
 1.245 0.953657
 1.246 0.948881
 1.247 0.944111
 1.248 0.939346
 1.249 0.934586
 1.25 0.929832
 1.251 0.925084
 1.252 0.920342
 1.253 0.915607
 1.254 0.910878
 1.255 0.906155
 1.256 0.901439
 1.257 0.89673
 1.258 0.892027
 1.259 0.887332
 1.26 0.882644
 1.261 0.877964
 1.262 0.873291
 1.263 0.868626
 1.264 0.863969
 1.265 0.85932
 1.266 0.854679
 1.267 0.850046
 1.268 0.845421
 1.269 0.840806
 1.27 0.836198
 1.271 0.8316
 1.272 0.827011
 1.273 0.82243
 1.274 0.817859
 1.275 0.813298
 1.276 0.808746
 1.277 0.804203
 1.278 0.79967
 1.279 0.795147
 1.28 0.790634
 1.281 0.786131
 1.282 0.781639
 1.283 0.777156
 1.284 0.772684
 1.285 0.768223
 1.286 0.763772
 1.287 0.759333
 1.288 0.754904
 1.289 0.750486
 1.29 0.746079
 1.291 0.741684
 1.292 0.7373
 1.293 0.732927
 1.294 0.728566
 1.295 0.724216
 1.296 0.719879
 1.297 0.715553
 1.298 0.711239
 1.299 0.706937
 1.3 0.702648
 1.301 0.698371
 1.302 0.694106
 1.303 0.689853
 1.304 0.685613
 1.305 0.681386
 1.306 0.677171
 1.307 0.67297
 1.308 0.668781
 1.309 0.664605
 1.31 0.660442
 1.311 0.656292
 1.312 0.652156
 1.313 0.648032
 1.314 0.643923
 1.315 0.639826
 1.316 0.635744
 1.317 0.631674
 1.318 0.627619
 1.319 0.623577
 1.32 0.619549
 1.321 0.615535
 1.322 0.611535
 1.323 0.607549
 1.324 0.603577
 1.325 0.599619
 1.326 0.595676
 1.327 0.591746
 1.328 0.587831
 1.329 0.583931
 1.33 0.580045
 1.331 0.576173
 1.332 0.572316
 1.333 0.568474
 1.334 0.564646
 1.335 0.560833
 1.336 0.557035
 1.337 0.553252
 1.338 0.549484
 1.339 0.54573
 1.34 0.541992
 1.341 0.538268
 1.342 0.53456
 1.343 0.530866
 1.344 0.527188
 1.345 0.523525
 1.346 0.519877
 1.347 0.516245
 1.348 0.512628
 1.349 0.509026
 1.35 0.505439
 1.351 0.501868
 1.352 0.498312
 1.353 0.494772
 1.354 0.491247
 1.355 0.487738
 1.356 0.484245
 1.357 0.480766
 1.358 0.477304
 1.359 0.473857
 1.36 0.470426
 1.361 0.46701
 1.362 0.46361
 1.363 0.460226
 1.364 0.456858
 1.365 0.453505
 1.366 0.450168
 1.367 0.446847
 1.368 0.443541
 1.369 0.440252
 1.37 0.436978
 1.371 0.43372
 1.372 0.430478
 1.373 0.427251
 1.374 0.424041
 1.375 0.420846
 1.376 0.417668
 1.377 0.414505
 1.378 0.411358
 1.379 0.408226
 1.38 0.405111
 1.381 0.402012
 1.382 0.398928
 1.383 0.395861
 1.384 0.392809
 1.385 0.389773
 1.386 0.386753
 1.387 0.383749
 1.388 0.38076
 1.389 0.377788
 1.39 0.374831
 1.391 0.371891
 1.392 0.368966
 1.393 0.366056
 1.394 0.363163
 1.395 0.360286
 1.396 0.357424
 1.397 0.354578
 1.398 0.351748
 1.399 0.348933
 1.4 0.346134
 1.401 0.343351
 1.402 0.340584
 1.403 0.337832
 1.404 0.335096
 1.405 0.332376
 1.406 0.329671
 1.407 0.326982
 1.408 0.324308
 1.409 0.32165
 1.41 0.319008
 1.411 0.316381
 1.412 0.313769
 1.413 0.311173
 1.414 0.308592
 1.415 0.306027
 1.416 0.303477
 1.417 0.300942
 1.418 0.298423
 1.419 0.295919
 1.42 0.29343
 1.421 0.290957
 1.422 0.288499
 1.423 0.286055
 1.424 0.283627
 1.425 0.281214
 1.426 0.278817
 1.427 0.276434
 1.428 0.274066
 1.429 0.271713
 1.43 0.269375
 1.431 0.267052
 1.432 0.264744
 1.433 0.26245
 1.434 0.260172
 1.435 0.257908
 1.436 0.255658
 1.437 0.253424
 1.438 0.251204
 1.439 0.248998
 1.44 0.246807
 1.441 0.244631
 1.442 0.242469
 1.443 0.240321
 1.444 0.238188
 1.445 0.236069
 1.446 0.233964
 1.447 0.231874
 1.448 0.229798
 1.449 0.227735
 1.45 0.225687
 1.451 0.223653
 1.452 0.221633
 1.453 0.219627
 1.454 0.217635
 1.455 0.215657
 1.456 0.213692
 1.457 0.211741
 1.458 0.209804
 1.459 0.207881
 1.46 0.205971
 1.461 0.204074
 1.462 0.202192
 1.463 0.200322
 1.464 0.198466
 1.465 0.196624
 1.466 0.194794
 1.467 0.192978
 1.468 0.191175
 1.469 0.189385
 1.47 0.187609
 1.471 0.185845
 1.472 0.184094
 1.473 0.182357
 1.474 0.180632
 1.475 0.17892
 1.476 0.17722
 1.477 0.175534
 1.478 0.17386
 1.479 0.172198
 1.48 0.170549
 1.481 0.168913
 1.482 0.167289
 1.483 0.165677
 1.484 0.164078
 1.485 0.162491
 1.486 0.160916
 1.487 0.159354
 1.488 0.157803
 1.489 0.156265
 1.49 0.154738
 1.491 0.153223
 1.492 0.15172
 1.493 0.150229
 1.494 0.14875
 1.495 0.147283
 1.496 0.145827
 1.497 0.144382
 1.498 0.142949
 1.499 0.141528
 1.5 0.140118
 1.501 0.138719
 1.502 0.137332
 1.503 0.135956
 1.504 0.134591
 1.505 0.133237
 1.506 0.131894
 1.507 0.130562
 1.508 0.129241
 1.509 0.127931
 1.51 0.126631
 1.511 0.125343
 1.512 0.124065
 1.513 0.122798
 1.514 0.121541
 1.515 0.120295
 1.516 0.119059
 1.517 0.117833
 1.518 0.116618
 1.519 0.115414
 1.52 0.114219
 1.521 0.113035
 1.522 0.11186
 1.523 0.110696
 1.524 0.109542
 1.525 0.108398
 1.526 0.107263
 1.527 0.106138
 1.528 0.105023
 1.529 0.103918
 1.53 0.102822
 1.531 0.101736
 1.532 0.10066
 1.533 0.0995925
 1.534 0.0985347
 1.535 0.0974863
 1.536 0.0964471
 1.537 0.0954172
 1.538 0.0943964
 1.539 0.0933847
 1.54 0.092382
 1.541 0.0913883
 1.542 0.0904035
 1.543 0.0894276
 1.544 0.0884605
 1.545 0.0875022
 1.546 0.0865525
 1.547 0.0856115
 1.548 0.0846791
 1.549 0.0837551
 1.55 0.0828397
 1.551 0.0819326
 1.552 0.0810339
 1.553 0.0801435
 1.554 0.0792613
 1.555 0.0783873
 1.556 0.0775214
 1.557 0.0766636
 1.558 0.0758138
 1.559 0.074972
 1.56 0.074138
 1.561 0.0733119
 1.562 0.0724936
 1.563 0.071683
 1.564 0.0708801
 1.565 0.0700849
 1.566 0.0692972
 1.567 0.068517
 1.568 0.0677442
 1.569 0.0669789
 1.57 0.066221
 1.571 0.0654703
 1.572 0.0647269
 1.573 0.0639906
 1.574 0.0632615
 1.575 0.0625395
 1.576 0.0618246
 1.577 0.0611166
 1.578 0.0604155
 1.579 0.0597213
 1.58 0.059034
 1.581 0.0583534
 1.582 0.0576795
 1.583 0.0570123
 1.584 0.0563517
 1.585 0.0556977
 1.586 0.0550502
 1.587 0.0544092
 1.588 0.0537745
 1.589 0.0531463
 1.59 0.0525243
 1.591 0.0519087
 1.592 0.0512992
 1.593 0.0506959
 1.594 0.0500987
 1.595 0.0495076
 1.596 0.0489225
 1.597 0.0483434
 1.598 0.0477702
 1.599 0.0472029
 1.6 0.0466414
 1.601 0.0460857
 1.602 0.0455357
 1.603 0.0449914
 1.604 0.0444528
 1.605 0.0439197
 1.606 0.0433922
 1.607 0.0428702
 1.608 0.0423536
 1.609 0.0418425
 1.61 0.0413367
 1.611 0.0408362
 1.612 0.040341
 1.613 0.039851
 1.614 0.0393662
 1.615 0.0388866
 1.616 0.038412
 1.617 0.0379425
 1.618 0.037478
 1.619 0.0370185
 1.62 0.0365639
 1.621 0.0361141
 1.622 0.0356692
 1.623 0.0352291
 1.624 0.0347938
 1.625 0.0343631
 1.626 0.0339372
 1.627 0.0335158
 1.628 0.0330991
 1.629 0.0326869
 1.63 0.0322791
 1.631 0.0318759
 1.632 0.0314771
 1.633 0.0310826
 1.634 0.0306925
 1.635 0.0303067
 1.636 0.0299252
 1.637 0.0295479
 1.638 0.0291748
 1.639 0.0288059
 1.64 0.028441
 1.641 0.0280802
 1.642 0.0277235
 1.643 0.0273708
 1.644 0.027022
 1.645 0.0266771
 1.646 0.0263362
 1.647 0.0259991
 1.648 0.0256658
 1.649 0.0253362
 1.65 0.0250105
 1.651 0.0246884
 1.652 0.02437
 1.653 0.0240552
 1.654 0.0237441
 1.655 0.0234365
 1.656 0.0231324
 1.657 0.0228319
 1.658 0.0225348
 1.659 0.0222411
 1.66 0.0219509
 1.661 0.021664
 1.662 0.0213804
 1.663 0.0211002
 1.664 0.0208232
 1.665 0.0205494
 1.666 0.0202789
 1.667 0.0200115
 1.668 0.0197473
 1.669 0.0194861
 1.67 0.0192281
 1.671 0.0189731
 1.672 0.0187211
 1.673 0.0184721
 1.674 0.0182261
 1.675 0.0179829
 1.676 0.0177427
 1.677 0.0175054
 1.678 0.0172709
 1.679 0.0170392
 1.68 0.0168102
 1.681 0.0165841
 1.682 0.0163606
 1.683 0.0161399
 1.684 0.0159218
 1.685 0.0157064
 1.686 0.0154936
 1.687 0.0152833
 1.688 0.0150756
 1.689 0.0148705
 1.69 0.0146679
 1.691 0.0144677
 1.692 0.01427
 1.693 0.0140747
 1.694 0.0138818
 1.695 0.0136913
 1.696 0.0135032
 1.697 0.0133174
 1.698 0.0131338
 1.699 0.0129526
 1.7 0.0127736
 1.701 0.0125968
 1.702 0.0124223
 1.703 0.0122499
 1.704 0.0120797
 1.705 0.0119116
 1.706 0.0117456
 1.707 0.0115817
 1.708 0.0114199
 1.709 0.0112601
 1.71 0.0111023
 1.711 0.0109466
 1.712 0.0107928
 1.713 0.010641
 1.714 0.010491
 1.715 0.010343
 1.716 0.0101969
 1.717 0.0100527
 1.718 0.00991031
 1.719 0.00976975
 1.72 0.00963099
 1.721 0.00949402
 1.722 0.00935882
 1.723 0.00922536
 1.724 0.00909362
 1.725 0.0089636
 1.726 0.00883526
 1.727 0.00870859
 1.728 0.00858356
 1.729 0.00846017
 1.73 0.00833839
 1.731 0.0082182
 1.732 0.00809959
 1.733 0.00798254
 1.734 0.00786702
 1.735 0.00775302
 1.736 0.00764053
 1.737 0.00752952
 1.738 0.00741998
 1.739 0.0073119
 1.74 0.00720524
 1.741 0.00710001
 1.742 0.00699617
 1.743 0.00689372
 1.744 0.00679264
 1.745 0.00669291
 1.746 0.00659452
 1.747 0.00649744
 1.748 0.00640167
 1.749 0.00630719
 1.75 0.00621398
 1.751 0.00612204
 1.752 0.00603133
 1.753 0.00594185
 1.754 0.00585359
 1.755 0.00576653
 1.756 0.00568065
 1.757 0.00559594
 1.758 0.00551238
 1.759 0.00542997
 1.76 0.00534869
 1.761 0.00526852
 1.762 0.00518945
 1.763 0.00511147
 1.764 0.00503456
 1.765 0.00495871
 1.766 0.00488392
 1.767 0.00481015
 1.768 0.00473741
 1.769 0.00466568
 1.77 0.00459494
 1.771 0.00452519
 1.772 0.00445641
 1.773 0.00438859
 1.774 0.00432172
 1.775 0.00425578
 1.776 0.00419077
 1.777 0.00412668
 1.778 0.00406348
 1.779 0.00400117
 1.78 0.00393975
 1.781 0.00387919
 1.782 0.00381948
 1.783 0.00376063
 1.784 0.0037026
 1.785 0.00364541
 1.786 0.00358902
 1.787 0.00353344
 1.788 0.00347865
 1.789 0.00342465
 1.79 0.00337142
 1.791 0.00331895
 1.792 0.00326723
 1.793 0.00321626
 1.794 0.00316602
 1.795 0.00311651
 1.796 0.00306771
 1.797 0.00301962
 1.798 0.00297222
 1.799 0.00292551
 1.8 0.00287947
 1.801 0.00283411
 1.802 0.00278941
 1.803 0.00274536
 1.804 0.00270195
 1.805 0.00265918
 1.806 0.00261703
 1.807 0.0025755
 1.808 0.00253458
 1.809 0.00249426
 1.81 0.00245454
 1.811 0.0024154
 1.812 0.00237684
 1.813 0.00233885
 1.814 0.00230142
 1.815 0.00226455
 1.816 0.00222822
 1.817 0.00219244
 1.818 0.00215719
 1.819 0.00212246
 1.82 0.00208825
 1.821 0.00205456
 1.822 0.00202136
 1.823 0.00198867
 1.824 0.00195646
 1.825 0.00192474
 1.826 0.0018935
 1.827 0.00186273
 1.828 0.00183242
 1.829 0.00180258
 1.83 0.00177318
 1.831 0.00174423
 1.832 0.00171572
 1.833 0.00168764
 1.834 0.00165998
 1.835 0.00163275
 1.836 0.00160594
 1.837 0.00157954
 1.838 0.00155353
 1.839 0.00152793
 1.84 0.00150272
 1.841 0.0014779
 1.842 0.00145346
 1.843 0.00142939
 1.844 0.0014057
 1.845 0.00138237
 1.846 0.00135941
 1.847 0.0013368
 1.848 0.00131454
 1.849 0.00129262
 1.85 0.00127105
 1.851 0.00124981
 1.852 0.0012289
 1.853 0.00120832
 1.854 0.00118806
 1.855 0.00116812
 1.856 0.00114849
 1.857 0.00112917
 1.858 0.00111015
 1.859 0.00109143
 1.86 0.00107301
 1.861 0.00105487
 1.862 0.00103702
 1.863 0.00101946
 1.864 0.00100217
 1.865 0.000985158
 1.866 0.000968414
 1.867 0.000951937
 1.868 0.000935722
 1.869 0.000919765
 1.87 0.000904063
 1.871 0.000888612
 1.872 0.000873408
 1.873 0.000858447
 1.874 0.000843727
 1.875 0.000829242
 1.876 0.000814991
 1.877 0.000800968
 1.878 0.000787172
 1.879 0.000773599
 1.88 0.000760244
 1.881 0.000747106
 1.882 0.000734181
 1.883 0.000721465
 1.884 0.000708955
 1.885 0.000696649
 1.886 0.000684544
 1.887 0.000672635
 1.888 0.000660921
 1.889 0.000649399
 1.89 0.000638065
 1.891 0.000626916
 1.892 0.000615951
 1.893 0.000605165
 1.894 0.000594557
 1.895 0.000584123
 1.896 0.000573862
 1.897 0.00056377
 1.898 0.000553844
 1.899 0.000544083
 1.9 0.000534483
 1.901 0.000525043
 1.902 0.000515759
 1.903 0.000506629
 1.904 0.000497652
 1.905 0.000488824
 1.906 0.000480143
 1.907 0.000471608
 1.908 0.000463215
 1.909 0.000454963
 1.91 0.000446849
 1.911 0.000438871
 1.912 0.000431027
 1.913 0.000423316
 1.914 0.000415734
 1.915 0.00040828
 1.916 0.000400952
 1.917 0.000393748
 1.918 0.000386666
 1.919 0.000379703
 1.92 0.000372859
 1.921 0.000366132
 1.922 0.000359518
 1.923 0.000353017
 1.924 0.000346628
 1.925 0.000340347
 1.926 0.000334173
 1.927 0.000328105
 1.928 0.000322141
 1.929 0.00031628
 1.93 0.000310518
 1.931 0.000304856
 1.932 0.000299292
 1.933 0.000293823
 1.934 0.000288449
 1.935 0.000283167
 1.936 0.000277977
 1.937 0.000272876
 1.938 0.000267864
 1.939 0.000262939
 1.94 0.0002581
 1.941 0.000253344
 1.942 0.000248672
 1.943 0.000244081
 1.944 0.00023957
 1.945 0.000235138
 1.946 0.000230783
 1.947 0.000226505
 1.948 0.000222301
 1.949 0.000218172
 1.95 0.000214114
 1.951 0.000210129
 1.952 0.000206213
 1.953 0.000202367
 1.954 0.000198588
 1.955 0.000194877
 1.956 0.00019123
 1.957 0.000187649
 1.958 0.000184131
 1.959 0.000180675
 1.96 0.000177281
 1.961 0.000173947
 1.962 0.000170673
 1.963 0.000167457
 1.964 0.000164299
 1.965 0.000161196
 1.966 0.00015815
 1.967 0.000155158
 1.968 0.000152219
 1.969 0.000149334
 1.97 0.0001465
 1.971 0.000143717
 1.972 0.000140985
 1.973 0.000138301
 1.974 0.000135666
 1.975 0.000133079
 1.976 0.000130538
 1.977 0.000128044
 1.978 0.000125595
 1.979 0.00012319
 1.98 0.000120829
 1.981 0.000118511
 1.982 0.000116235
 1.983 0.000114001
 1.984 0.000111807
 1.985 0.000109653
 1.986 0.000107539
 1.987 0.000105464
 1.988 0.000103426
 1.989 0.000101427
 1.99 0.0000994633
 1.991 0.0000975362
 1.992 0.0000956446
 1.993 0.0000937878
 1.994 0.0000919653
 1.995 0.0000901765
 1.996 0.0000884207
 1.997 0.0000866975
 1.998 0.0000850062
 1.999 0.0000833463
 2. 0.0000817172
 2.001 0.0000801184
 2.002 0.0000785494
 2.003 0.0000770095
 2.004 0.0000754985
 2.005 0.0000740156
 2.006 0.0000725605
 2.007 0.0000711325
 2.008 0.0000697314
 2.009 0.0000683565
 2.01 0.0000670074
 2.011 0.0000656837
 2.012 0.0000643849
 2.013 0.0000631105
 2.014 0.0000618602
 2.015 0.0000606334
 2.016 0.0000594299
 2.017 0.0000582491
 2.018 0.0000570906
 2.019 0.0000559541
 2.02 0.0000548392
 2.021 0.0000537454
 2.022 0.0000526725
 2.023 0.0000516199
 2.024 0.0000505875
 2.025 0.0000495747
 2.026 0.0000485812
 2.027 0.0000476067
 2.028 0.0000466509
 2.029 0.0000457134
 2.03 0.0000447938
 2.031 0.0000438919
 2.032 0.0000430074
 2.033 0.0000421398
 2.034 0.0000412889
 2.035 0.0000404545
 2.036 0.0000396361
 2.037 0.0000388335
 2.038 0.0000380465
 2.039 0.0000372747
 2.04 0.0000365178
 2.041 0.0000357756
 2.042 0.0000350478
 2.043 0.0000343342
 2.044 0.0000336344
 2.045 0.0000329483
 2.046 0.0000322755
 2.047 0.0000316158
 2.048 0.0000309691
 2.049 0.000030335
 2.05 0.0000297133
 2.051 0.0000291037
 2.052 0.0000285061
 2.053 0.0000279203
 2.054 0.0000273459
 2.055 0.0000267829
 2.056 0.0000262309
 2.057 0.0000256899
 2.058 0.0000251595
 2.059 0.0000246395
 2.06 0.0000241299
 2.061 0.0000236303
 2.062 0.0000231406
 2.063 0.0000226607
 2.064 0.0000221902
 2.065 0.0000217291
 2.066 0.0000212772
 2.067 0.0000208343
 2.068 0.0000204002
 2.069 0.0000199747
 2.07 0.0000195578
 2.071 0.0000191491
 2.072 0.0000187487
 2.073 0.0000183563
 2.074 0.0000179717
 2.075 0.0000175949
 2.076 0.0000172256
 2.077 0.0000168637
 2.078 0.0000165092
 2.079 0.0000161618
 2.08 0.0000158213
 2.081 0.0000154878
 2.082 0.000015161
 2.083 0.0000148408
 2.084 0.000014527
 2.085 0.0000142197
 2.086 0.0000139185
 2.087 0.0000136235
 2.088 0.0000133345
 2.089 0.0000130514
 2.09 0.000012774
 2.091 0.0000125023
 2.092 0.0000122361
 2.093 0.0000119753
 2.094 0.0000117199
 2.095 0.0000114697
 2.096 0.0000112247
 2.097 0.0000109846
 2.098 0.0000107495
 2.099 0.0000105192
 2.1 0.0000102936
 2.101 0.0000100727
 2.102 9.85637e-6
 2.103 9.64447e-6
 2.104 9.43694e-6
 2.105 9.2337e-6
 2.106 9.03466e-6
 2.107 8.83974e-6
 2.108 8.64886e-6
 2.109 8.46194e-6
 2.11 8.27889e-6
 2.111 8.09965e-6
 2.112 7.92414e-6
 2.113 7.75228e-6
 2.114 7.584e-6
 2.115 7.41922e-6
 2.116 7.25789e-6
 2.117 7.09993e-6
 2.118 6.94528e-6
 2.119 6.79386e-6
 2.12 6.64561e-6
 2.121 6.50047e-6
 2.122 6.35838e-6
 2.123 6.21928e-6
 2.124 6.0831e-6
 2.125 5.94978e-6
 2.126 5.81928e-6
 2.127 5.69153e-6
 2.128 5.56647e-6
 2.129 5.44406e-6
 2.13 5.32424e-6
 2.131 5.20695e-6
 2.132 5.09215e-6
 2.133 4.97978e-6
 2.134 4.8698e-6
 2.135 4.76216e-6
 2.136 4.6568e-6
 2.137 4.55369e-6
 2.138 4.45278e-6
 2.139 4.35401e-6
 2.14 4.25736e-6
 2.141 4.16277e-6
 2.142 4.0702e-6
 2.143 3.97962e-6
 2.144 3.89097e-6
 2.145 3.80423e-6
 2.146 3.71935e-6
 2.147 3.63629e-6
 2.148 3.55502e-6
 2.149 3.47549e-6
 2.15 3.39769e-6
 2.151 3.32155e-6
 2.152 3.24706e-6
 2.153 3.17418e-6
 2.154 3.10288e-6
 2.155 3.03312e-6
 2.156 2.96487e-6
 2.157 2.8981e-6
 2.158 2.83278e-6
 2.159 2.76888e-6
 2.16 2.70636e-6
 2.161 2.64521e-6
 2.162 2.58539e-6
 2.163 2.52687e-6
 2.164 2.46963e-6
 2.165 2.41364e-6
 2.166 2.35888e-6
 2.167 2.30531e-6
 2.168 2.25291e-6
 2.169 2.20166e-6
 2.17 2.15154e-6
 2.171 2.10252e-6
 2.172 2.05457e-6
 2.173 2.00768e-6
 2.174 1.96182e-6
 2.175 1.91698e-6
 2.176 1.87312e-6
 2.177 1.83023e-6
 2.178 1.78828e-6
 2.179 1.74727e-6
 2.18 1.70716e-6
 2.181 1.66794e-6
 2.182 1.62959e-6
 2.183 1.59209e-6
 2.184 1.55542e-6
 2.185 1.51957e-6
 2.186 1.48452e-6
 2.187 1.45024e-6
 2.188 1.41673e-6
 2.189 1.38397e-6
 2.19 1.35194e-6
 2.191 1.32063e-6
 2.192 1.29001e-6
 2.193 1.26008e-6
 2.194 1.23083e-6
 2.195 1.20222e-6
 2.196 1.17426e-6
 2.197 1.14693e-6
 2.198 1.12021e-6
 2.199 1.0941e-6
 2.2 1.06857e-6
 2.201 1.04362e-6
 2.202 1.01923e-6
 2.203 9.95389e-7
 2.204 9.72088e-7
 2.205 9.49315e-7
 2.206 9.27058e-7
 2.207 9.05305e-7
 2.208 8.84045e-7
 2.209 8.63268e-7
 2.21 8.42963e-7
 2.211 8.23119e-7
 2.212 8.03727e-7
 2.213 7.84777e-7
 2.214 7.66259e-7
 2.215 7.48163e-7
 2.216 7.30481e-7
 2.217 7.13203e-7
 2.218 6.9632e-7
 2.219 6.79823e-7
 2.22 6.63704e-7
 2.221 6.47956e-7
 2.222 6.32568e-7
 2.223 6.17534e-7
 2.224 6.02846e-7
 2.225 5.88496e-7
 2.226 5.74476e-7
 2.227 5.60779e-7
 2.228 5.47398e-7
 2.229 5.34327e-7
 2.23 5.21557e-7
 2.231 5.09083e-7
 2.232 4.96897e-7
 2.233 4.84994e-7
 2.234 4.73367e-7
 2.235 4.62009e-7
 2.236 4.50916e-7
 2.237 4.4008e-7
 2.238 4.29496e-7
 2.239 4.19159e-7
 2.24 4.09063e-7
 2.241 3.99202e-7
 2.242 3.89571e-7
 2.243 3.80166e-7
 2.244 3.7098e-7
 2.245 3.62009e-7
 2.246 3.53248e-7
 2.247 3.44693e-7
 2.248 3.36338e-7
 2.249 3.2818e-7
 2.25 3.20213e-7
 2.251 3.12434e-7
 2.252 3.04837e-7
 2.253 2.9742e-7
 2.254 2.90177e-7
 2.255 2.83106e-7
 2.256 2.76201e-7
 2.257 2.6946e-7
 2.258 2.62878e-7
 2.259 2.56452e-7
 2.26 2.50178e-7
 2.261 2.44053e-7
 2.262 2.38073e-7
 2.263 2.32235e-7
 2.264 2.26537e-7
 2.265 2.20973e-7
 2.266 2.15542e-7
 2.267 2.10241e-7
 2.268 2.05066e-7
 2.269 2.00014e-7
 2.27 1.95083e-7
 2.271 1.9027e-7
 2.272 1.85573e-7
 2.273 1.80987e-7
 2.274 1.76512e-7
 2.275 1.72144e-7
 2.276 1.67881e-7
 2.277 1.6372e-7
 2.278 1.59659e-7
 2.279 1.55696e-7
 2.28 1.51828e-7
 2.281 1.48054e-7
 2.282 1.44371e-7
 2.283 1.40776e-7
 2.284 1.37268e-7
 2.285 1.33846e-7
 2.286 1.30506e-7
 2.287 1.27247e-7
 2.288 1.24067e-7
 2.289 1.20964e-7
 2.29 1.17936e-7
 2.291 1.14982e-7
 2.292 1.121e-7
 2.293 1.09288e-7
 2.294 1.06544e-7
 2.295 1.03867e-7
 2.296 1.01256e-7
 2.297 9.87082e-8
 2.298 9.62227e-8
 2.299 9.3798e-8
 2.3 9.14327e-8
 2.301 8.91253e-8
 2.302 8.68744e-8
 2.303 8.46788e-8
 2.304 8.2537e-8
 2.305 8.04479e-8
 2.306 7.84101e-8
 2.307 7.64225e-8
 2.308 7.44838e-8
 2.309 7.25929e-8
 2.31 7.07486e-8
 2.311 6.89499e-8
 2.312 6.71956e-8
 2.313 6.54846e-8
 2.314 6.3816e-8
 2.315 6.21887e-8
 2.316 6.06018e-8
 2.317 5.90542e-8
 2.318 5.7545e-8
 2.319 5.60733e-8
 2.32 5.46382e-8
 2.321 5.32387e-8
 2.322 5.18741e-8
 2.323 5.05436e-8
 2.324 4.92462e-8
 2.325 4.79811e-8
 2.326 4.67477e-8
 2.327 4.55451e-8
 2.328 4.43726e-8
 2.329 4.32294e-8
 2.33 4.21149e-8
 2.331 4.10283e-8
 2.332 3.9969e-8
 2.333 3.89362e-8
 2.334 3.79295e-8
 2.335 3.6948e-8
 2.336 3.59912e-8
 2.337 3.50586e-8
 2.338 3.41494e-8
 2.339 3.32632e-8
 2.34 3.23994e-8
 2.341 3.15574e-8
 2.342 3.07366e-8
 2.343 2.99367e-8
 2.344 2.9157e-8
 2.345 2.8397e-8
 2.346 2.76564e-8
 2.347 2.69345e-8
 2.348 2.6231e-8
 2.349 2.55453e-8
 2.35 2.48771e-8
 2.351 2.42259e-8
 2.352 2.35913e-8
 2.353 2.29729e-8
 2.354 2.23702e-8
 2.355 2.1783e-8
 2.356 2.12107e-8
 2.357 2.06531e-8
 2.358 2.01097e-8
 2.359 1.95803e-8
 2.36 1.90645e-8
 2.361 1.85618e-8
 2.362 1.80721e-8
 2.363 1.7595e-8
 2.364 1.71301e-8
 2.365 1.66772e-8
 2.366 1.62359e-8
 2.367 1.5806e-8
 2.368 1.53872e-8
 2.369 1.49792e-8
 2.37 1.45818e-8
 2.371 1.41946e-8
 2.372 1.38174e-8
 2.373 1.345e-8
 2.374 1.30921e-8
 2.375 1.27435e-8
 2.376 1.2404e-8
 2.377 1.20732e-8
 2.378 1.1751e-8
 2.379 1.14373e-8
 2.38 1.11316e-8
 2.381 1.0834e-8
 2.382 1.05441e-8
 2.383 1.02617e-8
 2.384 9.98674e-9
 2.385 9.71895e-9
 2.386 9.45815e-9
 2.387 9.20417e-9
 2.388 8.95683e-9
 2.389 8.71598e-9
 2.39 8.48144e-9
 2.391 8.25305e-9
 2.392 8.03066e-9
 2.393 7.81411e-9
 2.394 7.60325e-9
 2.395 7.39793e-9
 2.396 7.19803e-9
 2.397 7.00339e-9
 2.398 6.81388e-9
 2.399 6.62937e-9
 2.4 6.44974e-9
 2.401 6.27485e-9
 2.402 6.10458e-9
 2.403 5.93882e-9
 2.404 5.77745e-9
 2.405 5.62036e-9
 2.406 5.46743e-9
 2.407 5.31856e-9
 2.408 5.17364e-9
 2.409 5.03258e-9
 2.41 4.89527e-9
 2.411 4.76161e-9
 2.412 4.63151e-9
 2.413 4.50488e-9
 2.414 4.38163e-9
 2.415 4.26167e-9
 2.416 4.14491e-9
 2.417 4.03127e-9
 2.418 3.92067e-9
 2.419 3.81304e-9
 2.42 3.70829e-9
 2.421 3.60634e-9
 2.422 3.50713e-9
 2.423 3.41058e-9
 2.424 3.31663e-9
 2.425 3.2252e-9
 2.426 3.13624e-9
 2.427 3.04967e-9
 2.428 2.96543e-9
 2.429 2.88346e-9
 2.43 2.8037e-9
 2.431 2.7261e-9
 2.432 2.65059e-9
 2.433 2.57713e-9
 2.434 2.50565e-9
 2.435 2.43611e-9
 2.436 2.36846e-9
 2.437 2.30263e-9
 2.438 2.2386e-9
 2.439 2.1763e-9
 2.44 2.1157e-9
 2.441 2.05674e-9
 2.442 1.99939e-9
 2.443 1.9436e-9
 2.444 1.88933e-9
 2.445 1.83654e-9
 2.446 1.78519e-9
 2.447 1.73524e-9
 2.448 1.68666e-9
 2.449 1.6394e-9
 2.45 1.59344e-9
 2.451 1.54874e-9
 2.452 1.50526e-9
 2.453 1.46298e-9
 2.454 1.42186e-9
 2.455 1.38186e-9
 2.456 1.34296e-9
 2.457 1.30514e-9
 2.458 1.26835e-9
 2.459 1.23258e-9
 2.46 1.1978e-9
 2.461 1.16397e-9
 2.462 1.13107e-9
 2.463 1.09909e-9
 2.464 1.06799e-9
 2.465 1.03775e-9
 2.466 1.00834e-9
 2.467 9.79752e-10
 2.468 9.51954e-10
 2.469 9.24928e-10
 2.47 8.98651e-10
 2.471 8.73103e-10
 2.472 8.48266e-10
 2.473 8.24119e-10
 2.474 8.00644e-10
 2.475 7.77823e-10
 2.476 7.55638e-10
 2.477 7.34072e-10
 2.478 7.13107e-10
 2.479 6.92727e-10
 2.48 6.72917e-10
 2.481 6.53661e-10
 2.482 6.34944e-10
 2.483 6.16751e-10
 2.484 5.99067e-10
 2.485 5.8188e-10
 2.486 5.65174e-10
 2.487 5.48938e-10
 2.488 5.33157e-10
 2.489 5.17821e-10
 2.49 5.02916e-10
 2.491 4.8843e-10
 2.492 4.74353e-10
 2.493 4.60672e-10
 2.494 4.47377e-10
 2.495 4.34458e-10
 2.496 4.21904e-10
 2.497 4.09704e-10
 2.498 3.9785e-10
 2.499 3.86331e-10
 2.5 3.75138e-10
